morphological_analysis/input_data/survey/q05_9/matrix_q05_9s7.txt
north:            -537.50
south:           -1267.50
east:             2691.00
west:              -93.00
rows:                 148
cols:                 278
null:              -999.0
[rows 0 to 37 of 148, columns 84 to 167 of 278]
47.8 56.2 73.3 77.5 61.1 58.2 54.9 43.8 52.1 52.0 48.8 51.0 54.0 48.1 42.9 56.3 51.0 49.4 53.0 50.2 49.3 46.5 42.0 56.8 51.9 51.3 49.8 54.6 52.0 55.5 55.5 54.0 61.8 62.1 61.0 64.3 62.9 61.4 62.7 58.4 55.4 56.2 59.3 55.3 60.7 56.8 54.2 58.2 52.3 51.1 47.2 52.1 51.9 54.7 56.9 61.5 57.1 63.7 61.2 65.1 69.8 63.8 56.5 58.4 56.4 54.7 57.9 62.4 60.1 60.8 60.0 67.3 60.6 60.8 64.0 66.0 64.4 61.9 63.9 58.4 59.2 69.2 64.9 61.6
43.9 54.9 74.9 77.7 61.0 58.2 54.6 43.8 52.1 52.1 49.3 51.7 54.4 48.2 44.3 56.3 51.1 49.6 53.0 50.2 48.5 46.1 43.2 56.8 52.6 51.5 51.4 54.5 52.2 55.5 58.0 53.9 61.5 62.1 61.0 64.3 64.5 61.5 63.5 58.4 54.9 56.2 58.8 55.6 60.4 56.9 54.1 58.2 53.6 51.2 47.4 53.9 52.7 56.0 57.0 61.5 56.8 63.8 61.8 65.0 69.4 63.8 56.6 58.5 55.4 54.7 59.0 62.2 60.5 61.5 59.5 67.1 61.9 61.4 64.2 66.4 62.7 62.3 63.2 58.2 60.1 69.3 65.2 62.2
63.3 88.7 113.7 108.2 78.9 60.7 58.1 43.3 52.2 55.2 52.0 52.0 54.4 49.4 45.8 60.4 52.7 53.0 53.8 50.2 50.0 47.9 43.5 56.8 54.8 54.0 52.0 54.8 53.2 55.7 55.1 54.4 62.8 62.6 62.4 64.3 63.1 59.9 62.6 62.4 55.2 57.5 60.0 56.9 64.2 57.9 54.5 58.2 55.1 53.8 48.8 54.6 58.5 60.0 56.4 61.3 58.4 63.8 63.1 66.6 72.5 65.4 58.7 60.1 57.9 55.5 58.6 62.2 61.1 64.3 60.8 67.1 62.6 63.0 65.7 68.0 67.4 62.5 65.3 61.6 59.5 71.3 66.5 63.7
109.5 118.3 120.1 120.7 118.7 65.7 59.7 42.0 55.0 57.0 54.1 52.6 56.4 50.7 46.7 62.1 54.6 54.0 55.5 51.7 52.6 49.5 45.8 56.7 55.9 55.9 55.2 53.8 53.5 56.9 60.2 52.3 62.7 63.4 63.5 64.4 63.0 58.7 64.9 64.2 57.4 58.8 61.3 59.1 64.6 61.3 54.1 58.3 58.2 58.1 56.2 76.1 58.8 110.3 58.6 62.3 59.5 64.5 63.7 68.1 72.7 66.4 60.3 63.8 59.3 58.9 61.1 61.4 63.9 66.8 61.0 67.8 64.4 65.5 67.7 68.8 68.3 64.4 69.1 62.2 60.2 73.7 71.1 65.0
115.4 121.9 120.3 119.8 119.1 117.0 73.1 47.2 55.9 58.7 56.6 56.7 57.6 54.5 50.0 63.8 58.1 55.0 57.7 53.1 53.7 52.2 46.2 56.4 59.5 58.3 57.5 57.1 53.0 58.3 60.9 54.9 58.1 65.0 62.6 64.7 67.3 58.3 64.9 65.9 58.5 63.7 62.7 61.5 67.7 63.4 56.2 61.6 60.9 69.8 84.4 117.2 115.6 112.0 86.8 66.6 64.2 64.7 66.0 70.4 75.2 70.2 63.8 65.1 61.5 60.4 63.1 63.5 65.4 68.4 63.7 70.5 65.6 68.1 71.0 71.1 70.8 66.0 68.7 65.2 61.9 74.5 71.1 67.1
119.5 121.2 120.1 120.2 119.3 119.4 115.2 55.9 56.7 60.3 57.4 59.7 58.9 57.0 53.3 67.8 61.2 56.6 60.2 55.0 55.4 54.3 47.9 58.2 64.0 61.3 59.8 58.5 54.4 59.2 65.0 58.0 59.5 68.0 67.2 66.6 68.6 60.2 67.3 71.5 61.1 65.9 64.2 66.3 70.0 66.1 58.1 62.8 59.8 81.0 117.7 120.7 112.8 118.6 110.7 85.8 66.9 66.3 68.5 71.9 76.4 72.5 66.7 67.6 63.6 61.8 62.3 64.7 68.1 71.0 65.0 70.4 69.4 69.6 71.0 74.4 72.7 67.7 71.1 67.8 64.3 75.9 72.0 69.6
120.9 121.5 121.0 120.4 119.8 121.9 121.7 117.3 71.0 64.9 59.4 62.4 58.1 59.5 55.0 72.9 60.8 61.4 61.7 60.2 58.6 59.6 51.7 61.8 64.9 64.5 60.5 61.7 54.8 60.5 68.1 59.8 62.5 71.2 71.9 68.4 72.1 61.6 66.3 71.8 63.8 66.3 66.5 68.8 70.4 68.1 58.9 62.7 84.2 111.3 121.9 120.9 119.1 118.5 116.6 97.7 71.7 68.3 71.1 72.1 77.4 74.7 68.2 70.0 67.1 65.8 67.0 64.6 69.9 73.1 66.7 70.6 72.9 73.1 74.1 77.4 76.6 71.1 73.5 72.2 64.3 78.3 75.4 71.3
122.6 121.5 120.7 119.2 120.6 122.8 126.4 119.1 114.4 89.4 91.3 75.4 70.0 66.6 57.4 82.7 64.0 70.0 62.1 66.8 57.6 68.7 55.8 68.2 69.4 69.6 61.4 64.6 56.3 63.0 68.6 66.5 66.2 75.1 73.2 72.3 73.5 64.3 64.8 74.2 67.3 70.3 67.6 71.4 72.7 70.3 60.5 79.2 102.2 118.2 121.7 120.7 120.9 118.9 119.2 114.0 84.0 71.0 71.1 76.2 80.8 77.7 71.7 73.1 68.9 69.7 66.6 67.0 70.7 76.5 71.8 71.9 73.7 74.9 75.0 78.1 77.4 73.1 75.4 73.8 65.6 79.8 77.4 72.6
123.5 121.9 120.6 120.9 118.4 123.4 126.2 122.1 122.2 117.1 117.8 115.6 120.8 116.2 119.1 110.4 117.2 113.4 106.1 110.8 114.1 119.5 112.3 83.8 107.2 82.0 81.3 70.9 64.0 76.9 69.7 73.8 68.1 111.4 76.8 82.3 72.1 89.5 66.4 86.6 68.5 76.6 69.3 84.9 96.0 88.0 94.4 103.1 113.4 121.6 122.6 120.7 122.2 120.0 121.8 123.7 92.9 80.7 87.3 96.9 85.3 89.2 84.7 93.9 80.1 81.6 74.3 74.2 73.9 82.0 72.7 82.7 75.6 82.3 76.1 80.7 79.6 75.1 78.8 78.2 67.1 81.4 78.8 76.2
123.5 121.8 121.2 120.2 122.0 123.1 122.7 124.0 124.8 123.9 120.5 122.6 122.0 120.2 122.2 118.9 121.4 123.1 120.3 119.7 119.9 118.4 119.5 120.0 119.6 118.6 113.9 117.0 101.2 119.3 118.5 119.8 120.8 119.4 122.1 117.2 119.4 122.4 117.1 119.4 121.0 119.3 120.6 117.9 118.8 118.4 110.0 116.7 119.8 123.3 122.7 121.2 122.7 119.3 122.8 125.0 121.1 116.9 119.7 119.6 119.5 116.2 110.5 118.1 119.5 116.4 117.2 111.9 113.1 107.0 112.5 106.3 109.9 98.6 104.5 88.5 102.0 83.7 81.4 93.1 79.7 85.4 83.0 87.4
123.3 122.7 120.6 120.7 120.3 121.6 124.1 124.2 124.9 124.5 123.0 123.8 123.5 122.2 123.5 120.9 123.1 124.3 121.1 122.0 122.7 122.2 122.3 123.1 122.4 123.6 121.6 123.2 117.6 122.2 123.9 124.1 121.1 122.4 123.4 120.1 121.2 123.2 119.2 123.3 122.8 122.1 122.9 121.5 121.5 122.2 122.2 121.8 124.3 124.2 121.1 120.5 122.4 120.3 121.1 126.6 125.9 125.3 122.3 120.7 121.9 120.8 123.8 121.8 121.3 121.8 119.9 120.4 118.8 119.4 121.6 120.1 120.7 119.4 119.1 118.9 119.6 117.2 119.2 119.5 106.4 115.6 107.4 116.2
123.4 122.3 121.8 121.0 120.9 123.1 122.7 124.4 126.0 124.6 123.4 125.6 123.3 121.3 122.3 121.9 122.6 123.9 122.8 123.8 124.2 122.9 123.7 123.1 121.4 125.2 123.6 124.2 123.9 122.0 124.1 124.1 123.9 122.6 123.2 121.7 122.3 123.3 123.1 123.2 123.6 122.7 123.5 123.3 121.7 121.1 122.9 124.9 124.8 124.2 121.3 121.0 126.0 120.6 121.6 126.2 126.1 125.1 124.1 122.2 122.1 121.6 122.9 121.7 121.8 121.8 120.9 119.8 119.9 120.9 121.7 122.5 122.1 121.4 121.6 119.4 120.1 120.0 123.2 118.8 120.1 119.8 118.7 118.9
122.6 119.8 119.5 119.9 120.8 121.2 120.0 122.9 124.0 123.8 120.6 123.9 121.2 120.6 123.0 123.6 121.8 123.6 121.0 122.6 122.1 121.5 122.8 122.8 123.0 123.8 123.5 124.6 124.1 122.7 122.8 123.7 122.6 122.8 121.7 121.6 123.7 123.4 122.8 123.2 122.6 123.5 123.3 122.7 121.4 122.5 123.0 125.3 124.8 123.7 121.3 121.4 121.7 120.8 122.8 126.7 126.3 124.4 121.8 122.4 121.9 120.8 120.6 121.6 120.8 122.4 121.2 119.6 120.7 121.1 121.4 122.8 122.5 121.3 121.3 120.2 120.8 119.8 119.0 120.4 120.5 120.2 119.1 118.9
115.7 109.5 116.9 113.0 116.0 111.6 119.3 118.5 121.6 120.1 111.2 119.4 114.2 116.3 122.7 120.7 121.6 121.3 119.7 119.8 121.8 122.1 120.8 122.9 123.7 123.1 122.9 122.1 125.4 122.6 124.0 122.2 124.4 121.4 123.2 120.1 122.1 122.4 122.7 122.0 120.4 121.2 121.7 122.9 123.2 122.3 123.8 126.2 124.4 123.9 120.2 119.9 122.1 120.0 122.3 125.1 127.3 125.2 121.7 121.8 122.6 117.3 122.2 118.8 118.6 121.9 119.0 119.0 120.4 120.9 121.6 121.2 122.4 121.8 121.1 121.6 119.5 119.8 119.6 121.8 120.8 118.2 116.8 120.7
77.8 76.3 78.3 75.2 70.7 67.9 64.3 109.2 96.8 72.3 60.6 95.7 68.0 113.0 119.6 110.5 117.2 81.3 119.2 113.8 120.6 118.1 121.4 120.7 120.2 118.4 120.9 120.3 122.6 120.3 124.1 114.8 122.7 105.2 122.9 106.1 122.5 114.7 117.3 111.1 121.8 115.3 122.0 105.3 122.7 115.2 123.2 121.0 123.7 119.8 121.1 113.5 121.4 117.8 121.3 122.4 122.5 117.8 120.6 114.6 117.1 104.7 117.9 106.0 119.5 115.8 119.9 103.2 122.2 118.7 120.1 120.9 121.0 121.4 120.0 118.8 118.6 118.1 119.5 119.5 119.9 117.4 116.4 117.0
77.4 74.3 73.6 73.2 71.0 64.8 66.5 64.5 56.5 60.6 55.6 60.7 61.2 64.6 62.4 64.8 85.8 66.8 63.6 89.9 65.6 89.5 75.8 113.8 114.3 107.4 116.6 86.3 119.4 116.5 95.9 83.5 76.7 76.7 78.2 80.4 76.1 80.9 90.3 80.0 76.9 79.7 77.0 76.3 82.1 75.9 80.5 76.2 88.0 97.0 65.6 65.1 60.8 101.5 112.1 104.8 93.9 85.8 69.1 72.7 73.8 71.0 69.4 73.1 70.0 76.9 73.7 80.6 69.9 110.9 102.7 113.2 117.6 113.6 114.9 110.6 118.0 98.6 117.1 111.7 93.8 78.8 111.0 114.2
76.8 76.5 73.4 72.9 68.3 64.3 64.0 62.3 60.7 60.8 57.8 55.0 60.1 61.7 63.8 63.1 67.7 63.3 63.1 62.6 61.4 63.8 60.5 58.8 60.1 64.8 64.0 70.5 71.4 75.3 75.2 76.5 78.6 76.5 78.2 77.8 77.2 75.3 78.8 76.7 76.9 77.2 76.6 73.3 71.4 70.3 68.1 70.1 67.0 67.2 65.4 66.2 61.1 63.2 68.2 71.4 65.8 68.4 70.2 68.3 68.8 68.3 67.5 67.7 69.8 72.4 69.7 69.2 72.5 73.1 72.1 73.0 73.1 73.5 74.8 76.8 75.9 76.1 79.1 80.8 82.3 76.5 76.2 78.0
77.7 77.1 76.1 72.0 71.2 64.9 64.5 61.7 63.1 60.2 58.5 58.3 62.7 62.8 62.6 63.5 62.9 62.8 64.0 61.2 61.8 60.1 58.1 58.6 57.9 60.4 65.4 68.8 68.8 73.5 73.0 76.7 76.0 77.1 79.7 77.1 76.3 76.9 76.0 77.5 78.0 76.9 76.2 73.4 70.2 70.2 67.0 66.7 68.8 66.1 65.1 64.8 61.7 60.4 65.6 67.2 67.9 68.7 69.6 68.3 68.9 67.6 66.0 68.1 69.2 69.1 69.9 70.0 70.3 69.6 70.6 72.5 74.2 72.4 74.5 71.4 75.2 74.1 81.3 76.0 76.9 76.0 74.3 72.8
76.0 75.4 74.6 72.5 66.2 64.5 65.2 61.4 62.9 60.5 58.8 59.1 59.6 63.6 65.0 62.3 63.0 63.9 61.0 63.3 61.0 59.2 58.8 58.8 58.4 60.4 62.4 67.1 69.0 72.0 75.4 74.5 77.7 77.8 78.3 76.6 76.3 78.3 77.6 78.7 76.9 76.4 77.8 76.4 72.6 70.3 66.3 68.4 66.4 66.4 65.0 63.1 62.3 63.5 64.8 66.6 66.9 68.6 70.4 68.9 67.3 68.4 66.9 66.3 68.7 69.9 69.0 69.5 69.3 70.2 73.7 72.8 72.8 72.4 72.5 70.7 74.5 72.5 77.8 73.4 75.3 76.4 74.2 72.5
76.8 76.5 74.3 71.0 63.9 66.1 66.2 63.5 66.5 62.9 61.4 61.9 64.7 64.2 64.3 63.6 63.2 64.7 62.3 61.9 60.5 59.1 59.2 60.8 59.2 61.5 64.6 66.1 73.3 70.8 73.9 75.5 77.0 77.8 77.3 76.3 77.0 78.4 79.0 76.9 78.8 77.4 77.6 77.1 73.1 70.3 70.9 68.7 68.1 67.8 65.5 63.0 64.0 64.8 67.7 66.7 66.9 68.6 68.0 70.4 69.5 68.5 66.0 68.4 69.6 70.4 68.5 69.2 68.6 69.7 70.1 72.1 70.7 72.5 71.8 71.6 71.5 74.0 76.4 70.9 77.2 74.5 74.5 72.6
76.4 76.0 73.2 68.4 63.9 69.7 68.1 65.2 67.2 68.6 64.2 63.0 64.7 64.5 64.4 64.8 63.9 63.7 61.6 61.4 60.4 59.1 57.6 62.7 59.9 62.7 62.9 66.4 72.0 71.2 73.0 75.8 76.3 76.1 77.9 76.7 78.5 78.8 77.1 77.5 77.7 78.8 78.1 76.5 77.5 74.8 71.0 70.4 68.4 69.1 66.6 65.1 63.5 65.8 67.5 67.4 69.8 68.5 68.1 68.6 69.3 68.0 68.1 69.5 69.6 70.3 70.2 69.6 69.4 71.0 69.2 70.6 72.0 72.7 70.5 71.7 72.6 74.7 73.7 74.9 76.4 73.8 73.9 74.0
75.3 74.0 70.8 67.7 67.6 71.2 66.9 66.8 71.2 71.2 68.9 63.7 65.2 65.9 68.1 65.3 64.4 63.4 61.4 60.8 59.1 59.6 61.8 62.4 62.1 63.7 64.9 69.3 71.3 71.0 74.7 75.1 77.0 77.6 77.1 77.1 76.7 81.3 79.9 79.1 78.4 79.1 77.8 77.2 76.8 75.7 71.2 73.2 74.6 71.9 69.5 66.8 67.9 67.4 69.1 67.8 67.8 67.6 69.8 70.6 69.8 69.4 67.5 69.9 69.1 70.7 68.8 69.9 68.5 70.4 72.6 72.6 71.7 73.0 70.4 71.4 72.9 74.3 75.7 76.3 75.0 74.3 71.1 72.6
74.5 72.7 70.3 67.6 71.3 72.8 66.1 68.4 72.8 73.0 72.4 68.4 67.1 67.0 65.2 63.8 61.0 62.8 60.2 59.2 58.5 58.3 58.8 64.4 62.3 66.2 67.7 68.9 71.3 70.7 72.6 74.2 75.1 76.8 79.2 75.7 79.1 82.7 79.1 80.1 78.4 79.2 79.3 78.1 76.8 76.8 77.1 75.0 74.6 73.1 71.8 68.8 69.4 69.5 71.7 67.8 67.5 68.2 70.3 70.8 69.5 68.7 68.8 70.3 72.2 71.7 69.1 69.7 70.9 71.7 71.1 73.6 71.2 70.6 71.8 71.2 73.2 72.8 74.4 76.9 73.4 75.8 72.2 75.2
74.0 73.0 68.1 67.3 71.9 72.9 67.3 68.4 72.6 74.5 71.2 70.1 66.7 67.2 62.7 63.9 62.1 63.8 60.9 59.1 57.7 59.9 59.9 62.9 65.9 67.7 69.6 68.2 70.9 72.6 73.2 74.4 76.3 77.0 76.1 76.3 79.2 82.8 77.7 80.4 80.6 80.4 78.4 81.1 76.2 77.4 76.1 73.5 73.1 73.8 71.1 70.7 71.6 68.2 71.7 69.1 70.3 70.1 71.6 72.6 69.5 68.5 71.5 72.2 72.0 71.4 69.5 70.3 68.7 71.9 69.5 71.4 71.3 69.0 71.3 71.7 73.0 72.5 74.5 76.9 73.7 74.3 72.1 72.9
73.6 68.9 66.6 71.2 70.1 72.6 66.4 69.2 72.1 75.2 71.7 70.5 66.4 66.5 66.5 66.2 65.2 65.0 63.4 59.9 60.2 60.0 61.4 65.3 66.7 69.6 69.8 67.6 70.2 71.9 72.6 74.4 75.7 76.2 77.6 77.0 79.3 81.6 79.5 80.2 81.5 79.5 79.6 78.9 77.1 79.4 76.7 74.2 76.6 72.8 69.9 71.8 71.8 69.2 71.3 70.8 72.5 71.7 72.8 72.6 72.9 71.4 70.1 73.4 71.1 72.0 70.7 71.7 69.8 72.7 72.6 70.9 71.6 70.4 71.0 71.3 72.8 72.0 75.5 73.8 75.7 75.8 73.0 71.2
73.6 68.5 67.5 73.4 72.8 69.2 65.9 70.7 74.5 74.5 75.2 69.5 68.7 68.5 70.3 67.8 66.1 68.1 63.8 62.6 58.4 62.8 63.7 66.0 68.3 70.6 70.8 68.9 68.4 72.2 73.2 75.7 76.6 76.1 77.6 76.8 77.3 79.8 79.6 79.5 79.4 80.2 80.1 80.4 75.2 78.4 77.0 75.6 76.7 72.3 72.5 73.1 74.5 69.3 69.8 72.3 74.0 72.9 72.7 72.7 72.7 72.5 72.1 72.8 73.4 73.1 71.4 71.1 71.5 74.1 71.2 71.6 71.9 73.0 72.4 71.9 72.4 73.2 70.2 73.7 74.9 74.9 73.4 71.7
71.3 69.4 69.2 74.7 72.4 68.5 71.4 70.7 74.8 76.8 77.3 69.7 68.9 69.6 73.4 72.0 71.3 71.3 67.0 64.0 62.1 66.2 70.0 68.6 69.6 71.5 70.3 70.3 67.6 72.7 73.9 75.6 77.2 76.5 78.1 76.8 78.4 78.5 81.0 79.3 79.1 79.8 79.2 80.5 77.0 77.9 77.6 76.4 76.4 72.9 73.2 74.7 75.4 69.9 75.2 73.6 75.6 73.6 72.9 73.0 72.0 73.4 73.4 72.7 73.1 74.8 71.8 72.4 71.5 73.0 72.4 72.1 75.7 71.7 74.3 71.8 72.5 73.4 70.2 73.9 74.9 76.0 74.4 72.7
70.4 71.4 73.2 75.3 73.9 68.9 71.9 74.8 75.1 77.7 79.8 70.1 67.8 71.1 75.4 72.2 71.8 74.6 68.9 66.4 68.1 69.9 74.0 70.5 71.7 71.5 71.9 71.5 69.8 73.2 73.9 76.8 78.6 76.8 76.4 76.8 78.5 78.8 79.0 80.4 81.1 79.4 79.8 80.4 78.3 78.1 76.5 77.4 77.4 72.8 73.6 75.0 77.1 72.9 75.4 75.1 75.5 74.9 74.5 74.4 74.6 74.4 76.0 74.6 74.8 75.6 74.9 73.6 72.6 74.1 77.2 72.9 72.9 73.4 71.2 73.1 72.2 74.2 74.5 74.1 74.7 73.9 74.5 73.8
69.9 69.9 74.6 75.2 73.0 69.2 72.9 77.5 78.4 76.9 77.4 70.0 68.4 72.0 72.9 74.4 74.5 74.0 69.9 70.8 73.8 72.9 74.3 72.5 74.1 73.2 71.5 70.1 71.8 73.7 75.4 75.2 75.6 76.8 76.5 76.6 79.4 80.6 79.6 80.1 80.1 79.9 80.9 79.9 80.6 77.5 77.2 77.9 74.9 72.9 73.8 77.1 75.9 74.7 76.2 74.3 73.4 76.6 76.2 77.5 76.6 76.7 74.2 75.6 75.6 76.6 76.9 74.7 74.6 76.1 74.6 76.1 74.8 73.4 70.3 73.2 73.2 74.5 74.9 75.2 74.5 74.9 70.7 74.3
68.4 73.3 75.9 75.0 73.2 70.0 73.9 78.5 77.2 76.1 73.0 68.2 71.1 71.3 72.8 74.8 75.7 75.8 67.6 74.2 72.0 75.3 78.9 74.7 72.6 73.4 70.5 75.2 72.1 74.8 75.2 75.7 77.7 76.1 77.5 75.9 75.9 78.1 79.9 79.8 81.3 81.5 79.2 79.2 78.7 76.5 78.1 76.4 76.0 72.7 73.3 77.9 77.8 75.5 73.8 74.4 74.9 75.1 74.8 77.8 76.3 77.1 77.2 77.3 77.1 77.7 77.8 76.7 76.7 76.9 75.6 78.7 76.3 74.2 74.6 74.5 74.5 73.3 75.9 76.4 74.8 74.7 70.5 74.2
71.3 75.9 76.3 74.1 72.7 70.4 73.4 77.0 77.1 73.9 71.9 71.6 68.6 70.7 75.5 74.7 75.9 77.9 71.9 75.1 73.0 75.3 78.1 76.8 72.8 74.1 74.1 77.1 73.5 76.5 76.7 75.9 75.6 76.3 76.1 75.8 77.2 77.4 80.1 81.5 80.3 80.1 79.5 78.4 79.9 76.1 77.4 76.1 76.7 73.7 76.6 77.3 76.4 75.6 76.7 75.9 76.0 76.5 76.6 76.5 78.0 77.6 78.3 78.0 75.9 79.4 79.1 79.7 79.4 76.9 76.4 79.5 76.6 76.8 75.9 75.0 72.4 73.7 76.0 75.3 77.7 75.0 73.4 74.8
71.3 77.9 78.6 75.8 73.5 71.2 75.1 77.8 74.3 75.7 75.3 73.6 70.9 73.0 75.7 76.5 76.0 77.1 70.9 75.5 74.2 77.1 77.2 78.1 75.0 74.6 75.4 77.5 74.7 76.0 76.0 76.1 77.5 76.6 74.4 75.6 78.1 79.6 79.6 80.6 80.4 79.5 80.4 78.9 76.4 76.5 77.6 75.4 77.7 74.6 76.3 78.6 79.2 77.6 78.4 75.9 77.9 77.4 76.8 78.4 80.3 79.3 81.0 80.4 79.6 79.6 80.8 80.3 79.3 76.9 78.5 80.3 79.1 78.1 79.2 74.2 75.4 75.7 75.7 76.1 76.7 77.5 77.3 75.3
74.9 78.7 75.5 75.4 72.4 71.7 76.3 75.4 70.5 77.7 73.8 74.6 73.8 73.5 79.8 77.6 76.5 75.6 72.2 75.8 75.0 77.3 78.1 78.2 75.8 75.1 75.4 78.1 78.4 75.6 76.0 76.3 77.1 76.5 75.9 76.4 77.6 81.0 79.5 80.7 81.1 79.3 79.7 79.7 77.5 77.7 75.7 74.6 75.8 74.9 74.8 78.3 79.5 78.6 80.8 78.0 77.8 80.0 77.4 78.8 78.9 80.2 80.1 82.3 78.2 83.9 80.9 80.2 79.7 78.2 80.2 80.8 80.4 79.5 80.5 75.0 76.3 75.5 75.5 75.2 75.9 76.4 78.1 76.0
80.4 79.0 78.1 73.6 73.4 72.5 75.9 75.5 76.5 79.7 73.5 75.1 70.6 74.1 78.0 78.4 78.0 74.7 74.4 76.2 75.3 78.1 80.0 79.5 74.5 76.2 74.3 77.7 77.8 75.9 77.4 76.5 77.9 76.6 78.6 77.4 76.6 79.1 79.4 81.2 81.9 79.6 78.6 78.9 76.7 78.1 73.9 75.0 77.5 75.9 77.5 78.2 79.2 79.7 80.8 79.7 80.6 81.3 79.6 79.0 80.7 78.7 81.0 80.8 80.8 82.9 80.7 80.7 79.1 80.4 82.0 80.9 79.5 81.4 83.1 77.4 76.8 76.1 75.0 76.0 78.6 75.8 79.2 77.5
77.7 78.5 74.7 76.2 73.9 77.1 76.2 76.3 80.6 81.5 73.8 74.5 72.7 74.5 78.8 77.9 78.6 74.2 74.0 74.7 75.6 77.6 79.2 77.9 72.2 75.1 75.6 77.7 77.9 76.1 76.1 77.0 80.0 76.7 77.7 76.7 77.3 82.3 79.6 80.0 81.3 80.5 78.9 78.8 76.8 78.2 75.9 75.0 75.7 75.9 78.2 79.9 80.3 79.7 81.2 81.1 82.0 82.6 82.5 80.7 81.9 80.2 79.4 82.8 81.3 83.1 82.5 82.5 80.1 82.5 80.0 81.3 81.9 82.9 80.6 78.3 77.6 77.3 75.8 75.9 78.9 75.8 77.6 77.6
79.6 76.1 75.0 76.7 73.6 77.5 76.3 80.8 81.5 79.7 73.6 75.6 75.5 75.0 79.2 77.7 76.0 75.2 73.9 77.2 79.3 78.9 80.6 77.9 72.1 73.3 74.6 79.6 78.0 76.4 76.7 78.4 78.1 76.3 77.9 75.9 78.7 80.4 80.2 80.3 80.6 79.0 78.8 78.5 78.6 78.1 80.7 73.4 76.1 77.7 78.4 80.7 80.5 80.7 83.1 82.5 84.4 82.0 81.7 82.8 81.5 81.5 80.9 81.7 82.0 83.8 83.1 82.6 81.7 81.1 82.6 83.0 84.0 83.8 77.5 79.1 78.4 78.7 76.2 76.6 77.7 77.3 79.4 78.0
76.0 77.9 74.1 74.9 73.8 78.0 80.6 80.7 82.5 78.4 72.6 73.5 74.8 76.4 77.3 77.1 75.3 76.1 73.9 76.9 76.3 79.5 79.6 77.9 70.1 72.1 73.6 78.8 76.8 75.9 79.2 77.9 78.0 78.4 76.9 77.9 77.5 79.0 79.6 80.6 81.0 78.4 78.7 79.6 78.5 78.1 82.5 74.4 78.0 78.5 79.7 80.7 80.5 82.1 84.9 82.5 83.7 82.6 80.7 84.0 82.5 80.7 81.1 81.7 81.8 83.8 82.6 81.8 80.5 80.4 84.4 83.0 83.2 83.9 80.4 80.2 79.1 78.7 80.2 77.2 76.8 78.1 79.0 77.9
78.6 77.1 74.5 74.0 75.0 79.2 82.4 81.8 83.2 78.2 74.2 74.4 74.9 76.5 73.2 78.7 76.7 76.8 77.4 78.2 75.6 79.9 80.0 75.6 70.5 70.6 69.1 76.0 78.6 75.2 79.1 78.2 79.2 77.8 77.1 78.7 77.3 77.3 81.1 79.5 82.0 80.2 78.6 79.3 77.5 78.7 80.9 74.8 78.0 78.7 79.6 80.9 81.8 82.2 83.6 83.5 82.5 82.9 81.5 83.4 83.4 83.3 81.4 81.8 82.6 83.9 82.3 84.7 81.0 79.8 81.6 83.3 83.4 83.7 84.0 81.3 80.1 79.3 81.6 77.4 78.7 78.0 77.4 79.3
