morphological_analysis/input_data/survey/q05_9/matrix_q05_9s7.txt
north:            -537.50
south:           -1267.50
east:             2691.00
west:              -93.00
rows:                 148
cols:                 278
null:              -999.0
[rows 0 to 37 of 148, columns 0 to 83 of 278]
78.3 68.3 63.7 60.1 58.0 60.5 59.5 60.6 62.9 65.5 64.9 69.1 70.0 69.7 71.2 69.1 66.1 66.0 66.5 64.7 62.5 59.3 61.9 61.1 56.6 56.2 55.9 56.7 56.0 55.9 54.9 55.4 58.2 66.1 81.2 99.9 112.4 -999.0 -999.0 -999.0 113.3 96.9 72.1 56.6 52.9 49.5 44.1 46.2 42.2 49.5 48.3 49.5 54.6 51.7 50.5 59.6 50.9 42.9 50.0 46.4 56.8 57.2 59.3 59.1 57.9 61.0 63.5 64.2 42.9 58.3 58.3 58.8 50.7 54.9 56.4 53.3 49.8 55.6 51.2 46.9 54.6 52.5 51.7 50.7
74.2 68.0 62.1 60.5 56.3 60.9 59.1 61.1 62.4 65.0 64.1 68.5 70.5 69.8 71.9 68.0 66.3 65.5 66.7 65.5 62.3 59.9 61.3 61.2 55.9 56.6 55.8 57.5 54.8 55.4 53.7 55.5 59.3 65.1 82.3 99.6 112.4 -999.0 -999.0 -999.0 113.3 95.7 72.9 57.0 52.9 49.9 42.0 46.1 42.6 49.6 49.5 49.5 54.4 51.6 51.0 59.7 51.2 43.1 50.2 46.4 55.4 57.2 58.6 59.1 58.4 60.9 63.2 64.2 39.9 58.3 57.9 58.8 51.7 55.0 55.8 53.2 48.4 55.6 51.3 46.8 56.3 52.6 52.1 51.4
93.8 80.9 79.7 77.4 75.8 76.6 78.8 77.6 85.3 81.0 85.0 85.5 86.4 84.2 85.6 84.7 84.9 81.4 79.2 79.2 78.7 76.5 76.0 71.2 70.5 70.8 71.2 70.1 72.0 72.7 71.7 68.6 70.0 80.5 97.3 111.4 112.4 -999.0 -999.0 -999.0 113.3 111.5 93.5 69.2 64.4 58.5 51.9 51.5 47.4 51.2 48.3 52.3 55.6 53.1 53.9 58.2 52.1 46.2 50.6 47.9 59.2 59.2 60.4 59.5 58.8 63.6 69.1 64.2 41.8 58.6 59.9 56.4 51.4 55.9 59.4 55.7 53.8 56.2 52.7 47.9 54.9 54.7 53.5 54.4
89.9 81.6 74.3 94.8 96.4 93.2 97.3 94.9 77.9 96.7 78.7 98.5 100.8 95.3 98.9 96.3 97.4 97.1 101.2 96.2 97.4 93.1 96.0 90.2 91.0 90.4 92.8 90.7 94.4 91.6 90.7 91.1 92.0 91.5 107.8 112.0 112.4 -999.0 -999.0 -999.0 113.3 112.2 106.8 89.2 78.4 73.4 64.1 64.8 57.6 58.2 52.8 56.9 58.6 54.9 54.4 61.0 53.9 49.6 52.2 49.7 60.7 59.8 62.1 61.6 62.5 66.0 65.3 63.8 42.6 59.0 60.3 56.9 56.1 58.7 62.6 57.3 56.0 56.5 54.7 50.1 55.6 55.7 54.4 75.6
93.8 -999.0 79.7 95.7 92.6 93.9 93.8 95.6 85.3 97.5 85.1 99.0 97.9 95.7 96.5 97.0 95.3 97.8 96.7 97.0 93.5 93.7 92.0 91.0 87.0 104.9 88.5 91.7 90.2 108.7 109.2 106.9 108.4 100.9 105.7 -999.0 -999.0 -999.0 -999.0 -999.0 -999.0 -999.0 116.1 105.9 97.4 87.3 89.1 83.9 77.2 69.8 73.4 67.2 62.1 58.4 56.5 62.2 58.4 52.3 50.9 50.7 62.6 61.1 63.3 62.7 65.4 66.9 66.6 65.1 46.2 60.2 62.6 55.5 57.0 60.0 58.6 61.1 55.1 58.5 57.0 53.3 56.5 58.7 90.7 103.9
-999.0 -999.0 -999.0 -999.0 96.5 -999.0 97.4 -999.0 -999.0 -999.0 -999.0 -999.0 100.8 -999.0 99.0 -999.0 97.6 -999.0 101.2 -999.0 97.4 -999.0 96.0 -999.0 91.0 105.6 92.8 -999.0 94.5 109.4 105.8 107.6 105.4 101.6 107.8 -999.0 -999.0 -999.0 -999.0 -999.0 -999.0 -999.0 114.5 114.7 110.9 102.3 106.2 103.9 101.6 94.8 104.0 97.6 94.6 88.2 82.6 71.4 70.0 67.4 57.5 58.3 62.0 67.1 64.0 66.3 66.3 69.4 66.9 68.2 55.1 65.4 62.2 61.7 59.4 63.3 63.6 62.4 64.2 71.5 64.7 64.8 71.3 86.1 98.3 113.6
-999.0 -999.0 -999.0 -999.0 -999.0 -999.0 -999.0 -999.0 -999.0 -999.0 -999.0 -999.0 -999.0 -999.0 -999.0 -999.0 -999.0 -999.0 -999.0 -999.0 -999.0 -999.0 -999.0 -999.0 -999.0 -999.0 -999.0 -999.0 -999.0 -999.0 109.3 -999.0 108.5 -999.0 -999.0 -999.0 -999.0 -999.0 -999.0 -999.0 -999.0 -999.0 116.2 115.0 108.2 102.9 102.8 114.8 96.8 118.2 120.4 116.6 118.1 110.8 111.3 105.3 106.1 98.4 107.0 101.9 102.5 95.9 97.9 87.4 86.5 83.2 83.8 84.2 93.2 94.8 96.5 91.3 96.0 89.1 95.8 97.0 100.1 94.7 99.8 96.6 102.1 107.2 109.6 118.5
-999.0 -999.0 -999.0 -999.0 -999.0 -999.0 -999.0 -999.0 -999.0 -999.0 -999.0 -999.0 -999.0 -999.0 -999.0 -999.0 -999.0 -999.0 -999.0 -999.0 -999.0 -999.0 -999.0 -999.0 -999.0 -999.0 -999.0 -999.0 -999.0 -999.0 -999.0 -999.0 -999.0 -999.0 -999.0 -999.0 -999.0 -999.0 -999.0 -999.0 -999.0 -999.0 -999.0 -999.0 110.9 -999.0 106.2 115.5 101.6 119.7 117.2 117.6 113.7 112.2 122.2 120.4 121.7 120.8 122.6 121.6 124.7 120.7 122.4 117.4 119.1 112.6 117.7 114.9 118.0 120.9 120.8 120.0 118.8 121.3 118.6 117.8 117.0 117.0 118.7 115.0 118.9 117.7 119.7 122.4
72.8 -999.0 -999.0 -999.0 -999.0 -999.0 -999.0 -999.0 -999.0 -999.0 -999.0 -999.0 -999.0 -999.0 -999.0 -999.0 -999.0 -999.0 -999.0 -999.0 -999.0 -999.0 -999.0 -999.0 -999.0 -999.0 -999.0 -999.0 -999.0 -999.0 -999.0 -999.0 -999.0 -999.0 -999.0 -999.0 -999.0 -999.0 -999.0 -999.0 -999.0 -999.0 -999.0 -999.0 -999.0 -999.0 -999.0 -999.0 -999.0 -999.0 120.4 -999.0 118.2 -999.0 120.7 122.1 118.7 122.8 122.5 122.2 122.3 125.1 121.6 124.6 124.1 121.8 124.5 122.0 121.4 123.4 123.0 124.7 123.6 122.7 122.5 122.3 116.9 121.6 122.4 122.0 123.4 123.2 122.3 123.8
73.1 73.7 73.3 73.6 73.1 85.2 76.1 86.6 70.5 72.3 73.2 80.3 79.2 -999.0 89.7 -999.0 77.9 88.7 70.8 84.1 68.7 -999.0 -999.0 -999.0 -999.0 -999.0 -999.0 -999.0 85.6 103.6 -999.0 -999.0 -999.0 -999.0 -999.0 -999.0 -999.0 -999.0 -999.0 -999.0 -999.0 -999.0 -999.0 -999.0 -999.0 -999.0 -999.0 -999.0 -999.0 119.9 -999.0 -999.0 -999.0 -999.0 121.1 122.8 121.7 122.3 121.8 123.0 124.9 124.4 123.6 124.5 124.8 122.8 123.1 122.7 122.8 124.0 125.1 127.6 124.6 123.3 124.7 124.7 119.7 123.5 124.0 123.6 123.4 127.3 125.5 125.6
72.8 73.5 73.0 73.5 72.9 83.3 75.2 84.1 70.5 72.2 73.1 79.4 77.3 72.9 85.9 71.9 76.7 86.0 70.3 81.1 68.1 69.2 69.9 73.5 73.0 74.2 74.8 75.1 83.6 99.7 78.2 69.9 75.5 76.6 77.4 86.2 77.1 78.9 79.6 80.0 80.6 81.8 88.0 -999.0 110.1 -999.0 -999.0 -999.0 119.3 119.9 73.8 101.5 77.2 -999.0 121.8 122.1 123.5 122.6 123.5 123.2 124.0 123.6 124.5 124.3 123.5 121.8 123.8 123.6 123.7 122.6 124.0 125.0 125.2 124.4 125.5 124.8 123.6 124.9 123.8 125.0 124.8 130.0 125.0 125.4
74.2 73.5 73.3 73.5 73.1 83.5 76.1 84.1 70.5 72.3 73.2 79.3 79.2 72.9 89.6 71.9 77.9 85.9 70.8 81.7 68.7 68.6 70.3 72.9 72.2 73.8 74.3 74.9 85.6 99.7 78.2 71.3 75.6 76.5 77.5 85.0 77.6 79.1 79.8 79.9 80.7 81.7 86.1 72.0 102.3 66.7 69.2 71.9 108.6 119.8 73.5 97.2 76.3 72.2 122.2 120.2 113.3 121.5 123.7 121.0 123.6 122.6 122.8 124.7 123.7 123.4 122.9 122.8 121.4 123.8 124.3 122.2 124.4 124.3 124.2 125.6 123.7 124.7 125.2 124.5 125.7 126.8 124.0 125.2
71.5 72.4 71.8 72.8 72.3 73.6 71.8 71.2 70.4 72.1 72.7 74.3 69.9 72.9 71.5 71.9 72.1 71.6 68.2 65.6 66.1 68.5 69.9 72.7 73.0 73.8 74.8 74.8 75.7 77.6 77.0 71.2 75.5 76.5 77.4 85.0 77.1 79.2 79.6 79.9 80.6 81.0 88.0 72.0 110.1 66.4 69.3 72.2 118.6 89.8 73.8 97.0 77.2 72.5 121.4 95.3 123.5 114.0 121.0 117.8 123.3 97.9 123.7 122.2 123.1 122.3 122.5 124.2 122.4 120.1 124.2 122.3 122.5 121.3 122.8 122.6 127.0 124.0 123.5 121.8 122.3 122.1 123.7 122.8
73.7 72.8 72.0 73.4 73.4 73.1 70.9 72.1 73.0 76.0 73.4 73.0 75.1 72.8 72.3 72.0 73.4 71.5 71.1 67.6 65.5 64.9 71.6 69.8 69.4 71.3 72.5 73.5 71.4 76.8 76.0 76.7 76.1 76.3 77.9 78.3 79.5 80.3 80.7 79.7 81.2 80.0 78.7 72.1 69.0 66.5 69.2 72.3 72.3 74.9 72.6 74.2 73.1 72.5 73.1 75.3 73.4 77.2 77.9 77.8 75.8 81.1 80.5 112.9 115.9 116.9 120.0 104.6 88.6 101.8 120.0 116.0 120.1 101.4 118.3 115.2 122.7 120.6 121.4 116.8 121.3 114.6 121.5 116.2
74.6 74.6 73.1 75.6 72.0 72.7 72.0 71.9 71.3 75.9 73.5 70.5 73.4 74.1 73.8 72.7 71.2 72.9 71.1 68.2 68.2 65.3 71.7 70.7 71.6 69.5 71.8 73.2 72.5 75.8 75.1 77.4 77.6 78.9 77.1 78.1 80.0 79.5 80.2 81.6 81.8 81.2 76.3 72.4 67.5 65.0 69.5 73.5 73.0 73.2 73.9 72.5 73.7 74.1 73.2 75.2 75.3 75.3 77.5 75.7 76.2 77.3 77.6 78.9 87.6 79.7 77.4 78.7 76.0 77.5 85.0 81.8 79.5 80.0 78.5 103.6 87.8 108.6 103.4 105.1 79.1 83.1 77.1 78.3
75.0 73.8 74.7 75.3 72.1 70.2 73.1 70.5 72.5 75.5 73.8 71.9 71.5 72.4 73.0 73.5 71.0 73.3 72.3 69.8 69.1 67.7 70.7 69.8 69.7 70.0 71.9 71.8 71.5 74.4 74.3 77.7 78.7 79.3 80.1 77.3 78.2 80.4 78.8 80.3 79.3 80.9 77.3 74.1 68.4 67.8 70.3 73.2 72.8 73.8 73.5 71.5 73.9 73.3 74.2 73.8 76.2 74.9 74.6 73.6 76.8 77.0 79.6 78.1 79.7 76.4 77.7 78.2 76.5 77.5 80.2 79.4 78.4 78.0 79.7 80.3 79.1 78.8 77.3 78.5 78.5 78.0 78.3 77.9
74.1 73.3 72.3 74.1 72.3 71.2 72.1 70.9 72.0 75.5 72.1 70.8 73.6 72.4 69.9 72.8 70.3 74.3 72.5 70.0 70.1 67.4 68.6 67.9 69.9 69.6 70.2 71.9 71.9 74.7 75.1 76.9 75.7 79.0 79.7 79.5 83.7 79.8 79.8 80.4 81.8 81.5 76.3 75.4 72.5 71.0 73.1 73.9 73.6 74.2 73.2 71.7 72.6 72.8 75.2 74.5 74.9 76.7 75.9 75.8 78.6 79.3 78.7 78.7 78.1 79.2 78.1 78.6 77.8 77.8 79.4 79.8 79.2 79.0 79.7 79.0 77.7 79.5 77.7 76.6 79.3 80.6 79.1 80.0
72.7 71.1 72.2 74.9 73.7 68.0 73.4 71.0 71.6 73.3 72.4 70.9 72.7 71.5 71.4 71.6 72.6 73.2 72.0 71.2 71.1 69.1 66.9 69.3 68.6 68.4 70.1 72.5 73.6 73.9 76.4 76.1 76.3 78.8 80.4 80.4 87.6 80.2 80.9 79.6 81.3 82.8 77.2 77.1 75.2 73.3 72.3 74.3 70.7 73.2 72.8 71.6 73.0 72.4 73.5 75.1 77.7 76.2 75.3 76.2 80.1 79.2 77.3 78.7 80.3 78.8 78.8 79.9 77.0 79.1 79.4 79.6 78.7 78.8 77.1 79.9 77.9 79.6 79.6 76.6 78.8 82.1 81.2 78.2
72.2 71.8 75.2 74.7 72.4 70.8 72.9 72.5 73.7 71.9 73.5 69.8 71.4 72.7 71.1 73.2 72.4 73.7 72.5 72.0 69.7 69.3 67.6 70.1 69.4 70.8 68.6 70.4 70.6 75.3 74.4 74.4 75.8 78.8 80.2 81.6 83.5 80.1 79.3 81.0 79.8 83.6 80.1 77.8 77.3 75.1 73.8 72.4 74.4 72.4 71.8 71.8 73.7 73.0 72.3 75.5 75.0 77.2 76.2 75.7 79.2 77.2 76.8 79.5 78.4 79.7 79.2 80.1 80.4 79.6 78.4 79.7 76.8 79.1 78.5 79.0 79.6 81.2 77.8 77.5 76.8 82.4 78.8 77.8
72.2 73.3 73.9 74.8 73.3 70.9 73.6 72.0 73.0 70.8 70.6 69.7 73.9 72.5 71.5 71.6 70.9 73.0 73.2 72.0 71.3 71.0 70.2 70.6 67.8 69.8 70.4 70.9 71.5 73.2 73.8 74.1 75.8 77.6 81.9 81.7 85.3 79.3 80.8 82.5 84.1 84.1 80.7 78.8 76.4 75.9 75.5 75.0 74.4 72.8 73.2 74.0 73.1 73.7 73.5 72.6 73.1 75.3 75.9 75.4 77.6 77.4 77.0 80.4 76.7 79.6 80.2 80.7 79.8 80.0 78.3 78.0 79.7 78.6 79.2 79.7 78.5 80.9 77.1 76.8 78.9 79.0 78.2 78.6
72.6 71.5 72.5 73.7 73.9 70.7 74.8 72.9 71.8 71.0 71.9 71.1 73.0 71.7 71.0 72.0 72.9 70.7 71.1 71.7 73.6 73.6 77.4 70.6 71.7 68.5 72.2 72.1 71.0 73.1 74.1 75.0 76.5 78.2 80.9 82.9 81.7 81.2 81.8 79.7 83.7 84.0 79.2 79.8 76.9 77.5 76.4 75.2 76.9 75.9 74.4 75.3 75.6 75.1 74.2 74.9 74.7 76.0 74.9 75.2 77.0 77.9 77.3 79.5 80.2 79.4 78.9 80.5 78.1 80.9 80.0 78.8 79.4 79.0 79.0 78.1 79.3 80.1 78.3 76.5 79.5 77.7 77.2 77.7
75.7 73.8 73.4 73.1 71.8 73.1 73.6 71.8 73.0 72.8 71.1 69.6 72.0 72.4 69.3 71.7 72.3 68.0 72.7 72.1 72.8 71.6 75.9 73.0 72.0 69.5 72.6 71.8 70.8 72.7 75.1 72.6 76.1 78.9 80.7 83.0 83.7 81.9 80.9 80.7 81.6 84.0 80.1 79.4 78.7 78.4 78.3 76.4 77.0 76.5 76.6 75.4 77.1 75.8 74.8 75.1 77.1 74.1 77.4 75.2 75.8 77.0 77.8 79.9 79.3 79.5 78.3 80.7 81.3 80.2 79.6 78.9 78.8 78.5 79.5 79.2 80.1 80.0 78.3 77.7 79.1 76.9 78.5 78.0
75.7 72.7 72.1 74.1 71.6 72.6 72.6 72.3 71.4 71.1 70.8 71.4 71.7 72.2 71.4 70.6 71.5 68.9 72.4 72.0 72.0 71.8 76.0 72.7 70.4 70.1 72.0 72.8 70.6 72.3 74.7 68.4 75.1 77.8 81.4 83.2 85.4 81.4 81.8 81.6 83.5 82.5 78.9 79.2 77.0 77.1 77.7 76.6 77.5 77.9 78.0 76.9 77.0 77.6 72.1 74.9 76.9 75.7 76.8 73.7 73.5 75.6 76.5 79.3 78.7 80.2 81.1 80.6 80.1 80.6 79.7 78.5 82.2 78.7 80.1 79.3 79.3 78.5 79.5 78.7 80.1 76.1 75.4 78.0
71.9 72.5 72.5 72.1 74.2 70.6 71.2 71.1 71.2 71.7 71.1 71.6 72.2 70.2 70.0 70.2 72.2 72.8 70.1 71.4 73.4 73.0 69.5 73.4 70.9 70.6 72.7 73.6 72.7 73.6 71.4 71.9 73.2 77.0 80.0 84.4 83.9 82.1 82.5 81.9 84.9 79.2 80.4 79.5 78.7 78.2 76.2 77.3 78.5 78.9 78.4 79.1 78.3 78.3 73.2 75.5 75.4 76.0 71.9 74.4 75.2 77.8 77.5 78.6 78.7 80.5 78.1 80.6 77.8 79.8 81.8 79.0 81.7 80.5 80.3 81.1 79.2 76.3 79.7 79.4 80.3 77.6 77.1 77.3
68.8 71.3 73.0 73.8 70.2 70.7 72.1 70.5 70.3 71.9 71.7 71.9 70.7 71.4 69.8 71.3 70.7 73.8 72.4 73.4 74.4 73.3 71.9 73.9 72.7 70.8 70.3 73.4 70.7 73.6 72.8 72.6 73.6 75.9 79.7 83.5 85.7 82.8 81.3 82.1 82.3 81.9 80.3 81.1 79.6 81.6 77.8 78.8 79.3 78.3 76.5 80.5 78.7 79.6 76.0 75.6 76.6 76.5 74.8 74.7 77.2 76.1 77.2 77.2 78.7 79.0 79.6 79.6 80.1 79.9 80.7 80.1 80.6 77.0 78.3 79.0 79.5 76.8 78.0 77.9 79.2 80.6 76.2 74.6
64.7 72.5 72.5 74.4 71.2 71.8 72.4 70.7 68.3 69.9 71.1 71.8 71.8 70.6 69.2 71.1 72.1 72.8 72.0 73.7 73.4 73.4 71.0 74.4 72.4 72.1 71.6 72.9 72.3 73.6 75.6 73.5 74.0 74.0 78.7 83.2 87.9 82.1 84.2 81.2 83.9 81.1 80.8 81.0 79.9 80.8 78.8 79.0 80.2 79.3 81.2 80.9 78.1 77.4 76.2 76.6 77.0 76.8 77.1 75.1 77.4 75.9 74.5 76.6 77.9 78.7 77.3 80.2 79.4 81.1 77.9 80.8 79.7 77.9 76.8 78.3 78.9 77.7 80.9 78.0 78.5 81.0 75.9 76.4
70.2 72.2 72.9 72.5 71.3 72.1 71.7 69.5 69.5 71.2 70.7 71.4 71.5 70.5 68.7 70.3 72.7 73.5 73.8 71.9 73.1 73.7 73.9 74.9 76.5 73.6 68.7 75.0 73.7 74.8 73.2 74.7 75.1 73.3 78.2 81.3 88.6 81.8 82.0 81.7 83.1 82.9 81.3 82.4 82.3 81.2 77.4 78.6 81.0 80.0 79.9 78.5 78.9 78.6 79.1 77.7 77.0 77.6 77.4 75.4 79.9 76.1 76.2 76.1 76.9 77.2 76.4 79.6 78.8 80.3 77.6 81.4 79.3 78.6 78.9 79.7 79.8 80.3 79.2 78.3 77.4 81.4 77.2 75.4
72.6 71.7 71.8 73.8 72.5 72.6 70.6 68.9 67.6 70.7 70.6 71.4 72.0 71.2 70.2 71.6 71.4 71.5 73.7 73.8 75.4 74.6 76.0 76.2 76.5 75.0 72.9 75.8 70.9 76.1 75.5 75.9 76.8 75.1 75.4 79.3 86.4 82.2 83.5 79.9 82.9 83.7 81.8 83.1 82.3 80.8 78.5 78.1 78.1 78.5 79.4 78.4 80.9 79.7 80.1 78.6 77.3 78.3 77.7 76.5 82.1 78.9 77.8 77.0 76.8 76.8 77.6 79.6 78.7 80.0 79.8 80.9 80.5 79.2 78.3 79.3 77.9 80.3 80.5 77.1 77.3 78.5 77.2 74.6
73.8 73.0 71.3 74.7 75.6 73.7 72.1 69.8 68.4 69.6 70.7 69.5 70.2 71.4 70.1 72.8 72.1 71.0 75.8 74.5 77.5 75.0 77.7 77.1 78.0 76.9 75.8 75.3 74.3 76.1 74.3 75.7 75.0 76.4 75.2 78.8 85.3 82.5 83.1 81.3 82.6 82.9 81.3 83.5 81.8 80.4 80.1 81.2 80.9 80.0 79.2 78.0 80.1 80.6 78.7 78.2 79.2 78.9 77.7 77.6 77.6 79.8 76.9 78.4 77.5 78.5 77.1 78.7 76.4 78.7 80.1 80.2 80.2 78.6 76.3 78.6 78.8 79.6 79.3 77.8 80.0 80.0 74.3 74.4
75.8 73.4 73.5 75.2 75.8 73.7 69.7 67.2 67.4 69.7 70.5 70.8 69.8 72.4 71.4 71.6 74.1 72.1 76.1 75.2 77.0 76.2 77.5 78.1 78.1 77.3 77.6 76.2 74.8 75.7 74.8 74.5 74.9 74.9 74.7 76.7 82.1 83.5 82.1 81.0 82.3 82.5 81.7 82.2 81.8 78.0 80.1 81.8 80.7 80.8 79.7 78.2 80.1 80.4 80.3 78.1 78.0 78.4 82.5 79.0 77.9 79.2 78.1 79.1 78.3 77.9 74.7 80.0 78.3 78.7 83.6 79.3 78.6 78.6 78.5 77.7 79.2 79.8 77.6 78.1 81.7 79.8 75.0 72.2
76.5 74.1 71.1 74.6 75.5 73.0 67.0 66.8 66.7 68.8 67.1 69.8 70.5 71.9 71.4 73.1 73.7 73.7 75.7 75.0 75.7 77.0 78.3 77.1 77.4 77.9 76.5 77.6 74.8 76.8 74.9 77.0 73.3 74.6 74.9 74.9 81.3 82.2 81.2 81.0 82.3 82.4 82.5 82.1 79.9 79.3 80.4 80.3 80.4 81.7 81.1 76.4 80.4 80.4 76.5 80.4 82.0 80.4 81.6 79.7 76.9 80.3 79.2 79.5 78.7 77.4 75.0 79.5 76.4 79.0 83.2 78.6 79.0 79.1 76.7 77.5 77.9 78.3 78.7 78.4 81.9 77.4 74.9 70.9
77.0 73.8 72.5 77.5 76.8 71.5 68.5 66.5 63.0 67.0 67.9 69.7 71.2 72.9 72.5 74.4 75.2 75.3 75.5 77.2 75.1 77.0 76.7 78.3 79.4 77.9 79.5 77.1 76.5 77.0 75.9 75.9 75.1 76.0 75.0 74.5 80.9 81.9 81.3 81.0 81.0 81.9 81.9 83.1 82.8 79.6 78.8 80.6 83.2 80.5 80.8 77.9 79.8 81.2 77.2 81.1 81.5 80.7 79.0 80.4 76.0 80.1 79.0 79.4 78.9 77.1 76.0 78.8 76.1 79.2 79.8 78.4 78.6 79.4 78.4 78.7 76.8 75.5 77.4 78.5 76.5 76.8 71.8 70.7
78.5 75.7 74.2 78.1 74.2 71.0 68.4 66.9 64.9 64.7 68.6 69.9 71.1 72.9 69.4 74.0 75.6 75.1 76.7 76.4 78.3 76.6 78.0 78.9 79.8 78.1 79.5 75.1 75.5 75.8 73.5 75.0 74.4 76.1 74.6 73.0 78.7 82.3 81.0 80.8 82.4 82.6 83.2 82.2 81.4 81.4 81.2 81.5 83.3 81.3 80.2 78.0 79.7 81.2 78.2 82.9 82.1 80.5 82.3 80.0 79.9 79.6 80.0 79.9 78.7 78.2 75.0 77.1 77.2 79.6 78.0 79.1 79.8 79.0 76.7 78.4 80.0 76.1 78.0 77.8 75.2 73.5 72.8 70.2
77.3 76.6 76.8 76.9 74.0 69.3 68.0 67.3 65.0 65.5 66.1 69.9 71.8 71.9 69.7 73.9 77.1 74.4 76.1 76.2 78.8 76.5 76.9 78.1 77.0 78.0 76.4 74.5 74.0 77.4 75.8 76.4 76.5 75.2 77.9 73.3 75.3 81.8 81.5 80.3 83.1 82.0 82.4 81.4 81.3 83.7 81.6 82.1 82.1 81.6 79.5 78.9 81.3 82.2 79.5 81.6 81.4 80.4 81.7 81.3 81.0 78.8 80.0 80.1 80.9 79.5 78.3 76.8 77.2 79.8 78.8 79.5 81.0 79.4 77.8 78.2 75.9 76.8 77.2 78.0 75.1 73.3 73.3 70.6
78.5 77.6 77.0 77.1 72.8 67.8 69.9 68.1 66.6 66.1 68.4 69.9 71.1 73.7 71.3 74.8 75.4 75.1 74.0 75.4 78.0 76.6 78.2 77.8 79.5 75.1 76.6 76.4 75.4 76.6 75.2 76.8 75.9 76.2 74.1 73.5 73.7 81.1 81.0 80.2 82.4 82.4 81.8 83.1 83.1 83.2 80.3 80.2 80.5 80.6 78.9 82.2 81.8 82.5 87.0 82.8 81.4 81.1 80.7 82.0 80.7 81.2 81.8 81.5 79.1 81.0 79.4 76.4 77.9 78.7 77.0 78.1 80.5 79.7 76.3 79.2 76.1 76.6 76.6 74.7 74.6 73.1 70.1 71.3
80.3 79.6 78.8 77.3 71.6 68.4 69.7 69.3 71.0 68.5 69.1 69.3 72.4 73.7 73.0 75.1 74.8 74.4 76.4 77.0 76.2 75.3 75.9 76.5 77.5 75.8 75.9 76.2 73.9 76.8 76.1 76.6 75.7 75.9 76.6 73.7 74.6 79.6 80.5 79.6 82.0 82.7 82.6 84.4 83.1 83.7 82.1 81.0 82.5 79.9 77.5 86.7 82.1 83.1 86.1 83.3 82.4 82.0 83.3 81.9 82.8 82.4 82.2 81.3 81.2 82.2 79.4 77.4 78.4 80.4 79.1 78.6 80.3 79.4 75.9 78.8 79.0 74.3 76.2 75.1 74.8 74.2 71.9 77.1
78.5 78.6 76.5 76.9 70.6 69.2 71.1 70.4 73.5 74.0 71.0 70.1 72.8 74.3 70.5 74.1 74.7 73.1 76.2 76.6 76.7 76.4 76.7 76.0 76.3 73.2 73.4 75.0 74.5 76.5 77.0 76.5 77.0 75.9 77.2 73.8 72.6 78.3 80.9 78.8 82.2 83.9 78.7 83.4 83.1 83.0 81.9 81.4 82.7 81.1 79.9 86.6 83.2 82.8 83.7 82.8 81.8 81.6 82.9 81.4 83.6 83.1 81.4 82.0 82.0 81.8 81.9 79.3 78.7 80.8 80.0 80.1 82.1 79.2 74.3 78.3 76.1 75.4 75.2 75.6 74.7 73.4 73.5 79.2
78.1 77.5 75.9 72.3 68.4 67.6 72.3 73.8 76.4 78.1 74.7 71.9 71.1 74.7 75.4 74.6 73.4 74.7 74.5 75.4 76.0 74.3 74.9 74.6 75.5 71.3 72.2 75.4 73.6 75.6 74.9 75.0 76.7 75.8 75.8 76.0 72.3 77.6 80.2 79.4 83.2 83.8 81.0 83.0 83.5 81.4 82.8 81.2 81.6 82.0 80.6 83.9 84.0 84.2 85.2 84.0 80.7 82.3 82.3 82.6 82.2 85.1 82.9 82.6 82.1 82.2 81.1 83.6 80.1 80.1 80.1 81.5 80.7 77.7 76.8 77.0 77.2 75.2 76.8 74.9 74.5 74.9 73.4 80.7
