morphological_analysis/input_data/survey/q20_2/matrix_q20_2s8.txt
north:            -537.50
south:           -1247.50
east:             2697.00
west:              -93.00
rows:                 144
cols:                 279
null:              -999.0
[rows 0 to 37 of 144, columns 84 to 167 of 279]
98.0 94.2 95.3 92.3 99.5 101.4 103.7 101.0 96.1 95.1 93.0 96.5 101.9 101.3 99.4 102.0 99.4 105.0 98.6 104.7 102.1 104.1 99.9 100.1 99.6 101.5 103.5 102.3 95.6 98.2 101.7 103.6 88.7 92.7 85.5 78.9 86.1 82.8 78.8 78.2 83.3 98.4 94.9 91.8 96.3 100.1 96.7 90.4 69.4 57.0 66.6 84.8 103.0 108.4 108.4 108.2 107.0 106.6 100.9 100.2 91.7 102.4 105.1 96.6 88.9 72.7 75.1 94.2 90.6 93.8 87.0 72.5 89.7 101.6 97.6 97.3 90.9 94.3 94.0 103.8 102.0 100.2 108.1 106.0
98.8 96.0 90.1 91.1 97.9 101.5 102.9 101.0 96.5 95.1 92.1 96.7 102.1 101.2 101.5 102.0 99.7 104.9 97.9 105.2 101.8 104.4 102.0 102.2 100.0 101.5 103.5 102.2 97.4 98.3 101.2 104.1 92.2 93.3 85.0 78.9 85.8 82.4 78.7 78.5 83.3 98.7 95.5 91.9 96.5 100.0 96.3 90.3 69.1 57.0 67.5 85.4 102.6 108.4 108.5 108.2 107.4 106.7 101.9 100.3 96.0 102.7 106.3 96.8 87.9 72.7 74.0 94.2 92.4 93.9 86.6 73.8 87.8 101.6 98.7 97.6 90.5 94.7 94.9 103.8 102.4 100.8 107.8 106.6
95.0 107.8 119.4 111.7 101.0 99.7 107.2 104.4 101.3 97.1 97.1 98.2 101.5 104.0 99.6 102.7 99.2 108.0 102.3 107.9 103.2 108.3 102.0 105.4 98.2 102.7 104.5 102.7 101.7 98.3 103.6 106.6 93.8 93.2 86.4 77.6 87.2 81.1 76.8 82.3 87.2 102.9 98.3 95.7 99.5 103.9 97.8 92.2 70.6 56.6 63.7 89.7 104.1 107.7 110.0 110.2 110.4 106.8 104.6 100.2 99.5 103.0 108.0 98.9 92.2 73.2 78.8 94.3 96.7 96.0 88.7 77.0 91.7 102.7 98.2 98.4 94.0 95.8 96.2 105.3 102.2 103.1 109.3 107.8
105.3 117.1 117.4 116.5 114.8 99.5 104.7 105.6 104.3 102.0 99.3 103.0 103.2 104.1 104.5 104.1 102.6 112.4 104.5 108.4 104.1 109.3 101.9 107.7 97.6 105.7 106.4 104.5 102.7 101.6 104.5 110.8 94.4 96.8 86.5 77.1 88.1 82.3 72.4 85.1 89.8 104.5 99.9 99.1 101.9 106.8 97.0 93.4 71.4 59.0 88.9 111.4 115.1 110.3 106.3 112.0 112.4 109.6 105.6 100.6 101.5 105.1 107.0 98.5 89.8 73.9 80.1 94.8 98.8 97.2 89.9 78.0 93.8 104.7 100.8 101.7 95.3 98.3 99.5 104.2 100.8 102.5 108.9 108.5
115.8 119.8 118.3 118.4 118.1 111.8 103.3 108.0 105.8 105.0 102.2 103.4 104.9 104.6 103.0 104.8 104.1 111.2 107.5 108.2 106.3 109.1 107.3 109.8 97.0 105.6 105.1 106.1 104.4 106.9 107.1 108.7 95.3 98.0 87.9 75.7 90.6 85.1 72.0 84.2 93.8 104.6 103.2 101.8 102.4 109.3 97.9 94.5 74.4 66.6 112.6 119.3 117.5 116.9 110.1 112.3 112.1 106.2 104.1 98.6 102.0 105.3 106.3 98.3 90.2 74.8 81.2 97.4 101.5 97.1 92.0 81.5 96.1 107.3 103.0 104.2 98.2 95.7 98.1 103.5 106.3 104.5 108.6 107.6
120.2 123.2 119.1 118.2 118.9 120.0 108.3 108.4 107.0 105.6 106.0 103.9 104.5 106.6 106.5 106.2 109.0 111.3 110.5 109.2 108.6 113.7 108.5 112.3 95.1 107.4 105.4 108.2 107.7 109.4 108.6 109.2 102.2 98.6 89.2 74.7 94.0 88.3 72.5 86.7 95.5 103.4 105.8 104.0 108.3 111.8 102.3 95.0 75.2 113.8 117.9 118.7 119.1 119.4 108.3 113.3 110.8 106.1 104.4 102.5 103.7 103.4 105.7 98.6 89.4 77.9 82.7 98.8 103.3 102.0 93.0 84.3 99.0 109.0 104.3 102.7 100.5 94.2 102.8 102.9 106.2 103.4 109.5 108.0
122.3 119.4 120.8 118.8 118.5 124.5 119.3 111.3 108.0 105.3 107.9 105.2 107.4 108.6 108.0 106.0 109.2 113.0 110.8 109.3 107.8 109.6 107.6 115.2 95.8 106.6 107.3 109.8 109.9 111.7 107.9 111.7 106.6 100.4 88.7 75.9 93.4 88.9 73.1 88.9 94.5 101.9 107.9 108.2 110.1 113.3 102.8 97.6 103.2 118.9 118.2 118.8 117.3 122.2 109.2 113.6 108.9 105.4 103.2 102.3 103.2 103.7 105.7 99.2 88.0 78.1 84.2 101.4 103.5 102.7 94.1 85.7 101.1 110.4 106.4 106.2 101.5 96.2 104.9 105.6 107.4 104.3 106.3 107.3
124.0 119.3 118.1 118.7 118.9 123.4 124.5 120.3 115.9 113.1 113.0 113.8 111.9 111.0 108.9 111.8 110.9 114.1 113.4 109.4 108.4 109.1 107.7 116.1 94.4 106.2 108.6 111.4 112.4 113.2 110.8 113.3 111.2 103.7 85.8 89.9 91.3 89.7 72.8 98.5 93.3 110.2 107.5 112.6 111.5 115.3 101.6 103.5 116.9 120.8 118.1 121.0 118.3 121.3 121.0 113.7 108.9 108.6 104.4 103.5 104.8 105.8 106.8 109.0 87.4 81.5 88.6 102.5 103.8 103.6 93.5 86.4 103.0 111.4 105.4 106.1 103.6 98.3 106.9 105.9 109.6 106.9 106.3 105.8
123.8 119.5 119.3 118.7 115.9 122.7 123.8 124.4 122.9 121.3 120.1 120.2 119.2 120.4 107.8 117.6 124.1 119.4 121.8 120.4 120.3 118.1 118.6 118.8 121.8 117.4 108.4 118.0 118.2 117.4 117.8 117.9 116.1 115.3 112.9 116.6 118.1 115.3 117.0 117.9 112.6 115.2 114.4 116.4 113.2 116.6 108.5 117.2 121.7 123.1 118.3 119.5 119.5 120.4 123.9 118.5 114.1 114.2 110.0 109.0 110.1 107.9 111.4 114.3 112.3 92.5 100.7 104.9 106.6 108.7 96.1 105.2 103.8 111.8 105.8 110.0 104.9 104.8 105.5 107.3 107.3 112.6 107.0 112.7
123.7 119.2 119.3 119.8 119.5 125.2 123.8 125.2 122.9 122.0 119.8 121.7 122.1 120.3 122.2 119.7 120.6 120.0 120.3 119.8 120.8 121.7 121.3 121.1 120.3 121.4 122.4 121.6 123.4 121.4 119.4 120.0 119.9 120.5 119.6 120.3 116.8 119.3 120.1 119.1 119.0 120.5 120.7 122.2 116.8 120.7 116.8 122.6 122.8 124.4 118.8 120.1 118.7 120.5 124.2 124.6 122.4 119.8 114.3 122.2 119.2 120.3 121.4 118.1 120.0 118.1 117.2 116.7 116.2 118.3 116.5 117.3 115.4 117.5 119.3 116.3 113.4 116.2 116.0 116.6 118.7 115.4 112.2 116.2
125.1 119.3 119.8 119.6 119.2 123.8 125.7 128.3 122.7 122.0 122.6 123.0 121.2 120.0 120.9 121.2 119.4 120.5 121.4 121.7 120.3 120.7 121.2 121.3 119.6 121.9 122.5 122.4 123.2 122.7 121.3 121.0 118.8 120.1 119.8 120.4 118.9 117.8 119.8 119.3 119.9 120.5 119.5 123.1 119.7 121.3 120.5 124.3 124.3 123.2 118.8 120.5 120.3 120.4 124.5 126.2 122.2 120.7 118.2 120.6 119.5 120.5 118.3 120.1 116.7 119.2 115.9 117.7 118.2 117.5 116.2 118.7 115.1 119.5 116.9 117.4 118.0 117.3 117.7 117.2 117.2 116.5 114.8 116.4
127.5 119.4 119.7 120.5 119.1 124.4 124.1 124.8 124.5 121.2 122.8 119.6 121.8 120.4 122.9 122.0 122.3 120.4 120.5 123.6 120.7 121.1 122.1 121.5 122.9 120.5 119.1 121.3 126.5 122.3 120.8 121.8 116.6 119.9 120.5 120.5 118.3 117.2 119.3 119.9 119.3 122.0 118.7 119.7 120.3 120.0 120.6 125.7 124.3 122.5 119.0 120.4 120.3 120.0 125.7 126.3 123.4 119.1 119.8 118.9 118.8 120.2 116.3 119.4 116.5 119.6 118.0 118.8 117.2 117.8 117.8 118.7 116.8 119.6 117.3 118.3 118.4 117.8 117.3 117.2 118.2 116.7 115.8 116.6
117.1 106.4 120.4 112.4 119.5 113.9 120.1 112.4 120.6 115.5 117.8 119.7 122.2 117.6 117.1 117.9 120.3 120.8 121.3 119.4 120.0 118.0 118.6 121.4 121.8 119.6 121.1 120.6 119.6 121.3 118.6 117.5 122.3 119.4 119.6 119.2 118.5 117.9 119.9 119.6 118.5 120.4 121.2 117.8 119.9 118.9 122.2 124.1 124.3 122.4 120.9 118.5 118.0 119.1 120.5 124.7 123.2 114.8 120.5 117.9 119.9 119.2 119.2 118.9 118.3 118.5 119.4 116.6 116.7 119.0 116.5 118.6 118.0 119.7 117.9 117.7 116.9 120.2 117.3 118.0 120.0 116.7 116.1 116.5
87.4 84.8 83.6 84.5 85.1 84.1 88.4 98.1 89.4 107.7 88.7 101.1 85.5 92.4 111.1 114.1 112.7 114.2 117.3 106.3 121.3 113.4 120.4 113.5 118.7 87.0 121.5 121.3 122.9 115.5 116.0 107.0 116.9 110.6 118.2 113.9 119.3 110.7 119.4 109.3 120.2 116.4 121.1 111.6 119.3 114.8 120.6 120.3 119.7 119.2 117.2 111.4 119.3 118.0 121.6 116.7 114.9 112.2 120.8 80.9 114.2 114.2 112.0 116.2 120.3 107.9 118.9 110.0 118.0 119.0 114.0 116.6 116.5 118.8 117.8 115.2 120.5 116.4 116.1 111.5 119.2 112.8 114.5 114.9
80.2 79.8 80.5 83.8 85.7 84.0 84.7 85.1 84.3 85.3 83.1 84.0 82.8 85.9 83.0 87.2 84.4 86.3 118.8 84.1 82.2 84.2 83.0 84.6 83.5 83.1 88.6 108.4 87.0 89.2 85.5 84.6 82.1 82.4 82.9 80.1 79.6 81.3 79.6 82.9 80.6 86.7 82.3 97.5 106.4 96.5 104.4 107.1 86.7 103.8 84.7 84.6 82.4 109.4 110.4 103.0 88.4 82.2 70.8 72.8 72.8 74.4 70.7 94.1 67.7 75.8 96.2 88.2 63.0 109.2 58.0 64.2 105.5 108.0 117.2 62.4 116.6 99.5 99.0 99.4 116.9 105.3 109.2 108.2
79.2 82.0 79.1 83.5 84.4 84.1 84.3 85.3 84.3 80.9 86.2 84.0 81.8 84.3 85.3 84.1 82.7 84.6 86.3 83.8 83.8 84.4 81.4 80.3 82.8 82.3 78.6 81.7 81.4 83.1 83.6 83.3 84.4 81.5 80.9 80.4 78.9 80.8 80.4 78.9 79.0 82.3 82.7 83.5 85.2 82.4 82.0 82.3 80.5 80.3 81.0 82.5 83.0 80.9 85.9 81.1 75.9 76.5 72.6 68.7 67.4 68.7 66.2 69.3 62.9 65.0 59.1 59.1 58.2 61.7 62.3 65.4 61.0 63.6 66.6 67.6 60.9 62.7 63.9 64.1 68.3 58.7 56.8 60.2
79.7 80.9 79.2 81.2 84.8 84.4 86.9 84.3 85.2 86.4 82.6 84.0 83.4 84.3 82.5 84.7 84.4 86.8 85.5 83.5 82.3 85.0 81.1 81.9 80.9 82.0 77.6 78.3 78.7 80.7 81.0 83.0 81.3 82.5 87.1 81.5 81.9 80.3 83.1 79.3 81.5 81.2 80.3 81.9 82.4 80.5 83.0 81.7 84.0 81.3 81.6 82.3 82.3 79.8 81.5 75.4 75.4 74.8 72.5 68.9 65.9 69.5 67.0 67.0 64.1 61.7 63.1 62.0 59.6 61.6 61.8 64.2 61.3 62.7 64.2 61.6 63.3 62.6 62.4 60.9 54.6 56.8 58.4 57.7
78.2 82.5 80.7 81.8 82.1 83.3 85.1 86.2 82.5 84.4 83.8 83.9 84.2 84.4 83.6 85.0 85.2 87.2 83.4 82.9 81.8 84.7 82.4 82.1 82.3 81.9 78.2 79.5 78.8 81.4 81.3 82.1 81.2 82.7 82.1 81.8 82.3 83.4 80.6 80.6 79.2 80.9 78.7 79.7 82.7 79.3 81.2 81.2 81.6 82.8 82.2 82.0 82.3 80.4 81.0 74.5 77.5 74.4 71.2 69.5 69.1 71.7 68.3 69.4 65.6 64.5 64.6 65.1 65.3 63.8 61.9 62.5 60.0 64.0 64.2 64.9 63.9 64.2 61.3 58.2 58.2 59.2 58.9 57.7
79.7 81.0 80.5 80.5 83.8 83.6 84.6 86.1 85.1 84.7 84.8 83.1 83.6 85.0 83.3 84.8 81.8 87.1 84.5 86.1 83.2 83.7 82.5 82.7 82.7 82.5 78.0 77.4 79.0 79.9 80.6 83.2 84.1 81.2 84.5 81.8 82.4 83.2 80.9 81.2 78.5 80.9 78.8 82.0 83.3 80.8 82.2 79.9 79.7 82.9 80.1 80.7 80.3 79.5 82.4 76.3 78.4 75.0 76.5 70.9 73.0 72.3 65.1 72.0 66.5 66.6 66.7 67.7 64.9 71.2 65.8 65.2 63.4 64.6 65.2 65.6 62.3 65.8 61.6 63.6 64.2 59.3 60.2 59.6
80.4 80.1 81.6 81.8 81.4 83.7 88.9 85.8 85.9 84.5 86.7 83.2 85.5 85.1 86.1 84.9 89.9 85.1 81.5 85.7 82.5 83.0 85.0 82.8 85.8 81.4 78.9 78.5 77.1 79.7 80.4 83.1 82.5 79.7 80.8 81.0 84.5 82.2 80.9 82.0 79.7 85.0 80.9 82.2 81.3 80.2 81.8 79.5 82.1 83.1 80.6 78.9 79.9 79.4 79.9 77.7 78.3 77.9 75.7 73.7 74.2 74.6 70.1 71.2 68.6 69.5 69.3 70.6 68.9 74.3 67.7 67.3 66.5 68.5 66.7 66.5 65.5 67.8 62.6 64.0 61.9 61.3 60.6 61.1
82.7 79.7 80.7 83.0 80.1 83.0 85.0 85.5 86.5 87.7 82.7 83.6 83.5 84.9 83.9 84.9 85.2 85.1 81.3 85.1 84.0 83.5 83.1 83.0 80.3 79.8 76.3 80.5 79.7 79.8 81.0 83.7 80.1 80.4 83.3 81.9 78.7 81.9 82.6 84.4 82.1 82.4 82.3 82.0 80.7 79.8 81.3 81.5 81.5 82.8 80.6 81.4 80.7 80.8 80.1 76.4 79.4 78.2 75.7 74.8 76.9 75.0 72.6 76.1 70.9 72.1 72.9 73.8 75.4 77.0 73.2 73.1 70.9 73.6 71.5 72.6 68.2 70.0 66.9 67.5 66.4 64.8 62.9 62.1
81.6 80.6 80.5 81.0 81.9 82.3 83.6 85.1 85.8 86.9 83.7 85.9 85.3 86.0 83.1 85.3 82.9 85.0 84.0 85.2 83.4 84.4 84.2 82.1 82.8 78.9 80.7 80.4 80.0 80.1 80.6 84.3 81.9 81.1 82.3 81.7 80.9 81.9 83.6 84.9 81.6 81.9 80.9 80.8 82.0 79.9 84.4 81.7 81.3 81.1 81.5 81.9 80.4 80.1 78.8 78.4 78.7 80.3 75.6 75.4 77.7 76.9 74.0 76.0 72.9 77.0 77.2 79.5 77.8 79.0 78.0 77.7 75.7 76.7 74.1 73.9 70.8 73.2 69.7 70.3 66.0 66.6 67.0 65.4
82.9 80.9 80.5 80.5 82.1 83.1 83.9 84.1 86.4 85.9 87.3 87.2 84.6 87.3 86.5 86.8 85.2 85.6 85.5 84.5 84.3 84.2 83.7 80.0 81.1 79.1 81.4 80.9 82.4 80.3 81.8 81.4 84.2 79.1 82.6 81.0 82.2 81.5 81.4 81.7 82.7 83.1 81.5 81.6 76.1 80.2 79.1 81.8 86.6 80.6 82.7 80.6 80.8 81.5 80.9 78.3 80.2 79.1 76.2 75.4 79.9 78.4 77.4 76.7 80.1 82.3 81.2 79.8 81.1 78.4 79.1 80.1 75.3 77.9 76.0 75.7 73.5 74.3 72.8 71.8 70.9 69.1 68.3 66.2
81.4 80.2 81.0 80.9 81.9 83.4 84.6 83.1 87.2 88.1 84.2 88.1 84.0 85.9 86.7 85.7 88.3 86.8 85.9 85.9 86.8 85.3 84.0 83.1 82.2 80.1 80.3 80.8 81.5 82.4 79.9 83.1 80.1 82.0 82.3 78.8 81.3 81.2 80.0 83.3 82.3 85.0 83.2 81.6 80.3 80.4 79.6 83.0 75.3 81.4 82.3 79.8 80.8 82.3 80.6 78.2 78.6 77.7 75.7 76.6 79.9 79.7 83.7 79.6 82.3 85.4 83.9 82.4 81.2 81.8 81.6 83.1 75.5 80.9 78.5 75.3 71.8 74.0 75.9 74.7 72.2 71.5 67.5 70.8
82.4 81.3 83.3 82.8 83.2 82.8 85.0 83.8 86.4 87.7 89.1 86.5 84.6 85.5 86.5 87.2 85.2 87.0 86.6 85.6 87.6 84.1 83.1 81.5 82.1 78.4 80.9 82.9 81.4 82.9 81.1 81.8 84.3 82.4 80.9 81.0 82.8 82.0 84.5 83.3 80.7 82.7 82.1 81.3 79.4 80.8 83.9 83.3 80.1 82.6 81.7 80.4 79.2 79.5 81.9 80.5 77.0 77.6 79.4 79.2 80.5 81.5 85.9 85.4 87.1 85.6 84.3 81.8 79.3 82.7 82.5 80.9 78.4 81.8 77.0 77.6 74.7 75.5 73.8 76.0 71.2 70.1 65.7 71.4
81.3 81.9 82.5 82.7 83.7 83.0 84.1 83.6 84.6 87.8 87.6 86.9 85.3 88.3 85.6 83.8 87.3 86.8 89.6 86.2 85.5 82.0 84.4 82.2 83.3 77.2 81.4 82.3 83.6 82.1 86.9 82.9 85.8 82.2 80.6 82.3 82.0 82.9 82.9 84.1 81.7 80.8 79.5 80.3 77.3 79.9 80.1 81.2 82.3 80.8 82.1 80.4 79.6 81.8 79.4 80.8 79.1 78.0 77.7 79.3 82.5 84.3 87.1 85.7 86.5 87.2 86.1 85.9 81.5 82.6 81.8 79.6 81.9 79.9 79.8 79.1 77.7 76.0 76.4 76.2 76.0 72.2 67.4 71.9
80.9 81.4 81.3 80.5 81.3 82.9 83.3 83.2 86.4 88.5 86.5 87.0 83.6 86.4 86.0 85.4 86.9 86.2 82.8 87.2 84.6 83.0 85.1 82.1 81.8 81.7 82.8 82.1 82.9 83.7 84.7 83.9 83.7 83.6 81.2 85.5 83.3 82.8 81.6 83.5 83.8 82.1 79.0 79.4 79.5 80.3 80.4 81.3 81.2 82.4 83.0 80.7 79.3 80.8 81.1 79.3 81.3 78.1 77.6 82.6 82.1 86.5 86.0 85.2 88.5 88.2 86.0 83.5 82.8 83.2 82.1 78.2 84.7 79.2 79.2 80.0 77.1 76.8 76.4 77.8 75.1 73.9 72.1 70.6
81.1 82.2 82.0 81.4 79.4 82.9 82.2 81.9 83.4 86.7 87.9 87.6 84.1 87.0 85.7 88.4 87.0 86.5 85.5 88.7 85.3 83.4 82.7 82.6 82.5 80.2 81.8 82.4 88.0 83.2 85.7 84.0 84.0 84.7 81.5 84.7 83.3 82.8 82.6 82.5 78.8 80.4 82.6 78.7 79.0 79.6 79.8 82.2 80.0 81.2 78.9 83.2 80.0 81.0 81.8 79.5 78.2 78.0 78.9 83.4 86.0 86.7 90.3 84.1 85.3 85.9 85.7 82.6 82.2 84.0 80.9 79.9 82.0 81.9 82.8 78.9 76.8 78.4 77.6 78.9 77.7 75.4 72.8 70.3
84.1 81.2 80.9 82.9 78.7 82.3 83.6 81.8 81.4 86.7 87.7 89.3 86.0 87.1 87.6 87.1 89.8 87.9 89.1 85.3 84.1 82.8 88.2 83.5 82.7 83.5 84.6 83.9 85.0 83.3 86.3 83.3 85.8 84.5 83.6 85.1 84.4 85.1 79.8 81.3 84.5 79.5 75.2 79.1 78.3 79.7 77.8 81.1 79.4 80.7 82.4 82.4 81.1 81.5 80.7 80.1 78.7 79.3 80.7 80.6 84.8 86.0 86.4 86.7 85.2 85.5 83.6 84.3 82.8 81.2 80.9 80.7 81.3 80.9 77.5 78.9 77.6 80.9 79.0 76.7 77.1 77.2 74.5 71.5
82.6 80.7 83.0 83.4 80.7 82.0 82.3 82.0 82.7 86.3 87.7 90.9 85.8 87.5 87.4 87.5 85.9 87.8 88.3 84.8 83.3 84.1 85.8 81.5 83.5 86.3 83.9 82.0 84.0 82.2 84.8 85.7 83.2 84.1 80.7 84.5 84.2 84.2 79.7 80.5 75.5 78.2 77.8 80.0 77.2 80.3 78.1 81.2 80.8 80.2 82.9 81.1 84.3 80.8 80.8 79.7 78.9 77.3 78.1 85.6 88.1 86.6 86.7 86.7 81.4 83.7 83.5 83.1 83.8 80.5 80.9 81.4 79.7 79.2 79.8 79.0 77.3 80.9 76.0 76.9 76.9 76.1 78.2 73.8
82.0 80.9 84.0 82.2 81.0 81.5 81.9 81.7 83.3 84.6 87.5 89.0 86.7 86.9 87.5 87.5 86.9 86.7 87.7 84.1 83.5 83.1 84.9 84.3 84.2 84.1 84.8 81.9 84.4 81.7 85.0 83.3 84.5 83.6 84.0 84.0 84.6 81.7 81.9 80.7 77.9 80.1 77.5 80.5 77.4 80.1 80.1 80.7 79.2 82.6 80.8 79.9 81.3 80.2 81.9 79.2 79.1 78.2 82.4 86.7 90.1 87.0 87.3 85.4 86.5 83.5 81.0 82.5 83.0 80.7 81.6 81.3 77.3 79.9 79.5 78.9 79.1 79.7 79.5 77.4 77.4 75.9 75.8 73.7
82.2 81.0 80.6 81.8 81.0 81.9 80.5 79.7 83.0 85.0 87.7 88.6 84.6 86.1 87.5 87.1 86.7 86.7 86.3 82.1 83.6 83.1 85.9 82.9 83.7 82.8 85.2 80.7 85.2 83.0 86.1 83.5 84.9 86.8 84.3 82.8 83.1 82.6 79.8 79.4 78.3 80.3 76.8 80.0 82.1 78.5 78.2 80.6 79.7 80.4 84.4 82.4 82.3 81.2 81.9 81.0 81.7 80.6 83.6 86.7 87.8 86.8 83.9 85.0 84.3 83.0 80.8 81.8 81.4 79.0 79.8 81.0 80.7 80.4 80.1 78.3 79.7 77.0 75.4 79.3 76.0 75.9 75.4 75.0
81.9 83.7 82.0 82.6 84.2 82.5 80.9 80.9 82.7 84.0 86.1 87.8 85.7 85.7 84.7 86.7 86.4 86.6 85.1 84.5 83.9 83.4 83.6 81.0 83.5 84.4 85.7 83.9 84.7 84.0 86.9 83.9 83.9 86.2 84.9 81.9 79.3 82.5 80.2 80.2 80.1 78.7 79.4 79.1 80.2 82.4 78.3 80.7 80.6 81.2 83.2 83.5 83.6 80.7 83.1 80.1 85.0 81.0 82.9 87.1 88.9 86.4 86.6 83.3 85.1 81.4 84.4 80.7 79.6 80.0 80.7 78.8 80.3 78.4 79.9 78.0 79.1 77.7 73.8 77.9 77.3 75.2 75.8 75.1
82.5 81.1 84.5 82.4 82.4 83.7 81.2 81.0 82.5 83.5 83.0 88.3 88.2 86.2 86.1 86.4 85.8 86.2 83.0 85.5 85.9 83.4 85.1 82.6 82.3 85.5 84.8 84.2 83.8 84.7 86.4 83.1 86.0 84.9 84.5 82.3 83.5 82.2 81.6 79.4 79.5 79.2 79.4 80.5 79.2 81.4 79.2 81.0 81.2 81.1 83.4 82.5 82.3 83.1 82.4 82.4 81.8 82.2 84.5 85.7 87.1 85.7 87.2 84.7 82.1 81.0 80.7 80.2 81.7 79.9 79.4 78.7 78.0 79.3 78.9 77.4 78.7 77.9 78.8 77.1 78.0 77.4 75.2 75.4
80.9 82.6 82.2 82.8 82.4 82.2 84.2 81.8 81.5 84.2 84.7 86.7 86.5 87.1 85.8 86.0 85.1 85.7 80.5 84.7 83.1 84.1 86.5 84.8 82.6 85.2 84.5 82.8 83.9 83.2 85.4 83.8 86.1 84.3 89.6 83.2 85.3 82.5 76.8 82.1 83.0 82.4 81.8 81.7 81.8 81.2 80.7 82.1 82.9 81.0 83.3 81.1 82.2 81.6 81.9 81.1 83.1 81.8 85.2 86.1 87.2 85.0 84.3 80.8 82.3 80.2 80.1 79.4 82.3 78.9 81.2 79.1 79.0 82.3 78.6 78.0 78.7 79.8 78.2 76.8 76.7 77.4 75.3 75.2
81.5 82.1 83.2 82.2 82.5 82.8 81.8 80.5 81.5 82.8 84.6 86.5 85.0 84.2 85.7 85.3 83.8 85.3 82.2 84.5 86.0 84.0 83.5 84.1 82.2 82.3 82.2 82.7 85.7 84.0 85.5 83.8 86.9 84.5 85.9 83.4 85.7 83.9 83.6 83.1 82.9 81.2 79.9 80.9 81.0 81.4 83.0 82.9 82.8 80.7 83.6 81.5 82.7 79.9 84.0 80.7 84.9 80.0 86.3 84.1 86.8 84.0 85.5 80.3 81.2 80.2 81.6 79.6 82.4 79.5 80.1 79.2 79.0 78.6 77.1 77.7 78.8 78.5 76.8 75.7 76.5 76.7 75.1 75.8
82.9 82.2 79.6 81.9 87.7 83.1 82.7 80.5 83.3 81.9 82.7 86.0 85.4 86.7 84.4 85.7 82.1 84.1 83.2 84.5 82.3 85.3 84.0 83.5 80.5 80.8 81.6 83.3 85.6 85.2 86.4 87.0 85.8 83.5 86.5 83.7 83.9 83.7 84.5 82.0 82.9 82.6 81.8 82.0 81.3 81.5 83.2 82.1 82.2 80.0 84.9 82.0 82.0 82.6 83.7 81.0 85.6 81.2 86.0 83.9 86.7 81.9 85.4 80.1 79.9 80.2 83.0 79.3 78.7 79.0 78.5 79.1 77.5 78.2 74.4 79.3 77.8 77.1 76.3 76.2 75.6 76.9 77.9 77.9
74.7 82.4 83.2 83.0 83.3 82.4 81.7 81.9 83.6 82.0 82.1 86.2 85.8 86.2 86.1 83.9 77.2 84.0 81.9 84.5 81.3 84.0 86.5 83.4 77.3 78.7 82.1 82.6 84.9 84.7 85.3 85.4 86.4 83.7 84.9 83.5 85.6 81.9 83.5 81.8 82.4 85.8 82.4 82.9 84.6 81.9 81.4 82.1 82.5 80.4 81.8 82.6 84.3 82.3 85.0 81.6 86.5 83.1 87.5 85.3 87.4 82.8 83.6 79.2 80.4 80.9 80.9 78.4 79.8 78.5 78.0 77.5 80.7 78.1 78.0 81.2 78.4 77.6 75.5 77.7 75.3 77.6 75.9 76.3
