morphological_analysis/input_data/surveys/q07_9/matrix_q07_9s3.txt
north:            -537.50
south:           -1267.50
east:             2691.00
west:              -93.00
rows:                 148
cols:                 278
null:              -999.0
[rows 0 to 37 of 148, columns 168 to 251 of 278]
69.0 70.0 72.0 69.3 66.0 63.3 62.7 48.6 59.0 55.8 54.0 53.6 56.8 61.2 50.2 59.8 59.5 56.2 49.4 48.2 46.0 95.9 99.3 101.3 103.7 88.1 64.8 59.1 56.9 56.4 56.3 59.1 54.3 59.2 57.3 60.6 53.4 55.6 60.2 61.6 57.2 57.2 57.0 53.4 53.8 53.4 51.9 58.6 69.0 126.1 127.6 126.2 125.3 121.8 141.5 71.4 65.8 63.1 53.5 57.6 66.1 71.7 67.2 63.5 62.5 61.3 59.6 52.3 44.1 43.0 44.3 43.8 38.2 48.0 50.4 52.7 48.4 47.2 49.8 58.2 63.6 71.1 74.2 79.0
68.9 70.9 71.4 69.3 66.0 63.5 61.8 48.1 59.4 55.9 53.5 53.1 57.0 61.1 48.3 60.0 59.6 56.3 48.8 48.5 45.7 95.9 100.0 101.3 103.0 88.3 64.4 59.4 56.9 56.5 55.8 59.1 54.2 59.2 57.0 60.6 53.4 55.6 61.7 61.5 56.4 57.4 57.2 53.5 53.6 53.4 52.5 58.5 69.3 126.2 127.6 126.2 125.3 121.9 143.7 72.0 66.2 63.4 52.8 57.7 65.8 71.9 67.1 63.3 62.7 61.3 59.5 53.1 43.7 43.2 44.4 43.8 39.5 47.9 50.8 53.2 48.6 47.1 49.5 58.3 64.9 71.1 73.8 79.0
68.8 72.2 74.3 69.9 65.9 66.9 65.5 46.8 54.3 55.7 55.2 51.4 59.1 60.6 51.0 61.2 60.5 57.7 52.3 51.8 45.7 97.0 98.7 100.6 103.5 60.6 67.1 62.1 57.1 57.5 58.2 61.0 55.2 59.6 58.7 60.2 55.4 55.8 61.4 61.4 58.5 58.4 56.3 54.1 55.2 54.9 53.8 59.4 67.2 111.8 127.8 127.3 125.9 122.8 128.4 74.4 67.9 64.8 56.0 59.8 70.3 74.2 66.8 63.0 63.9 63.4 64.3 57.1 46.3 43.6 43.7 45.1 42.7 49.3 50.8 54.7 47.7 48.5 51.2 57.1 58.9 71.5 75.7 78.9
70.1 72.7 77.6 72.7 68.2 72.0 67.1 51.1 58.1 58.3 54.9 53.6 60.9 59.9 53.6 62.1 61.8 60.7 54.4 53.1 44.6 97.9 100.8 97.4 68.7 61.9 67.1 64.8 58.9 57.5 59.1 62.7 52.9 63.0 60.5 60.4 56.5 53.7 62.2 60.8 58.8 59.3 54.4 54.7 55.5 53.9 54.2 58.4 68.1 106.7 128.2 127.7 125.9 124.2 83.6 76.4 69.1 65.6 57.9 63.8 70.9 75.0 67.7 62.3 66.3 66.9 68.6 60.9 47.8 44.3 43.5 47.7 46.4 49.8 51.1 56.2 49.6 48.2 50.5 58.2 57.7 71.1 75.6 78.7
72.5 73.2 80.2 77.8 71.9 72.0 69.4 53.3 55.4 61.5 60.1 55.5 62.0 60.3 55.7 65.5 63.5 70.7 59.3 56.3 44.4 97.1 89.3 66.4 45.3 64.0 68.8 65.7 61.7 59.9 60.5 63.4 58.0 62.5 65.0 61.0 56.2 53.2 64.1 61.5 60.5 59.0 54.0 55.3 55.8 54.6 55.0 59.1 69.6 102.4 128.8 127.9 128.1 121.8 77.1 78.4 70.5 67.8 65.0 65.8 70.6 75.3 66.8 65.2 67.0 72.7 73.7 68.1 50.7 46.1 45.8 50.7 50.0 51.4 54.2 57.7 51.1 47.8 50.2 58.7 58.2 70.5 70.3 77.0
76.1 74.6 81.7 81.1 76.6 72.1 70.5 57.1 57.1 64.1 63.4 57.0 63.0 63.3 58.9 97.6 110.5 105.7 98.3 73.8 45.1 93.4 58.6 45.4 48.5 66.1 67.2 66.0 64.6 60.1 62.9 63.8 58.5 62.9 65.1 61.4 57.6 54.1 64.7 60.1 60.9 62.4 55.6 57.2 56.4 55.5 57.3 60.1 71.9 99.8 130.3 124.3 125.2 109.6 76.8 78.6 73.2 68.8 66.4 67.7 69.3 74.7 66.9 73.7 85.2 79.2 78.3 80.1 59.1 50.5 49.5 52.4 51.4 51.4 53.5 58.5 53.2 47.3 50.0 59.1 59.9 69.3 68.7 74.5
76.3 74.4 82.6 84.5 77.1 74.5 74.1 60.3 59.8 67.1 66.1 58.4 62.2 65.0 80.9 107.9 111.3 112.8 108.9 100.6 46.7 60.5 45.0 44.6 46.6 64.4 67.3 68.5 66.9 60.7 62.4 64.1 63.0 64.7 63.8 62.7 59.0 57.6 64.7 59.8 60.6 60.4 59.3 59.6 60.8 58.7 62.4 71.3 70.7 92.5 122.0 106.3 93.5 89.5 77.9 78.7 74.6 68.8 71.0 68.6 72.9 73.9 71.7 82.0 96.3 91.2 88.5 92.4 76.3 60.4 50.5 56.6 52.7 51.8 54.7 64.1 53.3 48.6 55.5 61.4 62.7 66.5 66.4 72.4
80.8 75.6 83.9 88.6 80.6 76.6 76.4 63.3 62.1 70.8 67.3 61.4 61.9 68.7 104.0 113.7 112.2 112.7 111.3 104.7 66.2 45.8 45.6 48.1 52.8 63.8 70.3 68.8 67.2 63.4 61.4 68.0 68.4 73.9 71.7 71.9 73.0 68.5 67.5 63.4 62.2 62.8 62.0 62.7 66.4 65.4 68.5 80.0 71.5 87.0 96.5 86.6 88.5 88.2 79.6 81.8 76.1 76.5 77.1 79.2 75.0 73.9 80.6 94.5 109.1 112.5 113.0 105.1 86.1 67.4 53.2 60.0 56.5 52.8 55.2 64.1 56.1 49.7 55.2 60.8 64.8 63.4 64.4 71.1
83.3 79.5 84.0 89.8 82.6 78.6 75.1 66.9 65.0 75.3 69.8 80.3 78.0 100.2 115.1 115.0 110.6 113.1 111.0 110.2 93.5 58.4 53.0 54.4 53.1 65.3 72.5 70.7 72.0 78.7 76.0 80.0 85.5 85.4 87.2 89.1 89.6 83.4 76.4 79.4 68.2 72.0 72.0 73.1 71.3 75.1 77.6 84.0 82.3 92.2 89.7 84.3 88.5 87.7 78.4 86.2 84.4 87.9 80.6 87.0 76.4 78.8 91.6 105.8 118.1 119.0 119.5 118.6 97.9 74.9 66.9 59.1 56.9 53.4 56.2 64.3 56.8 49.8 55.2 61.6 66.0 63.7 63.9 69.7
101.5 85.1 96.6 110.5 95.1 81.5 80.1 86.4 107.7 91.7 99.7 109.4 107.3 114.0 117.0 115.9 111.7 112.6 112.0 115.4 105.7 82.7 72.1 64.2 55.3 75.3 79.9 88.3 95.0 94.2 89.8 96.7 102.3 98.2 100.3 100.0 98.4 97.7 86.4 93.1 83.7 83.8 74.8 82.4 84.7 89.3 90.7 92.9 93.0 95.0 89.6 88.7 87.7 94.2 92.8 94.5 93.4 103.1 86.8 93.8 88.1 90.6 102.7 115.7 121.5 120.6 124.1 123.7 114.1 86.0 84.4 65.4 57.4 54.2 57.6 64.4 55.2 50.2 56.1 62.0 67.4 61.6 64.0 70.1
116.4 116.3 116.3 113.7 116.9 115.9 118.0 114.3 116.1 113.8 111.6 119.0 116.0 116.9 118.2 114.1 111.5 113.2 112.1 117.1 112.2 111.7 104.1 104.8 100.2 104.6 110.5 106.9 110.6 107.2 112.2 108.0 112.8 109.4 109.3 108.3 112.3 108.9 100.1 104.5 105.7 105.1 87.1 100.9 102.7 102.9 105.8 103.1 105.2 109.5 95.5 101.5 101.0 102.7 103.0 102.3 101.5 106.8 98.7 103.5 100.7 113.3 109.6 120.3 123.4 121.7 124.7 126.7 120.4 103.3 100.5 74.6 61.7 61.7 60.0 62.6 59.2 54.5 54.4 63.4 68.8 60.2 64.0 70.5
119.2 118.2 117.6 119.2 116.5 117.9 117.4 115.2 117.5 117.0 116.9 120.4 118.7 119.2 118.9 117.0 112.3 113.3 111.5 115.2 114.9 113.8 112.3 113.9 112.5 114.6 112.3 115.6 114.8 114.9 114.5 114.3 118.3 117.4 116.3 116.2 117.2 114.6 113.7 115.0 113.9 115.5 95.5 113.6 115.9 112.5 114.8 111.9 114.2 114.3 112.1 110.7 110.3 110.1 110.5 110.4 112.6 117.2 110.4 113.5 112.8 117.3 116.5 124.0 125.0 122.2 125.1 124.8 124.0 112.3 112.3 92.7 88.2 82.2 72.4 65.6 63.4 73.4 54.4 64.4 69.7 62.7 65.9 70.3
117.9 118.2 117.8 117.7 117.6 118.5 118.1 114.3 115.5 117.4 117.0 119.9 119.1 118.2 118.3 117.8 112.9 114.7 110.2 115.8 114.4 114.5 115.6 114.6 113.3 114.5 115.6 118.9 115.9 116.4 115.9 117.2 118.5 117.8 117.6 120.4 119.2 118.2 120.3 120.6 117.8 119.9 120.2 120.4 118.9 119.2 120.9 117.9 118.4 117.8 118.5 116.4 115.2 115.6 116.0 116.5 118.2 118.1 116.5 117.3 117.9 119.3 122.4 124.5 124.4 122.9 126.5 123.8 123.5 119.5 119.4 126.3 111.9 100.5 107.4 83.4 70.1 110.6 103.7 68.5 67.6 69.8 64.5 70.9
117.9 117.0 116.4 116.4 118.6 118.6 117.1 116.4 116.2 117.2 118.0 119.9 118.7 118.4 119.8 116.9 113.1 113.4 110.1 116.3 116.5 113.8 116.1 116.0 113.1 115.2 115.4 117.1 116.0 114.8 116.9 116.9 116.2 118.1 118.2 119.8 119.2 119.9 120.4 121.3 121.1 121.2 122.7 120.3 120.8 121.9 119.8 120.9 118.8 118.6 116.7 117.0 118.1 117.7 115.2 118.2 117.6 118.4 120.1 118.8 118.0 121.2 122.9 124.6 124.5 124.6 123.8 124.7 125.8 125.7 125.5 127.5 128.8 114.5 120.7 114.5 85.1 119.6 118.0 100.5 112.6 103.1 114.8 84.1
118.3 114.4 118.9 116.2 118.1 117.2 117.4 114.6 113.8 114.1 115.2 119.7 119.9 117.5 118.7 109.2 114.2 111.7 111.0 115.8 117.3 114.4 116.9 116.6 115.1 115.1 115.7 117.4 116.8 114.7 115.9 116.5 118.0 118.3 119.4 119.8 119.8 118.2 120.9 121.9 119.8 121.2 121.8 122.0 122.9 120.9 118.2 120.3 119.4 118.2 117.2 117.9 117.6 117.4 116.9 118.7 118.4 117.8 119.9 118.0 121.9 122.4 123.7 125.2 124.1 124.5 126.1 123.8 128.0 128.1 126.9 127.5 127.3 126.3 125.9 124.4 126.3 125.5 127.5 124.0 127.5 122.8 125.3 121.5
113.2 60.4 112.6 83.7 113.8 109.4 114.8 105.4 111.9 110.5 110.4 114.9 114.3 109.6 117.3 102.7 112.7 97.3 111.8 110.9 114.6 112.5 115.1 113.9 114.5 113.6 112.6 114.9 115.8 114.7 116.2 116.5 116.0 118.3 119.0 118.2 120.0 117.5 118.6 121.9 119.4 121.3 119.7 120.9 120.8 120.2 118.1 119.6 119.5 117.5 117.5 118.3 116.7 117.6 118.0 116.3 118.4 117.9 121.0 118.7 121.2 122.0 125.7 123.7 122.2 123.0 124.5 119.4 125.8 129.2 127.5 126.8 128.7 126.8 128.9 125.7 127.4 129.1 127.4 130.4 129.2 126.7 127.1 127.3
61.5 69.9 60.5 64.0 64.4 66.6 65.3 67.8 65.8 65.4 60.8 93.6 63.3 87.5 52.7 52.5 52.0 71.5 47.0 80.3 103.1 100.9 115.5 98.2 108.7 85.4 111.2 111.5 115.4 108.9 113.7 109.8 113.1 114.6 116.9 112.4 117.2 111.1 115.4 116.8 114.7 117.5 119.0 115.1 118.2 116.8 113.9 118.5 116.5 117.2 115.3 116.4 117.4 116.1 115.7 116.5 118.0 117.1 118.8 119.1 120.9 122.9 123.9 123.9 124.0 121.9 124.1 118.9 127.4 129.7 127.4 126.4 128.7 125.7 126.7 127.3 127.9 128.0 127.0 131.1 130.0 126.9 127.3 127.8
64.0 62.4 63.0 63.2 64.0 62.1 64.5 64.7 66.5 60.7 58.3 55.3 50.2 56.5 51.6 53.7 50.8 48.1 47.2 52.0 51.1 57.6 59.5 61.7 64.5 69.0 66.5 76.7 69.9 91.1 83.2 82.5 86.6 100.7 74.2 95.8 107.9 101.9 110.2 110.8 115.1 111.3 116.1 93.8 114.7 108.0 90.1 112.0 89.1 104.9 93.9 101.2 113.6 107.5 114.6 88.9 121.9 111.5 119.2 119.6 120.6 119.6 123.4 121.9 123.0 121.1 121.6 118.5 124.3 126.7 127.5 126.9 127.8 125.0 127.3 126.4 127.8 125.3 128.6 130.5 130.8 125.5 126.8 127.9
64.1 66.9 68.3 65.2 65.2 61.6 63.6 64.2 65.2 59.7 56.2 49.3 51.7 51.3 54.0 51.3 50.3 47.0 49.5 48.4 50.9 52.6 54.2 57.8 62.3 65.8 65.9 67.9 68.1 67.8 71.5 72.4 72.9 76.0 74.0 73.4 86.0 75.8 76.0 95.2 101.0 96.2 76.9 77.2 79.1 77.3 78.5 80.0 75.7 77.5 78.1 79.4 89.2 78.9 77.3 82.1 78.0 78.8 81.5 111.2 96.8 104.3 118.4 115.0 120.8 113.3 120.5 115.1 119.9 116.9 126.5 125.4 123.9 123.7 124.7 122.8 126.4 123.3 126.4 128.1 128.9 124.1 127.3 126.0
70.7 70.4 69.0 67.8 66.8 64.8 65.8 66.1 64.0 56.8 55.4 50.0 55.9 52.6 51.3 46.2 48.3 46.0 47.6 47.2 50.2 51.4 57.7 56.8 61.2 64.6 62.3 65.9 68.4 70.1 66.5 69.1 71.5 74.0 74.0 74.0 74.8 74.9 75.7 76.7 77.3 76.5 75.4 75.3 76.3 75.6 76.3 77.3 77.0 74.6 74.7 75.5 75.2 75.1 76.1 76.6 77.7 76.9 76.3 78.8 74.8 74.9 74.6 97.5 87.0 93.4 107.0 108.3 111.4 100.2 111.2 81.9 116.9 112.5 119.6 101.5 118.0 87.8 123.5 100.1 126.2 85.9 123.9 112.0
69.4 72.3 71.7 71.0 66.2 67.3 65.8 65.5 63.4 56.1 55.3 49.9 55.1 54.4 52.5 43.2 50.0 45.5 43.8 47.7 50.6 52.9 56.6 56.7 61.5 68.2 63.1 65.4 65.7 69.0 70.3 69.0 69.6 71.7 71.2 74.4 74.9 75.4 74.7 77.0 77.5 77.0 76.6 75.4 79.0 76.3 76.2 78.0 76.8 79.7 76.1 74.9 77.3 76.8 75.8 77.0 78.9 76.5 75.1 75.2 74.0 74.8 73.2 77.4 78.1 77.0 81.9 79.2 74.6 78.3 75.4 74.7 75.0 78.6 77.5 77.9 76.4 88.0 76.8 80.0 74.1 78.4 82.8 83.1
73.5 72.3 75.2 74.4 70.3 70.5 67.6 65.5 57.9 56.0 55.3 52.3 55.0 56.6 52.6 42.6 46.5 47.3 46.7 48.0 54.6 56.9 58.8 55.9 59.3 66.6 66.0 65.2 69.1 68.2 68.0 70.0 68.9 70.6 72.6 74.7 72.7 74.7 74.7 75.5 76.1 80.4 76.4 76.2 79.1 75.4 79.8 78.0 78.7 77.8 76.1 78.5 74.7 77.9 74.1 76.2 77.8 77.0 78.0 75.4 72.8 75.9 73.9 73.6 78.2 77.4 81.2 78.4 79.3 76.3 77.3 74.8 76.7 76.8 78.9 77.1 75.8 76.6 76.8 76.8 79.5 73.9 69.6 72.0
74.4 73.7 74.8 74.8 73.1 71.3 67.6 61.9 53.9 55.6 52.4 54.0 54.8 55.9 56.5 43.3 48.4 47.8 46.9 52.7 56.2 57.0 60.0 57.1 62.6 63.2 63.6 64.8 67.9 67.7 67.6 69.8 70.5 68.9 71.6 72.5 74.7 73.6 75.6 76.5 77.1 80.1 80.2 76.7 78.0 76.2 79.7 80.0 74.8 76.4 77.0 76.6 77.1 78.7 73.8 77.4 76.1 77.6 74.8 75.4 73.6 73.2 75.4 73.5 78.0 79.1 81.1 77.8 79.0 76.0 75.9 73.3 74.7 77.4 75.7 77.7 79.0 77.0 75.6 76.2 77.2 72.5 73.2 71.3
73.1 75.2 74.2 75.4 74.8 72.3 67.4 60.5 53.6 57.8 51.5 55.5 53.2 54.8 59.3 44.1 48.3 49.9 50.7 56.3 57.7 58.2 59.5 62.4 63.1 60.7 65.9 66.4 68.2 67.6 68.8 68.8 69.9 68.2 69.7 71.0 76.0 74.4 74.4 75.3 77.3 80.6 78.6 75.8 78.7 77.2 78.4 79.2 78.9 77.7 76.3 76.7 78.1 77.0 73.9 78.0 75.5 75.1 76.8 75.1 73.5 72.4 75.4 73.5 75.8 78.1 83.1 78.0 77.3 77.0 76.7 77.3 74.7 77.8 77.6 78.5 79.2 78.0 77.4 76.5 77.2 75.7 73.6 72.4
73.3 74.4 74.8 76.2 74.6 73.0 63.5 60.1 56.2 58.1 49.9 57.0 57.3 54.4 60.4 48.2 47.5 50.8 52.8 57.6 60.4 61.9 63.5 62.2 63.7 63.1 65.4 65.8 65.4 66.7 67.6 69.6 69.5 69.1 71.7 72.0 72.3 75.1 73.1 76.1 74.8 81.9 78.4 77.7 79.9 78.1 79.1 80.0 79.4 78.9 77.3 76.7 77.1 76.9 77.5 77.9 76.3 76.2 77.2 73.4 73.7 74.9 73.3 74.7 76.7 77.1 78.2 77.2 80.0 79.0 78.4 78.3 81.0 77.5 78.1 75.3 78.3 78.5 77.6 78.5 76.9 77.4 74.6 72.9
74.3 73.4 75.0 74.9 74.0 73.8 66.2 60.4 58.7 59.1 53.4 61.3 60.1 55.3 60.5 50.5 50.6 57.4 57.9 61.4 61.3 62.3 63.5 62.4 64.0 62.5 64.4 68.0 66.5 67.2 67.0 68.4 69.1 68.9 71.3 71.5 72.9 72.3 72.3 76.1 76.1 80.8 80.0 78.7 79.2 78.6 80.0 82.0 77.6 79.8 76.6 78.1 79.6 77.2 73.0 76.5 76.4 76.4 77.5 75.0 75.3 74.9 74.3 76.6 77.6 78.5 77.8 78.0 76.4 80.4 78.3 77.3 77.7 77.4 79.3 76.2 79.4 79.2 80.4 78.0 76.8 77.9 74.6 73.1
74.3 75.1 74.1 74.1 77.4 73.8 65.7 60.6 60.2 58.6 56.0 65.5 60.8 57.3 61.7 50.2 53.3 59.3 62.3 62.6 62.2 63.1 63.0 62.6 64.8 64.8 67.4 67.6 67.9 68.5 69.8 66.7 68.4 68.6 68.6 71.2 74.7 70.9 73.3 74.7 74.7 81.0 78.7 77.6 80.0 78.5 79.6 81.0 79.8 79.0 78.3 78.6 79.2 76.7 76.4 75.9 77.2 76.8 77.1 77.2 75.7 77.2 75.9 79.4 75.9 77.9 77.9 78.9 78.5 81.3 78.9 79.6 79.9 77.6 78.6 77.2 76.5 78.5 79.1 78.0 77.3 76.9 75.8 74.3
74.9 74.0 72.4 73.2 75.5 73.1 65.6 60.1 61.1 58.1 60.9 65.8 65.2 61.8 62.3 53.8 55.7 61.2 61.8 65.3 64.0 64.8 66.9 61.9 64.7 65.4 64.1 66.7 67.1 68.1 68.3 66.4 69.6 68.3 71.0 71.9 77.6 71.7 72.8 74.5 74.8 79.3 81.7 78.0 80.1 79.4 79.5 81.6 78.8 79.3 80.3 78.9 78.8 76.5 79.4 76.8 76.6 77.8 76.7 76.3 76.3 77.0 77.5 83.2 77.0 78.3 78.3 79.8 80.5 81.0 79.9 80.6 77.8 76.1 78.0 77.7 77.6 78.9 78.3 78.6 78.3 74.3 76.7 74.6
74.4 74.3 73.3 74.0 75.4 73.2 63.3 62.4 65.9 59.1 64.5 65.2 66.3 64.6 63.9 61.2 59.6 63.5 67.6 66.4 66.1 63.3 67.1 62.0 66.0 65.7 67.1 66.2 66.9 68.0 67.7 67.4 69.5 69.6 71.5 72.4 73.1 71.6 71.4 74.5 73.7 76.6 80.5 78.8 82.4 79.9 80.4 81.9 80.5 81.0 79.0 80.1 78.5 77.5 77.8 78.1 75.9 79.0 78.0 78.1 78.9 76.9 77.5 80.6 78.7 79.8 79.5 80.6 80.1 80.8 79.7 78.4 77.8 77.4 79.5 77.2 77.0 77.7 75.8 78.3 79.2 76.6 76.0 75.1
74.9 74.9 72.2 76.2 73.6 72.8 67.1 63.7 64.9 58.9 64.2 66.5 67.9 66.0 65.2 62.7 60.9 65.4 64.0 66.7 66.5 63.1 65.5 62.7 65.3 66.6 66.2 66.1 69.6 67.9 67.2 67.5 66.5 69.5 70.8 71.0 70.2 70.7 72.7 74.9 74.2 74.1 78.4 79.5 80.0 80.2 80.8 82.1 83.2 82.1 80.6 79.0 79.0 77.3 79.4 78.1 76.6 76.9 78.6 78.6 79.2 79.3 78.0 78.9 77.7 79.4 80.0 80.8 81.7 82.5 79.6 78.2 79.1 79.5 80.1 78.2 81.0 78.4 78.4 78.3 80.3 77.5 77.3 77.3
76.3 75.4 73.9 75.2 71.5 72.4 65.4 65.4 67.9 61.2 66.4 65.7 67.7 66.6 65.2 67.0 63.5 68.3 67.1 67.7 68.2 63.0 66.4 66.0 66.9 66.8 64.4 66.8 68.3 66.6 66.1 67.7 69.3 69.5 71.1 70.4 71.9 70.7 71.4 72.9 75.8 73.3 79.8 78.0 78.9 79.9 79.8 82.0 79.2 81.5 79.2 81.0 79.2 77.3 82.6 76.4 79.8 78.9 76.3 79.5 79.7 80.2 78.4 79.0 78.4 79.9 79.1 82.4 82.7 81.6 79.2 78.7 75.8 79.9 77.0 77.4 82.3 79.1 78.2 78.8 79.7 77.4 78.6 77.8
74.4 75.4 73.6 76.0 72.4 71.3 64.0 62.6 66.4 62.7 65.5 65.8 67.8 65.7 67.2 70.1 68.1 70.6 68.0 65.1 66.1 67.0 68.1 67.8 65.8 66.2 66.0 67.9 66.3 68.6 65.1 68.6 67.6 69.3 71.2 70.6 69.8 71.4 72.5 73.9 75.0 74.3 79.2 80.6 83.6 79.9 80.1 80.8 80.2 81.0 80.1 80.4 77.3 80.0 79.7 78.3 79.8 78.3 79.2 81.1 76.3 80.6 77.9 79.0 79.0 80.2 81.1 82.3 81.7 81.5 79.3 78.7 76.9 79.3 79.7 77.4 79.2 80.4 78.3 79.0 77.1 81.0 72.3 77.6
76.9 76.0 74.0 76.2 71.8 68.4 62.2 64.6 66.3 63.5 67.5 67.3 68.1 65.5 66.9 70.2 69.6 72.4 68.7 66.9 70.7 66.8 68.0 69.0 66.8 66.1 67.1 66.8 68.2 65.8 68.7 68.0 67.8 68.5 70.4 69.4 72.5 67.1 72.0 74.8 73.8 76.6 79.3 79.8 80.8 82.0 82.7 82.0 80.9 82.2 79.7 79.7 75.9 81.2 80.6 79.9 79.8 79.3 79.2 79.3 79.1 80.2 78.5 78.4 79.8 79.5 80.8 81.5 81.8 82.5 79.2 77.2 78.0 78.9 80.9 77.2 78.6 79.5 79.8 77.9 79.8 76.9 77.5 80.3
74.9 76.5 74.2 73.4 70.3 67.3 62.3 64.8 65.3 65.8 68.5 67.2 68.2 65.6 67.4 69.8 73.4 73.1 68.8 67.1 70.3 66.6 67.7 68.9 65.2 67.1 65.8 66.2 65.9 66.6 67.7 68.1 67.6 68.9 72.5 70.9 71.6 69.3 70.2 74.1 73.1 76.9 78.3 78.2 82.4 81.9 79.9 82.3 81.3 83.4 79.8 79.2 79.8 80.3 80.7 80.4 78.8 79.2 79.4 80.6 79.6 80.0 79.1 76.3 80.7 79.7 81.7 81.5 82.1 82.6 79.5 77.1 76.4 78.4 80.1 77.5 74.0 78.1 77.9 77.3 78.9 76.5 78.3 78.2
74.0 76.7 73.3 72.4 72.3 67.0 64.0 65.7 63.2 65.2 68.0 66.7 69.7 65.6 67.1 71.4 77.4 73.5 70.1 69.3 69.5 67.0 66.4 68.2 68.0 66.8 68.0 65.7 66.1 67.3 68.8 69.8 68.0 70.8 70.4 70.4 71.1 70.8 73.2 73.2 73.3 75.5 76.6 78.7 81.3 81.5 84.4 82.9 80.0 84.0 79.1 79.2 78.8 77.9 79.4 80.4 82.0 78.3 83.4 81.6 78.0 80.5 79.7 78.8 81.7 79.5 82.6 80.4 82.5 82.3 79.1 77.3 80.6 78.5 79.2 77.8 77.0 77.2 78.6 78.6 75.4 77.1 77.7 77.1
75.1 75.3 72.6 73.4 73.2 65.9 67.4 67.1 64.9 64.5 68.0 68.5 68.8 64.1 68.0 70.0 73.4 72.1 72.6 71.8 69.2 69.2 67.9 67.4 63.6 65.9 65.4 66.1 64.8 67.5 68.6 68.1 68.3 69.7 70.2 69.0 70.6 71.1 69.9 73.4 75.0 76.2 77.0 78.3 82.2 80.1 82.8 81.5 81.0 80.6 81.7 80.1 79.9 80.1 81.9 81.9 80.7 80.5 82.6 79.2 77.7 80.0 79.5 81.1 81.3 79.1 84.6 81.3 82.4 81.7 79.0 75.7 79.5 76.9 80.5 79.6 73.9 77.8 78.8 79.9 79.4 78.9 80.4 77.5
72.8 74.9 72.4 72.0 75.7 65.4 67.4 67.6 62.9 66.2 68.0 68.0 70.8 63.9 66.6 73.6 74.2 69.7 72.0 71.3 68.9 67.9 67.1 65.9 66.4 67.5 68.2 68.3 66.0 67.6 67.8 68.0 66.7 69.3 69.2 69.6 71.9 68.9 70.4 74.0 71.8 76.6 76.3 76.6 81.3 80.2 79.2 82.3 81.6 80.1 81.8 79.1 76.8 80.6 78.7 82.3 80.2 80.6 83.6 78.4 79.5 81.7 78.4 80.7 81.4 81.5 82.4 82.5 79.3 82.6 78.8 75.0 76.8 78.0 80.8 80.1 77.1 76.5 77.4 79.7 78.5 79.9 80.0 79.0
74.4 73.5 74.3 73.8 76.0 64.7 66.4 68.1 65.8 66.9 70.4 69.7 70.9 64.0 69.2 74.1 73.2 68.0 68.5 69.9 69.1 68.0 66.1 65.0 66.1 69.4 68.3 68.3 69.3 67.7 67.4 68.2 68.0 68.4 68.8 67.8 71.7 70.3 70.8 72.8 72.5 75.7 77.2 75.0 80.3 80.4 80.1 83.1 81.5 80.0 81.4 79.4 80.3 80.5 78.2 81.6 80.7 80.1 86.7 81.8 78.6 82.5 80.0 83.4 82.0 81.6 82.1 79.4 80.6 82.1 80.0 71.7 79.2 78.3 82.0 80.2 77.8 78.6 79.6 79.7 81.7 80.8 80.2 78.7
