morphological_analysis/input_data/surveys/q07_9/matrix_q07_9s4.txt
north:            -537.50
south:           -1267.50
east:             2691.00
west:              -93.00
rows:                 148
cols:                 278
null:              -999.0
[rows 0 to 37 of 148, columns 168 to 251 of 278]
69.2 70.6 70.3 65.4 62.9 63.6 62.0 49.8 61.2 53.0 53.4 52.5 58.4 53.3 51.5 61.0 60.6 54.2 49.2 49.6 94.5 97.6 103.0 102.4 104.0 60.5 63.7 57.6 56.2 53.8 56.4 59.3 59.0 59.7 56.5 59.8 53.2 59.1 59.4 60.7 58.2 57.5 54.3 53.9 49.9 48.9 51.7 60.0 69.8 127.1 128.8 127.4 124.8 123.8 70.4 71.9 65.1 63.3 48.5 60.1 70.3 72.6 65.5 61.3 58.4 62.9 64.3 52.8 48.8 44.0 46.8 46.6 44.6 49.0 49.3 54.2 48.1 45.8 52.7 56.7 64.9 72.3 77.8 80.8
69.0 70.7 71.3 65.3 63.3 64.3 62.0 49.7 61.2 53.4 53.4 52.5 60.4 53.3 50.9 59.9 60.7 54.4 48.9 49.5 94.5 97.5 103.2 101.8 102.2 60.5 64.3 57.6 55.9 53.9 57.1 59.6 59.7 60.0 55.9 59.6 52.6 59.0 59.0 62.5 58.2 57.6 55.6 54.1 51.6 48.9 51.2 60.0 71.3 128.0 128.1 127.5 126.2 122.7 69.3 72.0 65.8 63.2 50.6 60.2 70.5 72.6 66.2 61.0 58.6 62.9 64.9 54.2 48.8 43.9 46.8 46.6 44.6 48.8 49.2 54.3 48.2 45.8 52.5 56.9 63.5 72.1 77.5 80.6
69.8 70.9 72.2 69.3 64.2 66.0 62.9 50.9 60.2 58.7 54.5 52.2 60.0 55.6 51.8 62.0 60.4 56.8 52.5 51.5 94.4 99.8 104.6 101.4 93.1 59.6 66.5 59.2 58.5 56.6 59.2 60.0 57.8 61.0 58.6 58.9 55.5 59.3 60.7 60.8 57.5 57.8 53.9 54.2 52.6 50.9 54.9 59.9 70.9 130.0 129.9 127.4 126.7 123.7 73.1 73.5 67.1 63.2 52.9 62.4 71.8 70.1 63.1 60.2 64.6 66.6 67.5 57.6 46.5 45.3 45.7 48.2 47.3 47.8 49.7 55.8 47.5 46.3 51.1 57.1 61.4 74.4 77.3 81.6
70.0 74.4 77.3 73.7 67.4 67.8 67.7 52.0 61.2 60.8 54.3 52.1 60.8 58.1 55.9 63.9 62.8 60.4 54.1 52.6 95.8 98.5 99.3 94.7 61.9 59.7 66.7 61.9 61.6 58.2 58.8 60.5 57.9 62.4 60.5 58.5 54.4 58.3 61.9 58.8 57.8 59.4 56.5 55.0 51.6 52.6 54.6 59.2 71.2 131.1 129.4 127.6 126.2 124.0 77.8 76.0 68.4 62.7 55.9 64.7 72.6 69.1 62.7 63.1 72.4 71.2 72.8 62.3 48.9 45.2 45.4 50.7 49.9 46.4 50.5 57.5 49.4 47.0 49.0 57.4 59.2 73.6 74.6 79.3
71.4 75.4 78.5 75.0 71.8 69.3 70.0 53.0 60.3 61.1 58.2 53.9 62.6 57.7 57.0 72.7 62.1 66.1 58.0 55.1 96.1 93.7 83.1 62.0 48.1 61.7 66.7 62.5 62.4 59.1 61.8 61.2 58.3 64.3 63.5 60.0 56.7 56.8 62.9 56.4 58.5 61.6 56.1 55.2 53.4 54.3 54.1 57.7 70.4 131.9 130.9 128.7 127.0 122.5 77.7 78.1 70.9 63.2 59.7 65.0 71.9 69.9 63.2 70.1 82.0 81.0 75.2 70.3 56.1 48.1 49.2 51.3 51.9 47.5 54.8 58.9 49.9 47.8 54.4 57.9 58.1 71.0 72.2 77.7
75.2 75.0 81.6 77.8 74.6 73.1 70.6 55.9 59.9 63.9 59.3 56.2 63.7 60.5 57.6 92.1 99.6 108.1 105.2 57.5 94.0 83.0 54.2 47.5 50.0 63.8 67.9 63.2 63.5 59.7 64.6 63.8 58.5 65.7 66.6 59.8 57.5 55.8 65.6 56.4 57.8 62.0 56.8 55.1 54.3 57.6 58.4 60.0 73.4 133.3 130.4 115.1 124.0 103.5 78.1 78.2 72.1 64.2 64.7 64.7 70.9 69.3 68.4 79.7 89.7 86.3 81.2 79.6 68.0 55.1 49.6 52.4 53.4 49.1 55.6 59.5 52.2 47.3 52.3 58.3 60.7 70.0 66.3 75.4
76.1 74.7 84.2 79.5 76.7 76.1 73.7 58.3 61.2 65.9 63.2 57.8 63.0 65.0 87.3 112.6 110.6 111.2 111.8 82.3 73.8 55.6 46.3 48.4 50.3 63.8 68.7 65.8 66.6 60.3 64.1 63.9 61.7 65.9 64.5 64.4 59.5 56.7 66.1 59.5 59.7 59.2 60.0 60.1 58.0 60.3 62.1 69.2 75.7 130.3 120.3 102.9 119.1 90.9 79.5 79.5 73.7 71.0 68.5 70.3 72.2 69.3 74.4 88.8 101.2 92.2 90.6 95.2 75.9 63.3 51.6 54.0 56.0 50.6 55.3 61.2 51.1 50.2 55.5 59.1 61.9 69.1 66.2 74.3
78.1 76.0 83.7 81.1 79.2 78.0 73.8 61.3 62.5 70.3 69.9 59.3 62.5 74.0 111.0 115.5 112.6 111.4 112.4 98.0 48.9 44.1 44.5 49.9 53.0 64.4 68.0 67.9 67.8 61.7 62.9 65.7 67.5 72.8 72.9 72.7 71.9 70.1 68.1 61.5 61.2 68.4 60.2 63.9 64.1 67.6 69.9 76.8 78.0 112.0 100.1 81.9 88.4 88.2 80.0 81.5 75.9 77.2 74.5 77.3 71.1 80.1 83.6 99.0 111.4 113.2 112.0 106.8 88.1 76.0 63.5 51.8 50.5 53.2 58.1 63.2 52.6 50.5 56.5 60.3 63.3 66.3 65.4 72.9
82.4 79.1 85.6 84.6 80.7 79.1 74.8 69.5 68.1 78.4 72.4 70.2 89.9 104.3 114.9 115.3 113.1 111.5 111.4 106.1 84.7 53.0 52.8 55.0 56.2 65.8 67.5 75.9 70.1 73.9 77.2 81.8 82.3 87.7 82.5 87.0 86.2 88.3 67.7 71.8 65.7 76.2 71.2 72.6 72.7 78.1 80.6 86.0 83.2 88.2 88.6 81.8 89.2 89.1 82.6 91.0 82.8 85.4 79.9 85.9 80.1 88.3 92.4 108.2 119.2 120.7 120.5 115.3 98.0 86.9 78.8 56.8 51.9 53.8 58.9 62.9 55.8 50.1 56.5 62.8 63.5 66.9 66.1 70.9
106.9 96.6 98.3 102.9 96.6 108.8 89.9 83.5 81.0 89.7 101.8 100.9 105.3 114.5 117.2 114.1 114.0 111.7 111.6 111.9 102.6 82.2 70.0 66.0 64.6 70.9 74.1 95.2 95.6 94.2 91.6 98.6 99.2 98.8 94.3 98.5 100.3 100.8 94.1 84.9 81.6 80.0 84.0 84.1 83.0 87.6 91.7 93.8 90.2 86.9 90.6 83.5 87.6 90.2 89.0 97.7 90.9 94.6 86.7 93.8 88.2 96.0 105.3 118.3 121.2 122.6 123.3 123.5 111.7 88.8 94.0 66.5 59.5 60.7 58.9 63.3 56.3 48.8 56.8 63.8 66.6 64.2 66.7 69.7
116.7 115.5 114.3 112.5 117.2 112.2 115.4 115.4 113.2 113.8 117.2 112.4 113.6 117.9 118.5 113.3 112.8 112.0 111.5 115.7 112.1 104.5 109.7 103.5 105.5 102.9 106.0 109.0 110.2 107.7 110.1 108.3 109.0 108.8 108.3 107.2 110.2 110.2 107.5 104.6 104.3 111.1 103.9 101.2 88.7 100.2 108.6 102.5 102.1 95.0 98.6 99.8 102.1 103.5 100.3 105.5 99.3 102.2 95.7 101.6 103.8 106.3 110.4 121.4 123.2 123.1 124.6 124.8 115.4 99.6 103.9 80.9 70.7 68.1 62.1 65.1 58.1 51.5 56.6 64.4 67.1 62.4 66.5 69.7
118.3 118.7 118.8 116.2 116.2 118.3 117.5 116.7 117.1 115.8 117.1 115.9 117.2 118.7 117.1 114.5 114.3 112.0 110.9 116.7 114.2 114.8 114.0 113.0 114.3 113.9 113.6 116.3 114.6 114.6 116.3 112.7 113.7 114.7 117.3 115.7 115.4 114.4 115.0 114.9 113.5 119.8 121.8 112.7 106.5 113.5 113.4 112.0 113.8 111.0 111.9 111.2 110.0 111.5 111.7 113.9 108.3 114.0 113.3 107.4 110.5 114.2 118.5 124.0 122.5 124.0 124.2 125.8 122.5 113.7 113.8 94.4 95.5 90.3 77.4 71.7 63.3 76.0 53.9 64.5 66.1 65.8 65.8 72.2
118.9 119.4 118.6 116.3 117.6 118.7 117.6 117.1 116.1 115.9 115.7 117.5 119.1 119.0 118.8 115.4 113.2 112.5 111.5 116.0 115.1 116.8 113.3 115.5 115.2 117.4 115.2 114.6 116.3 116.6 115.3 116.2 117.5 116.7 118.0 117.9 119.4 118.0 119.3 119.5 122.0 120.9 119.5 118.4 112.6 121.5 119.9 118.2 114.1 116.5 118.9 117.5 117.9 116.7 116.4 116.9 117.0 118.3 114.9 114.1 119.3 119.4 123.2 124.7 123.5 123.6 125.7 126.2 127.1 120.9 120.0 112.9 111.7 105.6 111.1 79.7 73.6 105.9 104.9 66.0 66.3 103.0 69.2 76.3
118.0 118.8 118.4 115.0 118.5 118.4 116.9 118.1 117.0 116.2 117.7 117.7 120.8 119.6 118.9 113.8 112.6 113.0 111.9 116.7 116.1 117.0 114.0 116.2 114.7 116.3 114.9 116.4 116.7 115.2 116.6 117.5 116.4 118.2 118.7 119.0 120.9 119.7 118.8 120.0 120.9 121.2 119.1 120.3 120.7 120.5 119.1 119.6 117.7 117.8 118.1 119.6 118.8 117.9 117.7 119.1 118.6 118.2 119.9 120.7 120.1 120.2 124.5 125.1 125.2 124.8 125.6 126.1 129.5 125.2 124.4 125.8 123.9 120.5 120.0 118.1 99.0 119.3 113.1 83.8 110.8 115.5 115.7 101.9
117.9 117.0 119.0 113.3 116.8 116.4 117.1 118.0 116.4 115.1 116.6 116.9 119.6 119.2 117.5 113.9 113.7 110.9 111.6 114.5 117.4 114.5 113.7 115.6 114.4 115.8 114.9 116.2 115.6 115.1 117.2 116.7 117.3 117.8 120.2 118.0 119.1 118.6 120.7 121.9 120.2 122.4 121.2 120.4 120.0 119.7 117.6 120.2 117.4 117.0 119.0 119.5 118.9 118.5 118.3 118.8 118.9 119.8 117.2 121.2 121.1 122.3 125.5 124.5 122.9 125.2 125.2 125.6 128.2 128.2 126.2 126.2 125.8 128.1 125.5 125.5 128.4 128.0 124.8 126.3 125.4 124.4 127.1 124.6
94.3 109.1 99.6 66.2 109.7 103.5 113.7 109.3 113.8 107.9 110.7 98.6 116.0 110.6 117.0 108.9 114.5 98.7 100.5 107.3 115.3 112.5 111.6 113.1 114.2 112.9 113.8 114.2 113.2 113.6 114.1 115.9 116.8 116.4 117.1 116.7 119.8 117.5 117.8 121.0 121.3 121.6 123.2 120.3 120.2 119.6 120.0 120.0 117.5 116.9 116.5 119.3 118.2 117.1 117.9 118.5 119.4 119.5 117.4 121.2 120.6 123.1 126.2 124.6 123.3 124.4 126.0 122.6 128.5 128.9 129.3 124.9 126.9 130.4 126.4 127.9 128.0 127.9 127.5 127.7 131.1 126.8 127.3 128.4
50.9 57.2 60.8 66.2 69.6 68.4 69.0 73.5 70.4 73.0 99.0 77.5 73.1 98.4 73.6 73.8 70.1 55.9 51.7 78.0 98.9 103.5 110.0 93.9 107.0 78.3 110.0 99.5 113.1 107.9 113.4 110.7 113.1 108.8 114.0 114.4 116.2 114.2 117.6 108.8 117.7 118.7 118.0 118.1 117.6 117.6 117.4 109.4 117.2 114.2 117.8 115.8 120.6 115.9 119.2 118.2 119.7 117.1 121.0 120.8 121.9 120.1 124.0 123.4 122.8 123.8 122.9 124.3 126.0 129.3 127.5 124.4 127.4 130.7 126.7 127.3 129.2 128.6 128.5 128.1 128.7 128.1 128.8 128.5
52.7 52.2 57.4 55.5 61.8 64.6 69.3 70.2 69.0 68.1 70.9 72.0 70.5 73.1 72.8 71.6 71.6 56.0 55.1 51.9 53.5 55.9 54.5 58.2 56.9 56.8 59.3 66.5 58.8 70.2 78.1 83.8 62.4 89.5 64.5 103.4 107.2 107.8 114.1 82.5 113.6 111.3 116.5 101.2 110.5 107.1 80.6 89.3 79.4 99.9 75.8 90.8 111.9 89.0 92.5 109.5 119.5 108.1 121.7 119.0 120.0 112.2 124.1 122.3 122.6 121.2 121.9 121.6 124.1 128.4 130.4 123.1 125.0 127.5 126.0 127.8 129.6 128.9 128.9 125.4 126.0 127.9 129.8 128.6
47.9 54.1 53.7 58.8 62.2 65.1 66.5 69.2 67.4 69.5 70.0 71.1 71.8 73.4 72.4 71.5 71.4 59.1 53.0 52.3 53.7 53.1 53.9 52.6 55.1 55.5 53.9 57.6 56.3 58.7 54.4 61.5 60.2 66.1 63.6 66.6 70.5 71.5 72.3 73.8 84.3 92.5 74.8 78.1 77.1 79.0 80.3 77.9 79.1 77.4 74.5 74.1 72.0 69.4 66.1 72.0 69.7 74.6 74.7 106.5 104.0 85.9 116.2 113.5 118.2 115.4 120.6 116.9 124.2 120.5 124.0 122.5 124.3 122.8 127.0 125.4 123.7 125.6 126.4 124.2 125.3 125.3 128.4 125.9
51.0 56.6 55.5 62.3 62.6 66.2 66.3 69.7 69.9 69.6 70.6 71.6 72.1 72.7 71.0 71.8 71.1 64.0 53.6 53.6 51.0 53.9 53.4 53.8 52.7 55.9 52.6 54.5 57.3 56.6 56.6 58.4 59.5 64.3 64.7 63.7 67.4 69.5 68.0 71.4 75.5 75.7 75.3 79.0 78.3 78.3 77.0 77.4 75.7 76.9 75.7 72.7 73.7 69.5 66.6 66.2 69.5 70.1 71.4 77.4 78.7 75.9 80.6 94.2 76.4 91.9 86.7 110.4 99.3 97.9 117.0 105.8 114.1 105.5 120.5 114.9 118.2 103.5 124.0 85.6 123.0 120.0 125.0 115.5
50.0 57.0 59.4 60.7 62.3 66.2 67.5 69.8 70.6 69.6 70.8 71.9 70.8 70.7 73.2 71.9 72.5 66.3 56.3 54.7 52.6 54.7 54.4 54.0 55.1 54.5 53.2 55.1 62.6 58.2 56.8 58.0 61.5 61.4 63.0 63.8 65.2 67.1 65.3 70.7 73.5 75.3 77.5 78.9 75.8 77.8 76.0 78.3 76.2 75.6 74.4 72.4 72.8 70.9 65.0 65.9 69.7 70.7 66.5 72.6 78.4 77.1 81.2 79.7 81.6 81.6 80.1 78.1 78.9 74.6 71.1 78.6 81.4 79.3 77.4 79.6 78.1 78.3 76.8 81.1 78.6 77.1 66.6 70.3
54.2 59.3 59.2 59.5 63.7 65.2 65.5 70.0 68.4 70.7 70.4 69.8 71.9 71.8 72.7 72.6 73.1 68.4 60.9 55.2 53.9 55.5 56.0 53.4 50.4 53.3 52.8 55.2 54.8 55.9 57.1 56.6 59.4 61.4 62.7 64.0 66.0 67.4 68.2 69.6 70.9 76.3 78.7 77.5 79.8 76.9 77.9 78.3 76.7 75.4 77.1 73.0 72.6 72.6 70.3 68.6 70.2 72.8 67.9 77.3 77.6 80.1 79.2 78.3 82.3 78.1 80.7 78.6 78.2 73.8 77.4 74.1 76.4 77.2 78.8 77.9 77.2 76.5 75.5 75.9 75.5 74.5 68.4 70.6
55.2 60.3 62.8 62.7 64.3 64.5 66.5 69.5 68.1 71.3 69.7 70.9 71.5 71.7 71.8 71.6 70.9 68.4 63.1 58.8 55.3 54.7 56.0 54.6 52.7 55.0 55.6 55.2 56.2 55.7 59.2 58.4 59.4 62.8 65.6 64.4 66.2 63.8 68.8 68.9 70.5 74.7 77.0 77.5 81.0 77.9 77.4 79.2 77.2 79.1 78.3 75.9 77.6 77.1 73.4 71.4 69.7 72.9 71.0 75.4 77.7 80.6 79.5 81.7 82.3 82.4 80.8 80.1 79.6 75.5 76.0 75.2 76.3 79.3 78.3 78.2 77.6 76.1 76.8 74.6 74.9 73.3 68.4 73.9
61.6 62.2 65.0 64.6 65.4 64.8 67.5 69.4 69.4 69.0 70.2 71.2 70.4 70.0 70.3 71.9 71.9 70.4 65.7 63.8 60.3 56.9 56.6 56.8 58.6 56.9 58.3 57.2 55.9 54.8 54.5 58.1 61.4 63.5 67.4 64.8 65.3 66.2 66.6 68.2 68.3 72.8 75.9 77.3 80.1 78.4 78.8 80.0 79.9 80.3 79.1 78.0 80.5 80.9 73.5 73.7 71.0 73.9 74.6 77.7 76.7 81.2 79.6 83.9 81.7 81.2 81.9 81.2 79.1 78.0 72.3 76.8 77.8 79.6 78.5 77.1 78.9 77.8 75.5 74.8 73.6 74.4 73.2 74.9
62.0 63.9 64.9 65.8 66.6 67.2 68.0 69.7 69.4 72.6 69.8 71.7 73.7 69.2 71.3 69.8 73.3 70.5 65.2 65.3 63.2 58.3 57.7 58.0 57.9 58.6 62.8 59.1 55.3 56.7 59.3 60.2 62.1 63.3 65.6 65.1 66.0 65.2 68.6 69.7 70.6 72.2 74.2 76.5 76.7 80.3 81.5 80.7 82.7 79.0 79.2 82.2 84.0 81.2 78.7 74.8 72.8 76.4 77.1 78.4 77.4 79.4 79.1 85.7 83.1 81.4 83.1 81.1 81.7 77.1 77.4 75.6 76.6 77.9 78.1 76.2 76.9 78.3 77.9 76.4 75.7 76.1 69.7 74.3
61.4 63.3 67.1 67.1 67.2 67.7 67.1 69.9 69.2 69.9 69.0 71.4 72.5 71.1 72.1 71.5 71.6 67.8 66.5 65.9 63.9 59.7 58.3 58.7 57.6 60.0 59.4 60.9 59.6 59.2 60.8 60.9 65.6 64.2 65.9 65.0 67.5 66.4 66.8 70.0 69.4 73.2 72.5 75.1 78.2 80.0 79.9 81.3 82.1 80.0 81.4 83.8 80.8 81.0 78.2 77.2 77.1 76.1 79.8 77.6 75.9 78.9 81.7 83.0 83.4 81.0 81.0 79.1 81.7 77.4 79.3 77.5 80.5 78.7 77.7 74.7 79.5 77.9 78.9 76.3 77.1 75.2 77.0 72.6
61.0 62.8 65.2 66.1 69.5 69.5 70.7 68.7 68.4 68.5 69.6 69.8 73.0 72.6 71.4 71.6 69.5 66.5 64.1 65.7 61.7 61.8 59.8 60.5 59.8 61.6 60.3 61.3 61.5 61.7 63.4 62.9 65.8 65.4 67.1 66.7 65.4 67.6 66.8 70.0 69.6 74.2 72.1 74.1 77.3 78.2 80.6 81.9 82.1 81.3 81.8 86.8 81.3 82.6 80.4 81.6 80.1 79.7 79.9 78.5 78.2 80.8 80.3 80.3 83.8 83.3 83.7 81.9 82.0 78.1 78.5 78.0 77.9 79.3 77.6 76.3 78.1 78.8 78.1 77.0 78.4 75.6 79.3 76.7
60.3 62.4 62.5 64.2 66.5 67.8 69.4 68.9 68.6 68.3 68.6 70.2 71.6 71.9 73.7 69.6 68.1 65.4 63.7 64.7 63.2 62.6 61.9 61.3 60.2 59.7 61.6 63.4 60.4 62.0 63.8 64.7 66.1 66.5 66.8 66.2 67.9 68.4 68.7 70.4 70.7 75.2 73.1 73.6 76.7 75.1 82.3 81.5 82.8 81.5 82.7 84.9 82.2 80.9 81.5 81.9 81.1 78.3 79.9 79.8 79.4 79.9 80.9 78.4 85.2 83.6 84.3 80.6 81.8 80.0 79.9 78.7 78.9 80.8 79.3 78.2 77.4 78.3 75.9 76.7 75.2 77.4 78.5 76.5
60.4 61.3 61.2 61.1 63.2 64.2 71.4 68.5 70.0 70.0 72.1 71.1 69.9 71.2 71.7 68.4 68.9 64.4 64.9 62.4 62.6 62.3 62.0 61.7 62.1 60.7 62.2 63.3 66.3 62.3 64.6 64.1 64.0 66.4 68.1 67.0 69.8 68.0 71.7 69.6 69.9 73.7 71.4 73.6 75.6 76.0 79.3 80.1 84.0 84.1 82.7 81.8 82.5 81.1 81.2 82.6 81.4 78.5 79.7 81.3 81.1 81.9 81.8 79.4 82.0 82.9 81.1 80.6 81.5 80.5 79.7 78.2 77.4 79.4 78.3 79.8 78.1 77.1 78.7 78.2 76.4 76.8 76.0 77.4
62.5 61.9 60.3 61.4 61.5 64.1 65.6 68.7 66.3 68.8 69.5 70.5 70.1 70.5 73.4 66.3 69.5 63.0 62.7 59.7 60.6 60.2 61.0 60.6 62.7 62.3 64.3 64.6 62.6 64.5 63.9 64.1 63.3 67.7 67.3 68.4 68.8 67.6 73.4 69.8 69.4 73.7 75.5 73.6 76.0 74.8 80.4 78.7 83.6 83.1 82.1 78.8 83.2 81.6 81.9 82.0 82.4 79.0 80.7 82.6 80.6 81.0 79.3 80.8 84.0 84.6 82.8 82.6 82.7 80.0 79.5 78.9 79.0 75.1 79.0 79.9 79.2 77.7 78.9 79.0 74.9 77.5 76.7 77.3
61.8 62.2 61.5 61.1 61.6 63.3 65.3 66.5 70.0 66.3 68.3 69.3 70.0 71.3 71.5 65.6 65.6 62.7 58.7 61.4 59.9 60.4 60.7 63.0 64.2 64.5 64.9 64.1 64.7 67.7 63.9 64.8 64.7 66.3 64.9 67.3 68.0 68.3 72.6 68.8 70.8 73.7 72.2 73.6 75.0 75.8 78.6 79.8 80.2 82.8 83.9 80.8 83.4 81.0 83.0 83.3 81.3 78.4 78.4 81.6 80.6 82.2 81.3 82.3 82.4 83.5 82.1 81.6 82.2 80.3 79.9 78.9 79.1 80.5 79.6 80.4 77.5 78.2 78.8 78.7 76.5 78.1 75.8 77.5
63.2 62.2 61.7 61.8 61.2 61.8 64.5 66.2 67.5 64.8 69.1 70.3 70.8 71.3 69.2 64.1 63.3 61.3 61.4 59.1 59.5 59.5 62.3 61.8 66.0 63.9 62.6 65.4 62.8 66.0 65.8 65.5 66.6 66.3 68.4 67.3 70.5 70.4 69.8 69.5 71.0 69.4 70.4 74.0 75.6 76.4 75.1 79.8 80.0 81.9 83.5 81.0 82.1 82.1 84.8 84.2 80.0 78.4 80.7 81.7 81.5 82.0 83.1 82.6 85.3 83.3 81.4 82.2 82.3 81.4 81.7 77.6 78.2 78.7 80.5 80.9 79.5 77.4 79.8 77.9 77.5 78.5 77.3 77.2
65.7 62.3 60.7 61.6 60.7 59.6 62.1 64.6 63.8 66.2 67.7 67.7 66.9 68.6 68.4 64.0 62.8 60.1 60.5 58.7 60.2 58.7 61.9 61.8 63.3 64.0 65.3 66.3 66.2 67.5 66.6 66.1 68.3 68.2 67.8 68.5 68.7 67.9 72.8 69.5 72.2 69.7 72.6 73.7 75.9 76.9 76.3 79.4 80.3 82.0 83.2 82.0 82.8 83.7 83.1 85.1 79.9 79.1 81.4 82.6 83.1 81.8 83.1 83.0 82.5 82.3 83.1 83.0 80.3 81.1 79.2 76.7 79.2 78.7 74.9 78.8 77.8 76.9 80.6 76.8 79.0 77.6 75.5 78.2
64.7 65.4 61.2 62.8 61.0 59.6 63.5 64.3 65.4 66.3 66.2 65.7 68.5 67.0 65.2 63.9 60.1 59.7 59.6 58.9 59.6 60.5 62.4 61.9 64.6 66.1 66.0 66.6 65.6 69.4 65.9 67.6 65.3 67.7 65.4 68.5 68.3 69.3 72.8 72.0 70.0 69.0 74.1 73.6 76.1 76.3 79.4 79.3 82.1 82.5 81.1 82.8 80.1 85.4 80.9 85.5 81.1 78.3 79.6 82.9 81.1 80.2 85.4 82.6 82.4 83.4 85.6 83.2 83.5 79.8 79.7 76.0 77.3 79.1 78.6 79.1 77.7 77.3 78.9 77.7 76.7 76.0 76.3 78.4
65.1 64.6 61.4 61.9 62.0 60.5 62.7 62.5 63.0 65.9 65.9 63.8 66.3 65.3 65.0 62.7 62.0 58.3 56.8 58.9 60.7 61.4 63.8 63.0 64.7 67.0 69.6 66.8 67.4 69.3 66.5 66.7 69.0 67.2 68.0 68.4 70.0 70.3 72.3 70.5 72.0 70.1 74.6 73.3 75.4 76.0 80.4 79.3 81.3 82.7 83.1 83.4 83.9 84.7 83.1 82.1 83.9 79.7 79.2 81.9 80.6 81.2 83.5 84.9 84.1 82.1 80.1 80.9 82.9 82.3 80.7 75.9 75.0 79.2 78.1 77.4 79.2 78.8 80.0 79.4 78.3 78.2 79.2 78.0
66.8 64.9 59.5 61.0 60.4 61.8 61.4 62.4 61.0 64.6 64.5 62.6 64.5 60.8 62.6 60.3 60.0 57.3 60.2 58.0 58.5 61.3 64.8 65.2 65.8 67.1 67.9 66.9 66.3 68.4 67.4 66.6 70.3 67.6 69.6 67.6 71.3 70.0 69.6 71.7 73.2 72.3 73.4 73.4 75.2 77.0 81.6 79.6 81.2 82.3 81.5 84.7 82.3 82.7 83.6 81.8 80.4 78.9 77.9 82.3 78.9 80.9 83.0 82.0 83.9 81.9 82.8 81.6 80.0 81.8 78.9 74.7 77.4 79.8 79.3 78.3 78.9 79.5 78.8 78.4 78.0 79.4 80.9 77.5
64.6 64.9 62.8 62.0 60.6 62.1 63.1 62.9 58.8 66.3 61.9 62.3 61.3 61.6 63.0 59.2 56.4 57.2 56.6 56.8 59.0 60.7 66.0 65.9 66.8 67.4 67.6 67.9 68.5 68.4 68.6 66.7 66.8 68.7 68.2 68.1 69.3 70.0 70.2 72.2 71.8 73.8 70.5 73.8 75.4 77.3 80.8 79.2 80.3 82.9 81.6 84.9 84.8 83.7 81.3 82.9 80.0 78.9 77.3 80.9 80.3 80.6 83.5 80.8 83.8 82.3 80.2 80.9 82.7 80.1 78.7 73.1 78.5 80.8 78.8 78.5 79.6 77.4 78.0 78.8 78.2 79.9 77.0 77.7
66.5 65.2 63.0 61.3 61.6 63.0 62.9 62.6 59.7 62.4 62.3 60.6 60.2 61.0 58.1 58.0 56.2 57.2 56.4 56.5 59.6 61.7 63.1 67.1 64.7 68.0 68.1 69.4 66.9 69.1 71.9 68.5 64.8 69.0 70.8 68.3 71.2 70.4 67.2 72.6 71.5 72.2 72.6 74.1 75.4 77.1 75.9 78.7 81.1 82.4 85.3 85.0 84.9 84.5 82.6 82.1 80.8 79.8 78.9 82.9 80.1 81.8 79.8 82.4 85.9 83.1 81.3 82.5 81.7 82.3 75.6 72.0 78.6 81.5 77.5 82.1 80.7 79.6 78.7 78.8 77.8 78.7 78.4 78.1
