morphological_analysis/input_data/surveys/q07_9/matrix_q07_9s1.txt
north:            -537.50
south:           -1267.50
east:             2691.00
west:              -93.00
rows:                 148
cols:                 278
null:              -999.0
[rows 0 to 37 of 148, columns 0 to 83 of 278]
78.2 82.5 72.1 66.3 72.7 68.0 65.4 67.1 74.5 72.5 71.2 78.8 57.1 64.9 67.1 67.3 68.5 81.5 70.8 67.1 63.4 63.2 61.5 -999.0 60.5 60.8 59.0 67.9 57.1 72.1 57.6 94.6 58.6 63.7 84.5 -999.0 109.8 -999.0 -999.0 -999.0 97.6 -999.0 61.7 67.1 61.5 65.0 64.3 60.0 56.5 51.9 53.1 58.0 60.5 59.8 62.5 66.1 69.7 67.4 64.5 69.9 68.7 63.9 61.5 59.8 58.9 64.9 62.3 64.3 63.8 58.4 66.2 59.7 53.3 53.6 57.9 49.9 53.4 50.4 50.3 57.1 58.4 55.3 53.3 45.8
74.2 82.5 73.5 67.2 72.8 68.3 64.4 67.9 75.6 73.0 69.2 81.4 63.8 64.7 63.0 68.4 64.3 82.8 67.8 73.0 63.2 63.3 60.1 96.2 60.9 68.6 59.2 67.9 57.1 72.1 58.0 94.6 58.9 61.7 86.4 -999.0 109.8 -999.0 -999.0 -999.0 115.1 -999.0 63.5 68.9 60.7 64.9 63.7 60.0 56.5 52.3 52.1 58.0 60.4 59.9 62.3 66.4 72.6 67.5 63.3 69.9 69.1 63.7 61.2 59.4 59.2 64.9 63.2 64.2 63.4 58.2 66.4 59.6 52.6 53.5 57.6 51.0 53.4 50.3 49.8 57.1 58.0 55.3 53.6 46.9
91.2 82.5 83.5 77.7 72.4 72.6 73.7 75.2 75.9 76.7 80.3 82.4 83.3 81.4 84.5 81.4 83.7 99.4 84.5 101.8 65.2 81.2 83.1 96.2 76.8 63.7 65.3 67.9 67.2 72.1 76.7 94.6 77.6 95.0 100.5 -999.0 109.8 -999.0 -999.0 -999.0 111.7 -999.0 70.1 76.9 64.4 68.5 65.0 60.4 56.8 53.9 54.8 59.3 63.7 62.7 65.6 66.5 75.4 71.0 65.8 70.8 71.9 66.4 62.8 65.2 61.1 66.4 65.4 66.5 65.6 63.4 68.1 62.1 56.1 55.4 61.1 52.2 55.3 51.2 52.5 58.0 60.2 57.6 54.5 55.1
86.8 82.5 81.5 90.8 72.5 91.8 72.8 90.0 75.6 96.1 99.7 98.5 79.0 96.4 101.5 81.9 79.8 104.0 77.5 102.7 96.0 96.8 96.5 96.2 97.3 69.7 74.2 -999.0 76.8 72.1 96.5 94.6 93.3 102.3 97.3 -999.0 -999.0 -999.0 -999.0 -999.0 115.1 -999.0 106.2 82.3 74.4 74.1 67.4 63.2 59.5 55.3 56.6 62.6 65.0 67.6 69.3 68.6 78.1 74.1 67.0 72.1 73.3 67.7 67.3 66.3 63.1 67.9 65.9 69.8 66.3 65.7 70.7 64.2 57.5 58.4 64.3 53.5 56.6 52.1 55.3 59.8 61.4 63.0 83.1 100.9
91.2 -999.0 83.5 95.2 72.4 93.6 74.0 95.6 75.9 96.9 95.9 99.2 83.4 97.0 98.3 -999.0 83.8 104.0 84.7 -999.0 100.4 99.4 100.1 96.2 93.4 -999.0 74.2 -999.0 76.8 -999.0 92.5 -999.0 94.2 105.0 101.4 -999.0 -999.0 -999.0 -999.0 -999.0 -999.0 -999.0 108.4 102.1 96.5 100.7 84.2 77.7 69.7 72.5 59.5 67.4 73.4 71.6 69.2 73.3 79.8 75.9 68.3 72.0 76.4 68.4 67.1 69.7 66.0 68.5 69.5 69.7 70.5 69.3 70.7 67.0 60.6 61.8 65.1 55.4 56.8 55.7 56.8 61.7 58.6 77.9 100.2 110.4
-999.0 -999.0 -999.0 -999.0 -999.0 -999.0 -999.0 -999.0 -999.0 -999.0 99.8 -999.0 -999.0 -999.0 101.6 -999.0 -999.0 -999.0 -999.0 -999.0 102.7 -999.0 101.7 -999.0 97.3 -999.0 74.2 -999.0 76.8 -999.0 96.5 -999.0 96.3 105.3 -999.0 -999.0 -999.0 -999.0 -999.0 -999.0 -999.0 -999.0 108.4 103.2 113.9 98.9 108.4 103.5 107.0 86.8 109.5 96.9 85.1 87.5 74.0 90.3 78.6 81.3 69.9 76.5 78.4 75.7 69.0 76.6 68.9 72.3 72.4 78.8 69.6 74.8 71.8 80.9 60.1 79.4 65.7 96.3 67.8 69.1 80.1 75.0 84.7 97.5 104.8 117.0
-999.0 -999.0 -999.0 -999.0 -999.0 -999.0 -999.0 -999.0 -999.0 -999.0 -999.0 -999.0 -999.0 -999.0 -999.0 -999.0 -999.0 -999.0 -999.0 -999.0 -999.0 -999.0 -999.0 -999.0 -999.0 -999.0 -999.0 -999.0 -999.0 -999.0 -999.0 -999.0 -999.0 -999.0 -999.0 -999.0 -999.0 -999.0 -999.0 -999.0 -999.0 -999.0 -999.0 -999.0 110.6 104.9 105.4 104.9 99.4 95.6 103.3 98.3 85.6 115.5 117.4 107.3 109.7 100.2 106.0 86.8 114.8 89.2 109.5 84.7 91.4 77.6 95.8 97.7 103.1 101.9 120.7 102.6 115.6 104.1 104.3 112.5 105.4 103.8 110.3 107.7 115.8 114.8 116.3 119.6
-999.0 -999.0 -999.0 -999.0 -999.0 -999.0 -999.0 -999.0 -999.0 -999.0 -999.0 -999.0 -999.0 -999.0 -999.0 -999.0 -999.0 -999.0 -999.0 -999.0 -999.0 -999.0 -999.0 -999.0 -999.0 -999.0 -999.0 -999.0 -999.0 -999.0 -999.0 -999.0 -999.0 -999.0 -999.0 -999.0 -999.0 -999.0 -999.0 -999.0 -999.0 -999.0 -999.0 -999.0 114.0 -999.0 109.5 -999.0 107.0 -999.0 111.2 -999.0 84.0 119.3 121.6 121.5 122.8 120.1 123.1 121.6 123.6 118.6 125.9 120.2 122.7 120.0 122.6 120.9 122.6 121.1 121.5 119.8 120.7 119.7 120.4 119.8 120.8 119.8 122.4 119.7 119.3 120.8 122.5 121.6
74.6 77.0 75.8 -999.0 -999.0 -999.0 -999.0 -999.0 -999.0 -999.0 -999.0 -999.0 -999.0 -999.0 -999.0 -999.0 -999.0 73.1 -999.0 -999.0 -999.0 -999.0 -999.0 88.4 -999.0 -999.0 -999.0 -999.0 -999.0 -999.0 -999.0 -999.0 -999.0 -999.0 -999.0 -999.0 -999.0 94.5 -999.0 -999.0 -999.0 -999.0 -999.0 -999.0 -999.0 -999.0 -999.0 -999.0 -999.0 -999.0 -999.0 -999.0 -999.0 -999.0 121.4 121.9 122.5 123.4 121.9 124.2 124.4 122.6 124.5 123.3 124.2 123.5 124.2 123.9 125.0 123.1 122.4 122.5 124.0 123.4 124.0 125.6 125.0 124.2 124.7 124.3 124.1 125.2 123.6 122.2
74.6 77.1 75.8 77.7 -999.0 78.2 -999.0 74.7 80.2 78.7 85.0 78.0 -999.0 78.0 -999.0 74.8 74.5 73.1 -999.0 74.9 77.9 80.2 78.8 88.4 84.2 90.1 82.7 82.0 82.0 81.6 81.7 79.1 83.9 -999.0 -999.0 -999.0 -999.0 94.5 -999.0 86.1 92.1 80.3 -999.0 -999.0 -999.0 -999.0 -999.0 -999.0 -999.0 -999.0 -999.0 -999.0 -999.0 121.1 122.3 122.4 122.7 123.6 122.5 123.9 122.4 122.5 125.2 124.0 122.2 123.2 125.4 123.4 124.0 123.5 123.3 124.1 124.3 125.1 123.7 127.0 124.7 125.1 125.6 125.0 124.5 125.4 126.2 122.6
74.6 76.2 75.8 77.5 79.0 78.4 78.6 75.1 80.2 79.0 86.3 78.3 81.5 78.1 79.4 74.9 74.3 73.1 -999.0 74.9 77.9 80.1 78.6 88.3 84.2 89.2 83.3 82.0 82.5 81.5 81.8 78.5 83.1 80.7 -999.0 79.7 99.2 94.5 82.9 85.5 90.2 80.3 82.5 80.2 78.5 90.0 78.3 82.5 78.4 80.2 78.0 77.5 -999.0 115.2 122.5 122.5 122.3 123.1 123.6 122.9 123.7 123.1 126.1 123.4 123.1 124.0 121.4 123.4 124.4 122.7 125.3 124.0 124.2 124.4 125.1 126.9 125.4 125.7 123.7 124.3 124.5 125.5 125.2 122.9
76.7 77.4 75.8 77.4 79.1 79.3 78.0 75.1 80.2 79.2 80.4 78.6 81.6 79.4 79.2 75.0 74.5 73.4 74.3 75.0 77.9 79.3 78.8 83.2 84.2 89.0 82.7 82.1 82.0 81.9 81.7 78.7 83.9 80.2 79.3 79.8 99.2 87.4 82.7 85.5 92.1 80.3 82.0 80.1 78.6 88.9 77.8 81.9 78.4 79.9 77.9 77.4 78.3 90.5 111.1 116.2 122.9 120.9 123.8 122.2 124.5 120.6 125.0 121.6 122.8 123.1 123.4 122.2 124.7 120.0 122.6 122.3 123.2 123.2 124.8 126.6 125.2 125.1 125.3 124.5 124.1 125.1 124.7 123.6
75.1 77.8 75.8 76.4 78.4 80.7 81.3 77.4 80.5 81.1 83.0 82.2 82.6 80.7 80.5 75.9 73.7 75.1 74.3 75.6 76.9 77.6 77.8 79.9 83.2 84.3 85.7 82.4 84.2 83.8 82.2 76.1 79.9 80.3 79.4 79.8 99.2 83.4 82.9 82.3 82.3 80.2 82.5 80.1 78.5 86.8 78.3 80.0 78.4 79.2 78.0 77.2 78.3 80.7 84.4 102.6 104.0 110.6 84.5 101.2 84.8 116.2 115.6 109.8 121.5 118.1 125.6 113.8 123.5 111.6 121.6 114.9 117.6 120.0 122.1 122.5 122.7 120.9 122.9 121.4 122.1 120.4 123.3 120.7
74.7 77.5 75.4 78.1 79.3 81.2 81.3 78.2 80.3 81.8 83.6 83.2 83.1 82.1 81.8 77.7 76.7 75.5 74.3 76.1 75.7 78.1 78.0 79.2 83.3 83.8 85.2 85.1 85.6 85.2 83.4 79.8 80.9 78.3 79.8 80.3 89.0 83.1 81.9 83.7 82.1 81.1 80.0 79.5 79.0 79.7 76.1 77.0 78.4 77.7 77.4 76.9 78.0 76.2 80.4 78.1 74.8 77.7 79.1 78.3 76.2 70.4 77.0 70.8 63.7 86.5 60.5 76.0 59.5 50.7 63.3 85.2 74.3 109.7 113.7 112.2 115.3 105.2 113.2 104.3 116.3 107.1 119.5 98.4
74.2 76.1 75.8 77.9 81.1 81.0 82.0 79.6 82.4 80.3 84.0 83.2 84.8 83.8 84.0 79.9 80.9 78.6 77.0 76.9 78.6 79.4 77.4 79.2 83.2 84.5 86.4 86.6 85.9 86.2 84.3 82.1 81.0 80.6 81.3 80.2 81.9 82.6 83.2 83.0 82.3 82.1 80.9 78.2 80.0 79.5 78.5 77.2 78.9 77.3 77.8 77.9 76.5 79.3 77.0 76.5 73.6 76.1 76.9 76.4 76.3 68.4 66.1 64.7 59.7 58.1 56.0 53.2 54.6 52.4 54.4 58.5 57.3 59.7 69.1 59.9 58.5 61.7 59.3 66.5 62.9 66.0 65.9 69.8
71.5 76.4 76.7 80.1 78.2 82.2 84.4 80.9 83.7 79.9 82.9 84.8 86.1 84.3 85.0 83.2 84.4 82.5 78.5 80.9 78.0 79.6 80.4 80.4 83.1 84.1 86.9 87.1 86.4 87.0 84.0 83.3 80.1 82.6 81.8 81.3 83.9 82.7 84.0 81.8 83.0 81.5 80.7 78.7 79.2 79.4 77.2 77.1 76.3 76.7 77.0 77.8 78.2 78.9 78.3 75.2 77.4 76.6 78.3 77.0 76.2 66.3 65.4 63.8 61.0 59.5 57.7 57.2 57.6 55.0 58.2 58.3 58.0 58.0 60.5 56.9 56.5 56.3 56.6 59.8 62.4 64.4 67.1 68.3
73.5 74.3 75.9 79.4 79.4 81.0 81.8 80.8 83.1 80.6 81.1 81.9 85.6 84.5 86.0 83.8 83.0 83.7 83.3 81.8 83.1 80.2 80.4 80.8 82.8 83.9 87.1 86.1 87.0 87.7 84.2 85.1 83.9 85.8 84.1 83.9 82.9 81.0 83.0 80.3 82.5 82.2 83.3 78.4 79.8 78.2 75.5 77.1 76.1 78.1 78.1 79.5 80.4 78.2 78.2 76.1 77.1 76.9 77.4 77.5 77.6 65.3 64.9 65.2 61.5 59.5 66.0 62.4 61.6 59.8 62.4 61.8 60.8 60.4 60.4 59.1 59.1 58.2 58.4 59.8 62.6 65.0 66.3 67.9
74.7 73.4 76.9 79.7 79.0 82.0 82.9 80.9 82.6 82.4 82.7 81.9 86.2 86.5 87.4 84.6 83.9 84.6 83.1 85.7 84.4 81.9 80.5 81.3 83.6 86.0 87.0 86.9 88.5 87.4 88.1 87.5 84.6 85.2 86.1 86.0 83.2 84.0 83.5 80.9 82.9 79.6 79.6 79.0 77.4 77.4 76.0 77.7 78.7 77.3 80.8 79.2 79.3 78.5 77.6 77.4 78.5 76.6 77.2 76.4 76.6 64.3 66.3 65.5 64.6 60.1 67.4 64.8 65.0 64.4 66.6 66.2 62.1 62.1 62.0 60.0 60.3 61.2 61.2 60.2 64.2 65.8 67.5 67.9
70.6 72.4 76.4 78.8 79.4 81.1 82.8 82.2 84.1 83.1 82.7 81.5 84.1 86.0 87.4 87.3 85.1 84.8 84.0 85.4 84.0 84.6 83.9 82.7 85.2 86.9 86.6 87.3 88.3 88.1 85.9 87.9 85.4 85.3 85.0 85.9 83.4 82.6 84.3 82.4 84.9 79.8 82.5 79.5 78.3 76.8 75.8 78.7 76.8 76.8 77.3 78.3 79.5 79.4 78.5 77.4 77.5 75.9 76.3 76.1 75.2 63.0 69.2 64.8 65.1 67.5 73.0 70.5 66.6 69.4 71.7 68.4 66.6 63.7 64.3 64.2 63.3 63.2 62.8 63.2 63.6 66.6 67.4 68.6
72.2 75.7 76.0 79.1 80.9 82.0 81.2 83.5 85.9 82.1 82.7 83.0 81.6 83.4 85.4 86.7 84.4 86.8 84.9 85.3 86.4 85.6 84.1 83.0 86.2 87.1 86.5 88.5 86.9 87.0 87.5 88.5 86.7 84.4 86.9 85.7 85.1 83.2 84.0 82.5 85.1 80.9 81.2 79.1 78.8 75.7 75.9 76.5 76.8 77.5 79.6 80.2 80.1 78.9 78.6 78.0 78.0 74.8 76.7 75.2 73.5 64.8 72.4 67.9 65.7 71.4 78.6 75.9 72.5 69.9 69.1 69.1 66.7 65.7 65.1 64.9 64.9 65.4 64.7 65.4 67.2 65.9 66.6 68.2
73.3 76.0 75.0 80.6 79.9 81.8 82.5 83.2 82.5 84.1 84.1 81.0 80.3 84.2 86.1 85.6 85.8 87.2 85.8 85.2 86.4 86.0 82.3 84.8 83.9 86.8 87.3 88.1 86.8 87.9 87.2 88.6 85.2 83.6 86.7 85.6 84.0 82.6 81.2 83.8 82.7 81.4 80.9 79.8 78.3 76.1 77.9 77.8 77.8 79.6 79.4 81.9 80.0 78.3 80.0 77.8 77.9 75.3 77.7 74.6 72.4 65.4 74.7 71.1 72.6 75.9 80.8 76.0 72.4 70.3 71.5 70.3 65.9 67.4 64.5 65.9 65.6 68.0 63.3 66.8 67.6 66.7 69.6 69.4
71.9 74.9 75.5 80.6 80.9 81.0 83.6 82.7 84.3 83.1 82.0 82.7 78.7 83.6 86.3 86.5 86.3 86.9 84.9 84.9 87.2 84.6 83.2 84.8 85.0 86.5 88.5 87.7 88.5 88.4 87.5 87.9 84.6 84.7 86.1 85.0 82.8 82.6 82.4 85.4 81.5 81.4 79.2 79.3 78.9 78.3 78.5 78.2 78.7 79.9 78.6 81.1 80.7 80.5 78.3 77.9 77.5 74.8 76.9 73.2 73.1 67.0 75.6 74.8 75.7 81.0 79.1 76.6 73.7 70.7 70.6 68.7 67.9 65.6 64.7 67.9 65.3 66.6 66.4 66.5 66.8 66.9 70.6 70.1
75.0 74.4 74.2 80.4 80.5 81.1 82.1 82.3 84.8 83.4 84.0 82.8 81.1 83.1 84.6 86.7 86.5 85.8 85.3 85.2 87.9 85.9 83.4 84.6 85.6 85.6 87.5 91.0 88.4 88.7 86.4 87.2 86.3 85.0 86.9 84.0 84.1 82.3 82.9 85.6 81.8 82.4 80.2 80.8 80.8 79.8 79.0 80.7 81.0 79.0 77.6 80.6 82.3 80.6 80.5 77.8 74.0 75.6 73.2 72.8 73.6 71.3 74.6 77.6 81.6 81.7 82.2 75.2 72.3 70.0 70.0 69.0 68.5 67.1 67.4 65.4 64.9 68.0 69.5 65.3 67.2 67.2 70.8 70.8
75.4 74.7 74.9 79.4 78.2 80.9 82.5 81.3 85.1 84.0 82.8 82.9 80.9 82.8 84.6 86.4 86.3 85.4 84.6 84.3 85.5 85.9 83.7 84.1 86.1 85.5 86.5 90.8 88.2 89.0 86.3 87.1 86.0 85.7 85.4 85.0 82.4 81.0 82.7 83.8 82.5 82.5 80.8 80.7 81.1 81.1 81.4 81.9 80.5 79.8 79.0 79.4 82.5 80.6 80.1 78.4 75.8 78.8 72.4 74.0 73.1 73.2 74.1 80.0 80.3 82.2 79.0 73.8 70.0 70.7 70.1 68.5 69.0 66.3 67.9 67.7 68.8 69.2 70.5 67.1 68.4 68.0 67.2 70.9
74.6 75.1 76.1 79.2 80.0 80.5 81.6 83.0 83.9 83.7 83.6 83.5 81.2 82.3 84.1 86.2 86.8 85.4 85.2 86.6 86.4 85.3 84.8 84.2 85.8 87.5 88.6 90.9 88.2 89.1 87.6 86.2 84.8 85.8 85.2 84.5 83.8 82.1 83.4 79.6 82.9 82.6 80.9 83.7 81.3 83.9 82.2 82.7 81.3 80.3 76.7 79.8 81.9 80.4 76.9 76.7 76.1 78.6 76.8 76.0 74.1 72.9 75.0 81.5 81.1 81.2 79.7 72.6 72.0 70.3 71.2 67.4 68.8 65.7 68.1 68.5 70.1 69.8 72.4 71.0 67.6 69.3 71.4 69.9
73.4 75.3 75.1 79.0 78.2 80.5 82.3 83.2 83.5 83.3 84.7 83.9 80.3 82.5 85.1 87.2 86.6 86.7 85.6 86.7 86.4 85.6 84.8 84.2 85.1 87.1 88.6 90.7 89.0 88.0 88.4 86.0 84.8 85.6 84.9 84.5 82.3 81.7 83.2 82.4 82.8 83.0 84.2 84.1 83.6 83.8 82.2 83.2 83.7 81.6 73.5 79.2 81.6 79.6 80.2 77.0 77.1 78.1 75.6 79.4 73.2 73.0 76.7 79.8 83.7 79.8 75.8 72.6 71.4 70.9 69.0 67.7 68.0 67.2 65.8 69.6 69.0 71.2 70.8 71.1 71.1 69.8 68.7 70.7
72.1 75.4 74.9 78.9 76.6 79.8 82.1 83.5 83.8 83.0 85.2 83.5 79.9 83.3 85.6 86.3 86.1 86.9 87.8 86.8 85.6 85.4 84.8 84.5 84.5 87.2 88.6 90.5 88.1 87.9 87.6 88.1 85.2 83.4 84.2 84.5 82.5 81.8 81.3 83.4 82.3 84.7 84.4 84.7 83.1 85.3 82.6 83.4 83.2 83.8 73.1 80.8 80.0 79.0 79.5 78.1 78.2 79.0 76.5 80.4 72.0 75.2 77.8 80.7 80.3 77.1 73.7 71.8 71.3 70.2 68.2 67.9 70.3 68.8 71.1 70.3 72.2 73.0 71.7 72.1 72.4 70.4 70.7 71.7
71.7 73.2 74.5 79.3 78.9 79.8 81.7 82.9 84.0 83.4 85.1 84.1 81.0 83.3 84.2 86.1 87.2 87.1 86.1 86.4 86.2 85.3 84.6 83.7 84.4 85.4 86.4 88.8 88.4 87.9 87.2 86.8 85.6 83.4 84.2 84.3 82.6 83.3 82.1 83.4 84.3 83.3 84.9 85.3 85.2 83.1 83.2 83.6 82.3 84.4 75.8 80.5 80.6 79.4 77.8 77.6 79.4 78.5 76.3 78.1 72.6 76.3 79.3 81.2 80.8 78.0 72.4 71.8 70.3 69.1 67.8 66.5 70.2 69.9 70.8 71.2 72.0 72.5 72.8 71.6 71.7 71.1 73.9 72.7
71.8 73.8 72.3 79.2 79.6 79.5 82.9 83.5 82.5 83.0 84.0 83.1 79.1 82.5 85.0 86.5 85.9 86.3 87.2 86.0 85.6 85.4 84.8 83.5 84.4 85.4 87.4 88.7 86.7 87.0 86.2 86.2 85.3 84.0 85.5 83.8 84.0 83.2 83.5 82.8 84.0 84.8 87.8 86.4 83.8 83.4 83.4 83.3 83.7 81.5 75.5 79.0 78.9 79.1 78.5 77.4 80.3 79.2 77.5 78.9 73.1 78.7 79.0 80.1 81.4 77.4 73.3 71.8 70.8 69.8 66.5 66.6 69.1 67.9 70.2 70.9 70.9 71.8 73.1 73.1 72.0 71.9 72.7 73.9
70.5 73.9 73.2 79.2 78.9 79.9 80.9 82.2 83.1 82.3 83.4 83.5 77.6 82.2 85.4 86.1 87.9 85.5 87.8 86.4 83.9 85.4 84.1 83.3 84.6 85.2 85.9 88.5 88.6 86.5 85.6 87.6 84.5 84.5 86.3 84.8 83.9 83.2 82.8 83.5 84.0 85.2 85.9 86.6 86.4 83.5 84.5 83.3 83.9 81.2 73.6 78.7 80.9 78.8 78.0 78.1 80.1 79.0 76.8 80.5 70.6 79.2 79.5 80.0 76.2 76.0 71.5 72.5 71.8 68.8 66.8 67.4 68.9 68.2 72.6 72.0 73.7 73.0 71.8 73.2 72.6 71.6 73.7 73.7
71.0 71.2 73.2 74.7 78.3 80.1 81.8 82.9 83.9 83.4 84.9 84.9 79.1 82.0 85.0 85.3 84.5 85.6 87.3 86.2 84.4 85.8 84.3 82.9 83.4 84.7 86.4 87.2 87.5 87.4 85.6 86.6 85.5 84.8 86.0 85.0 83.4 82.9 82.4 83.3 83.3 84.7 84.2 85.5 86.0 83.5 82.7 84.0 83.4 80.9 74.9 79.5 80.6 78.8 78.2 77.8 79.0 79.6 78.9 79.3 72.8 78.3 83.5 80.2 76.2 74.3 72.7 71.5 71.8 69.1 68.9 66.8 70.2 69.9 72.1 72.5 73.1 73.9 74.1 73.5 74.0 73.3 73.2 73.2
72.2 71.2 72.3 75.8 75.1 79.4 80.6 82.9 81.7 82.3 83.4 84.0 81.4 81.5 86.3 85.7 87.1 86.8 86.2 85.8 87.6 86.0 84.2 84.2 83.6 84.0 87.5 85.9 86.3 87.5 85.9 86.0 83.5 83.9 84.6 84.1 84.2 83.7 80.8 82.5 83.6 84.0 85.2 84.7 86.0 82.8 83.1 82.8 83.3 79.8 76.2 78.9 78.9 78.6 77.9 77.9 80.7 80.2 78.3 80.0 74.8 78.4 80.8 79.1 75.7 74.4 71.9 70.8 70.7 69.4 68.5 66.8 69.7 70.8 72.6 73.7 73.6 74.8 73.4 75.0 74.7 72.8 74.5 74.4
70.4 71.4 71.2 75.6 76.0 78.5 80.7 82.2 83.1 81.2 84.2 82.7 82.1 80.6 83.5 85.8 86.9 87.7 85.9 86.6 87.2 86.0 85.2 82.9 83.7 83.4 85.8 85.8 84.6 87.0 84.7 86.2 84.6 84.7 84.7 83.6 82.3 84.1 81.9 83.8 83.9 83.5 83.5 85.0 83.1 82.8 83.7 82.7 82.0 77.9 75.7 79.4 80.0 79.2 79.4 78.4 79.0 79.7 79.6 80.5 74.4 78.8 77.7 77.3 74.3 72.4 71.8 70.8 72.3 69.5 68.9 67.2 70.9 73.0 72.8 74.8 74.7 74.4 77.0 77.3 75.5 75.5 75.1 74.9
73.4 72.4 73.4 75.7 76.0 78.7 80.8 81.4 83.4 82.3 83.5 83.7 81.1 80.4 84.6 85.7 85.1 88.0 86.3 86.5 86.4 85.6 84.9 81.9 82.9 83.5 85.8 85.0 84.3 87.7 86.4 84.7 85.0 83.4 84.0 83.5 82.4 82.5 82.8 82.9 80.6 83.9 86.9 84.6 84.2 82.6 81.2 83.2 84.1 77.0 79.1 81.0 81.2 79.9 78.8 80.9 80.9 80.8 80.5 82.6 74.8 77.3 79.0 76.1 72.8 73.3 72.0 70.6 71.1 69.7 68.6 69.2 69.1 73.6 73.2 75.2 74.7 77.1 77.6 76.4 75.8 75.7 76.1 74.6
73.2 72.6 74.5 75.3 74.8 77.2 80.4 81.1 81.6 82.9 80.6 84.7 79.7 80.7 84.1 84.5 86.3 87.0 86.7 87.1 87.3 85.3 84.4 83.3 83.0 84.7 84.4 83.7 85.8 87.7 85.7 84.9 83.0 83.4 82.9 82.8 82.3 82.9 82.5 81.2 85.2 83.6 83.6 84.6 82.7 82.2 81.4 83.1 83.8 76.3 79.9 80.5 79.0 80.4 79.3 80.4 79.9 80.0 81.2 83.1 75.7 79.8 79.3 76.3 74.2 73.1 71.4 71.5 70.0 69.5 70.1 70.3 72.3 76.4 75.5 76.1 76.4 78.2 75.7 77.0 77.6 76.5 76.8 75.7
73.0 72.3 73.8 75.2 75.6 76.9 77.6 81.7 83.1 83.0 84.1 83.3 81.7 79.8 82.3 84.0 87.9 86.8 87.5 86.7 86.8 85.4 83.4 83.7 83.7 84.6 84.1 83.3 87.0 87.0 85.9 85.0 82.9 83.8 83.5 82.1 81.9 79.7 81.4 81.1 82.5 83.1 86.5 85.0 83.1 84.3 81.4 83.6 81.2 76.0 79.5 79.6 81.3 79.4 81.5 78.9 81.2 79.7 83.6 84.0 75.8 79.6 79.1 75.7 73.3 73.2 69.9 70.9 71.1 70.1 70.2 72.2 73.5 77.2 75.6 76.5 76.8 77.1 77.6 77.7 75.7 77.9 78.8 76.7
74.0 73.0 73.1 76.0 75.5 76.5 78.1 80.3 81.0 83.0 82.0 82.9 81.8 79.6 81.0 84.5 86.8 86.6 87.1 85.8 86.3 85.0 83.8 83.6 85.1 84.0 84.6 82.8 86.1 85.6 86.1 84.4 83.1 83.5 83.6 81.2 77.2 79.3 81.4 81.1 83.0 83.1 85.1 84.1 83.0 85.4 80.8 81.2 82.8 76.8 80.1 78.6 80.3 79.4 82.6 80.4 79.4 80.9 80.2 85.4 77.7 78.5 78.2 75.3 72.4 73.7 69.5 70.6 70.4 70.2 73.5 73.9 75.6 79.1 76.1 76.4 77.5 78.1 79.0 78.2 78.2 78.2 77.7 77.3
75.0 73.0 73.5 77.4 75.1 76.5 76.5 79.6 81.2 82.2 82.9 83.5 82.2 79.9 79.4 83.9 87.7 85.9 89.1 85.6 85.7 85.2 83.5 84.0 83.7 84.0 85.0 84.9 84.3 84.4 85.3 84.3 85.5 82.8 82.5 81.1 78.1 78.8 81.9 80.9 82.5 84.3 84.0 84.0 83.9 84.5 81.4 81.9 82.1 77.5 79.3 79.8 79.9 80.5 81.8 80.5 80.0 79.9 82.1 84.6 79.1 77.5 77.8 74.4 74.6 74.2 70.8 70.0 70.1 70.3 75.0 75.6 78.2 83.0 77.1 77.9 78.6 78.7 78.0 79.0 77.7 79.8 79.2 78.1
