morphological_analysis/input_data/survey/q07_1/matrix_q07_1s1.txt
north:            -537.50
south:           -1267.50
east:             2691.00
west:              -93.00
rows:                 148
cols:                 278
null:              -999.0
[rows 38 to 75 of 148, columns 168 to 251 of 278]
74.4 76.2 74.7 80.0 76.9 78.6 77.7 78.7 77.3 76.8 79.0 75.8 75.0 70.2 70.0 69.6 73.2 69.4 68.1 67.9 71.4 68.0 70.4 67.9 73.4 73.3 73.6 72.9 59.8 60.2 72.9 72.5 72.8 78.1 71.7 71.3 68.3 65.9 69.9 70.0 67.0 68.7 63.7 66.0 61.8 63.5 65.1 66.5 64.0 66.4 65.5 65.4 66.2 61.2 61.9 60.9 64.6 66.8 68.5 66.2 68.8 66.4 67.0 71.8 73.0 69.2 71.0 71.9 68.4 69.9 71.1 70.7 69.9 70.2 69.5 71.1 74.1 69.6 70.3 68.1 72.4 74.1 73.6 73.3
74.7 72.7 73.0 79.1 77.4 77.4 77.0 78.6 77.2 76.7 77.1 75.6 72.4 68.3 71.0 71.0 71.6 70.9 71.8 69.6 70.3 70.7 70.5 71.2 70.6 73.1 72.8 70.2 56.6 63.5 75.2 71.9 73.0 78.7 72.1 69.6 66.1 68.6 70.3 70.1 71.7 69.3 68.3 66.1 64.2 63.8 64.8 64.6 64.4 67.0 68.1 66.0 70.7 60.7 61.0 61.4 63.4 65.4 66.9 68.0 68.4 68.2 68.0 69.6 70.0 72.5 70.2 72.6 70.5 69.0 71.3 67.6 68.8 72.0 72.2 72.8 69.2 71.7 71.3 67.0 75.2 73.9 72.8 73.4
73.4 73.9 74.4 75.5 78.4 76.5 79.4 79.1 78.3 76.5 78.6 74.3 71.5 72.2 72.8 75.0 74.1 71.7 72.8 70.6 71.9 73.4 72.3 72.0 71.7 72.1 73.9 68.0 56.1 65.7 74.6 72.0 74.2 77.4 73.3 67.5 68.9 69.2 68.9 70.4 69.4 71.8 70.0 66.2 63.7 64.3 63.9 67.3 66.8 66.7 66.3 66.2 65.5 59.2 60.7 59.8 65.3 64.8 64.7 67.6 68.5 68.2 69.1 71.7 68.5 74.0 71.8 72.7 71.4 70.1 70.9 71.4 70.8 70.2 72.5 72.5 72.8 71.9 70.1 72.5 74.3 74.3 73.9 72.7
75.1 72.5 73.1 75.7 77.9 77.2 76.7 79.2 76.6 76.9 76.8 71.0 71.8 72.1 70.5 71.6 72.1 73.1 69.9 71.1 73.4 72.8 72.0 73.8 74.2 73.8 74.1 65.2 60.4 67.3 73.5 72.1 74.2 76.8 70.2 68.6 69.8 67.9 71.6 72.3 72.2 73.4 72.3 71.0 69.0 66.4 66.7 62.9 66.5 66.6 63.4 65.8 64.9 61.8 61.3 61.5 63.8 65.6 67.2 67.1 69.8 68.9 72.1 73.7 70.8 73.6 73.0 71.5 72.9 73.2 74.5 72.6 70.4 71.6 72.7 71.2 70.2 73.0 72.8 74.0 73.3 74.6 75.4 75.3
72.2 74.5 73.1 76.3 78.0 78.7 79.9 78.9 76.1 77.2 76.6 70.0 72.1 70.9 69.8 75.6 74.2 72.5 73.7 73.4 76.2 75.8 80.2 75.6 75.4 74.3 74.9 62.2 59.6 67.6 73.4 71.3 74.7 76.7 71.6 68.7 68.7 67.8 70.3 73.1 71.9 75.0 74.4 74.3 73.0 70.2 67.7 65.7 66.2 65.3 64.9 66.4 64.8 63.5 63.4 64.9 66.6 66.3 64.1 66.8 67.9 69.8 71.5 74.0 71.2 73.3 71.1 71.0 73.1 73.1 69.5 73.4 70.3 72.1 71.9 72.0 74.3 73.7 70.2 74.2 74.5 74.8 76.5 77.0
74.3 76.7 76.3 76.0 76.8 77.1 76.7 78.4 77.7 77.1 73.7 71.6 72.6 70.8 69.5 72.6 71.7 74.3 73.4 75.3 79.0 76.3 74.0 76.6 71.5 74.3 76.3 62.1 61.3 69.4 72.0 71.3 75.2 74.7 70.8 69.3 69.7 69.1 70.6 73.5 73.6 76.1 75.0 75.5 74.7 71.9 68.0 69.9 67.2 66.2 68.9 67.0 65.5 64.7 68.9 67.9 66.5 67.6 68.1 69.0 69.3 70.3 75.1 73.2 75.8 73.6 71.4 73.0 72.3 73.7 72.4 75.8 73.7 72.7 73.9 72.7 69.5 74.3 73.3 74.0 74.4 74.5 72.2 78.0
75.3 73.5 74.9 76.8 78.2 76.3 78.1 78.1 78.0 76.8 73.2 71.3 71.1 72.2 71.7 71.8 75.0 77.1 74.1 79.1 78.7 75.2 76.2 76.2 74.5 75.6 75.7 59.3 61.6 70.5 72.8 71.7 75.3 74.8 69.4 69.7 69.1 70.9 72.9 73.9 74.3 75.3 75.3 76.2 74.1 73.1 72.4 73.1 71.0 69.9 68.6 67.2 65.3 66.2 64.7 69.3 71.3 68.9 70.7 68.9 69.5 70.6 73.9 73.5 73.3 74.0 72.2 75.4 76.6 74.4 74.7 75.1 72.4 73.6 74.6 74.0 74.2 75.2 74.5 74.9 76.7 75.8 81.8 79.0
74.4 71.3 78.9 76.4 73.0 72.9 77.7 78.8 75.7 74.8 72.4 71.8 69.9 72.1 75.1 77.3 77.1 77.6 79.4 79.3 74.0 74.9 75.6 76.0 74.9 76.0 74.1 58.6 62.9 70.5 72.2 73.1 75.5 75.0 73.6 68.9 69.3 73.0 72.0 75.5 74.9 75.4 76.0 74.6 74.6 72.9 76.5 72.7 73.5 69.5 68.5 66.0 64.0 68.3 69.1 70.9 70.4 70.3 70.8 69.8 69.0 71.6 73.3 72.1 74.1 74.3 72.5 73.7 77.1 76.3 73.9 76.3 74.4 74.7 73.6 75.5 76.1 73.9 75.7 75.7 74.1 77.9 73.1 80.7
74.4 75.7 75.8 76.4 74.8 74.5 73.3 79.1 71.5 73.8 73.7 73.2 70.7 74.2 73.2 74.5 77.4 78.1 75.5 78.6 75.7 75.2 77.0 76.9 74.6 76.8 77.3 61.3 64.0 71.8 73.1 72.5 77.7 75.0 68.8 69.9 70.1 75.2 75.7 75.3 75.7 77.3 78.6 74.4 73.5 74.4 73.9 73.8 73.4 70.7 71.1 65.6 64.7 70.2 68.5 72.0 71.8 73.4 74.2 71.6 72.3 71.5 73.9 73.1 75.7 75.2 73.6 74.8 75.5 77.6 77.1 76.5 76.1 77.8 76.5 75.9 74.2 72.7 75.9 75.7 74.8 77.8 81.4 81.8
73.7 75.6 75.6 76.1 75.0 72.1 74.3 77.0 71.8 72.0 73.4 74.6 70.5 75.8 78.4 75.5 77.4 78.2 76.9 77.5 78.5 75.4 76.0 76.8 76.4 77.3 76.7 56.8 64.3 76.8 72.1 72.5 76.0 75.5 72.0 69.3 72.4 74.8 74.9 75.4 75.4 74.9 76.6 75.0 76.0 75.8 78.5 74.3 73.7 70.8 70.6 66.1 64.8 71.8 69.7 71.3 73.8 75.2 73.9 73.8 71.8 71.2 73.4 74.2 78.5 76.6 75.1 76.5 77.0 78.3 77.2 77.1 79.0 78.8 79.1 75.0 75.9 73.9 75.9 78.0 76.5 78.8 79.0 81.6
74.2 76.3 76.2 75.2 72.3 72.6 73.1 75.6 71.5 73.2 74.4 73.1 73.8 78.0 79.0 76.0 77.1 77.8 76.7 75.8 76.2 76.2 75.9 77.0 76.1 77.0 72.7 60.6 66.8 73.6 71.5 72.7 76.8 76.6 71.3 70.7 74.7 73.5 75.1 75.6 75.2 75.9 75.7 75.9 74.9 72.2 76.4 74.8 73.2 70.2 70.0 65.6 66.9 73.4 71.0 72.2 73.4 75.3 75.4 74.6 74.5 72.2 75.1 73.9 77.1 76.5 75.5 76.7 76.8 75.0 75.9 78.2 80.0 78.0 75.2 75.3 77.4 77.1 79.0 76.7 78.7 76.5 78.2 82.2
76.4 74.4 76.2 76.2 75.5 73.9 78.9 74.9 72.1 72.9 74.2 74.2 74.5 79.1 78.5 75.8 75.4 76.1 76.1 76.8 76.7 74.9 76.2 77.2 75.9 75.0 70.0 59.4 76.1 73.7 74.9 73.0 74.7 75.6 70.9 71.4 75.6 72.2 75.7 76.5 75.4 76.5 81.7 75.3 77.6 76.8 76.3 73.7 74.4 70.4 68.3 64.7 68.7 74.0 72.6 74.0 73.2 73.6 74.6 75.0 75.8 74.4 77.5 74.7 76.6 76.2 75.1 77.9 78.5 75.0 76.5 78.2 84.8 76.9 78.3 76.4 76.8 78.2 78.1 77.2 78.1 77.5 80.3 81.0
72.8 76.1 74.4 75.6 73.5 75.3 75.3 76.6 73.9 73.5 74.5 76.3 80.4 79.1 78.1 75.3 76.1 76.4 75.2 77.4 78.0 75.0 76.3 76.7 74.7 74.7 67.8 60.4 69.9 71.9 73.7 72.7 78.4 78.7 69.5 74.0 76.5 76.0 75.9 76.3 77.6 75.3 69.4 74.7 75.1 72.0 74.9 73.7 74.8 69.2 63.4 64.2 68.8 73.9 72.4 74.2 72.8 74.5 77.2 75.0 74.0 75.1 75.7 75.6 76.4 75.7 77.0 80.2 78.5 75.0 76.2 77.7 76.0 77.8 76.6 76.3 76.6 77.4 70.7 76.6 80.9 78.6 80.6 81.3
77.4 77.3 77.5 77.4 76.0 74.7 75.6 81.4 76.4 75.6 74.6 78.6 81.3 79.0 80.6 74.5 78.3 78.3 76.5 77.2 76.0 75.1 76.4 76.4 74.8 76.0 65.3 61.2 73.0 74.7 76.2 74.3 75.8 79.6 69.8 75.6 74.5 76.6 77.1 76.3 74.1 76.5 76.5 75.8 75.2 74.5 77.7 73.8 76.8 70.3 63.5 64.1 68.9 72.5 74.8 72.9 75.3 74.8 72.0 74.7 75.3 77.5 77.0 76.5 75.7 76.0 77.8 80.4 79.4 78.8 77.6 77.9 77.8 76.3 77.3 76.3 77.7 76.2 77.0 77.5 80.5 80.2 78.1 81.1
78.0 78.5 77.7 78.8 83.1 74.0 75.2 81.2 79.0 75.5 75.5 77.8 78.3 79.3 77.7 75.7 78.6 77.8 76.4 77.2 77.4 78.5 75.4 75.6 77.6 76.6 60.3 60.8 70.2 72.7 73.6 74.4 77.4 76.7 72.1 76.8 78.0 77.0 76.3 76.3 75.3 75.0 76.2 74.5 75.3 75.6 75.2 73.7 66.3 70.5 62.2 64.4 72.7 73.7 73.9 71.3 75.6 74.9 75.1 73.7 71.7 74.6 76.3 76.8 78.6 77.1 77.9 78.3 78.8 78.8 77.9 77.9 74.9 76.9 79.4 76.2 75.7 77.3 76.9 77.7 78.9 79.3 79.5 81.6
78.1 79.8 78.6 78.3 79.4 75.7 74.4 80.4 80.5 76.9 78.1 75.6 77.9 80.4 76.4 75.0 77.0 77.6 79.4 77.3 77.1 77.1 76.2 76.4 75.4 74.7 62.2 63.0 71.8 73.2 71.4 73.0 76.3 76.2 76.6 77.2 75.6 76.8 74.3 76.8 75.0 74.5 76.4 73.4 76.2 74.0 71.5 71.8 72.8 68.2 66.0 65.9 77.3 74.2 70.0 69.8 73.7 73.7 74.2 73.2 78.3 73.4 79.1 75.6 79.2 77.3 81.5 78.5 78.6 78.8 77.1 78.6 77.3 76.6 77.0 75.9 79.5 75.8 74.2 78.1 78.7 78.4 79.3 81.3
77.5 80.1 78.6 80.2 77.1 75.9 76.1 82.8 80.3 79.3 79.8 76.2 79.5 77.8 79.2 73.9 78.3 78.6 77.8 77.8 77.9 75.8 77.0 76.6 76.4 75.0 63.1 64.9 72.6 74.9 74.9 73.0 78.1 77.2 76.1 77.2 76.0 76.6 77.5 78.2 73.6 75.4 75.1 74.3 74.9 74.6 74.7 71.7 68.8 67.2 62.3 69.0 74.5 74.0 68.1 69.1 70.5 72.6 74.5 72.8 77.2 73.0 76.0 76.5 77.0 79.1 76.0 78.8 76.7 76.5 76.0 78.2 75.0 75.2 77.1 76.2 75.5 75.7 73.6 74.9 78.5 76.8 75.3 79.9
77.7 80.3 76.9 81.7 77.2 76.4 73.8 83.2 78.4 79.4 78.5 78.1 77.7 77.4 78.8 73.9 77.3 80.4 78.1 79.0 79.4 76.8 76.1 76.5 75.0 73.1 59.9 65.2 74.5 73.5 74.8 74.7 78.8 74.5 76.8 77.3 75.4 77.2 76.4 75.8 75.1 75.9 73.3 74.6 74.8 73.0 74.1 72.7 68.6 66.5 65.9 71.8 73.8 72.6 70.2 68.2 70.8 71.0 74.4 74.5 75.0 73.4 73.9 76.7 77.6 79.7 77.4 77.9 81.0 77.2 77.3 78.3 75.8 75.0 77.4 76.2 75.4 75.6 76.0 76.0 74.2 75.5 79.1 78.2
77.8 80.2 78.1 77.7 75.5 77.1 76.4 81.1 77.2 79.4 79.3 79.6 78.7 79.2 78.7 77.2 78.5 79.1 80.4 79.1 79.8 77.4 76.3 78.0 77.0 72.0 61.7 68.2 73.3 74.3 72.5 74.0 78.0 74.2 74.5 77.2 76.3 78.4 73.3 76.8 73.8 77.3 74.0 74.8 74.4 72.7 73.2 70.4 70.0 65.9 67.3 75.3 75.2 72.3 71.0 68.9 67.3 67.4 71.3 74.4 75.0 72.6 73.5 79.4 78.2 79.3 79.0 78.3 80.8 77.2 76.4 78.3 76.8 77.9 76.2 76.6 76.2 76.0 75.2 76.5 76.7 75.9 77.9 77.1
82.2 80.4 77.3 79.8 74.5 77.2 75.4 79.6 78.3 80.3 81.1 78.4 79.5 77.8 79.4 77.2 80.4 78.2 79.9 79.6 78.7 77.0 79.8 77.7 66.7 70.6 58.2 69.7 73.7 74.6 74.7 75.1 77.4 77.1 78.3 76.3 75.6 75.8 76.5 75.2 77.5 77.4 75.3 75.7 74.6 73.1 73.3 70.6 66.0 65.1 67.0 77.8 74.1 74.5 70.8 70.7 69.0 65.9 67.8 67.9 74.3 75.0 76.1 75.9 78.5 78.8 77.6 78.4 78.1 74.9 75.8 77.3 76.2 75.7 77.2 78.4 74.7 77.2 75.9 77.4 73.8 76.8 77.2 77.4
79.8 81.5 77.5 75.0 75.9 76.5 76.9 78.4 74.8 80.5 80.9 82.4 78.2 78.5 77.9 77.2 81.1 79.3 77.2 79.9 78.7 76.9 76.8 78.1 77.0 68.6 62.9 70.8 72.1 75.7 78.6 75.8 78.5 75.4 76.3 76.6 73.0 73.4 75.9 74.1 73.8 77.0 75.5 75.7 73.7 74.2 72.5 71.5 66.5 65.4 71.4 77.3 73.9 77.3 76.9 70.7 70.1 67.6 63.6 65.2 70.9 74.3 74.9 74.3 77.1 79.1 77.3 76.9 77.0 79.7 76.6 77.6 77.3 76.5 76.8 77.3 75.9 79.2 73.4 76.2 74.4 76.5 76.5 77.2
80.1 80.2 78.1 77.4 74.7 75.1 75.3 76.7 81.8 80.0 84.5 80.5 78.3 80.0 78.7 77.1 78.2 79.9 79.1 79.6 79.8 77.7 78.7 80.9 78.2 66.4 64.2 70.3 72.7 74.6 71.1 74.6 77.5 75.3 72.0 76.7 78.1 77.6 74.1 75.2 75.5 76.1 75.2 75.2 75.0 74.2 73.2 69.1 67.2 65.9 72.1 77.4 75.4 77.9 76.4 77.0 70.9 71.7 65.4 66.4 73.3 73.5 73.9 77.0 76.0 77.0 77.3 77.7 78.1 76.1 77.1 77.8 77.9 77.6 77.2 75.5 77.1 79.3 76.2 74.3 75.4 74.7 75.3 77.8
82.5 79.5 77.9 77.4 76.9 74.3 75.1 73.6 78.4 79.3 82.5 79.2 76.6 77.3 78.8 77.1 76.9 78.5 80.0 79.0 77.5 77.4 77.1 81.1 78.2 62.4 64.9 71.6 73.2 76.0 74.6 75.2 79.5 75.7 72.8 76.5 75.6 77.7 74.7 75.9 77.1 75.5 74.5 76.4 74.1 73.3 71.8 67.8 66.1 68.4 72.8 77.4 75.2 78.9 76.8 78.3 75.1 73.4 68.6 65.2 69.8 72.9 74.9 75.8 75.8 79.4 77.9 77.4 77.1 78.1 75.5 77.5 79.9 76.7 75.6 78.3 78.4 77.4 72.3 76.0 74.4 74.8 73.6 77.6
80.5 79.6 76.0 78.5 77.5 73.3 71.5 73.4 79.9 79.7 81.8 80.3 78.6 77.8 79.1 77.2 77.8 79.9 78.7 79.3 79.2 78.0 78.2 81.4 77.6 65.5 65.0 72.8 75.4 76.4 75.5 74.6 80.9 75.8 72.5 77.4 78.4 77.5 71.9 75.9 75.9 75.6 75.8 74.9 74.5 72.2 68.2 66.2 66.7 69.8 76.1 76.1 75.5 80.5 76.1 77.6 74.8 75.2 68.1 65.1 65.8 70.9 74.9 75.0 78.0 79.6 75.4 77.0 77.7 77.6 78.7 77.4 78.6 77.2 75.4 77.1 77.7 76.6 75.7 76.4 76.6 75.0 75.5 76.8
80.5 80.7 77.9 76.6 75.4 72.1 71.0 72.3 77.6 79.9 79.6 82.2 79.5 78.2 77.2 76.4 79.2 78.2 78.9 79.2 77.7 78.8 77.8 80.9 76.8 62.0 66.5 73.9 74.3 73.7 74.6 77.9 80.4 74.6 71.0 78.5 79.1 77.0 74.9 76.4 76.1 75.9 76.5 74.7 72.6 71.8 69.3 65.8 67.6 69.5 75.2 75.4 75.6 80.3 80.7 79.1 74.5 76.2 72.1 68.9 64.8 70.3 73.4 74.5 75.2 79.2 76.2 76.8 76.5 77.3 77.7 78.0 77.4 77.7 76.5 77.0 77.1 77.1 78.1 76.6 76.8 75.0 74.8 76.6
79.6 78.7 78.8 77.1 78.1 69.9 70.9 72.2 83.5 80.9 80.6 80.6 78.2 78.2 79.5 77.2 79.1 77.7 79.6 80.3 78.4 78.9 77.2 79.6 75.8 61.3 68.3 72.9 75.2 74.5 73.3 75.6 80.0 73.8 74.5 77.9 79.1 76.9 75.4 77.1 76.2 75.5 75.9 74.8 72.2 71.8 66.8 65.5 69.5 72.8 75.0 74.6 76.5 79.0 75.8 78.9 73.9 76.3 73.4 71.3 64.4 68.7 70.9 73.4 77.2 78.6 76.7 76.5 78.5 77.3 76.3 77.7 76.8 75.9 77.2 77.3 78.1 77.9 78.0 76.2 75.1 74.9 74.9 77.7
76.9 80.4 75.8 76.8 74.3 69.5 69.7 71.1 78.7 80.6 79.2 79.2 79.3 78.8 77.4 77.5 78.4 79.6 79.2 80.1 76.8 79.1 76.7 79.7 71.3 60.7 70.6 73.9 75.2 75.4 75.3 74.8 79.6 74.2 73.5 78.6 79.2 76.1 76.6 77.1 75.2 74.6 76.4 75.4 71.1 71.7 67.6 65.9 70.4 72.8 74.8 75.7 76.0 78.1 78.4 80.3 78.7 75.8 75.1 74.4 63.0 68.6 74.9 73.4 76.6 77.7 74.5 77.7 77.7 77.0 78.8 77.5 78.9 76.7 77.1 77.3 78.4 77.5 78.8 77.1 76.8 76.5 73.8 78.1
75.9 78.8 79.0 76.6 73.5 70.5 69.9 70.9 78.4 80.8 77.9 78.5 77.5 79.2 78.6 77.5 79.1 80.5 77.2 78.6 76.6 78.5 78.9 78.5 70.0 60.9 70.5 73.3 73.1 73.9 71.7 76.6 79.1 75.1 75.9 78.9 78.5 77.9 71.2 74.4 72.3 75.1 75.5 75.6 72.6 70.9 67.6 68.0 70.1 73.4 72.9 77.1 76.1 79.6 78.9 79.8 73.6 76.7 73.6 78.1 71.5 64.5 75.0 70.8 76.2 77.5 75.6 79.6 75.0 76.7 76.1 78.8 77.0 79.5 74.9 77.6 79.0 77.9 79.7 78.5 76.7 75.5 72.0 77.3
77.1 76.0 75.6 75.8 73.7 71.3 70.0 72.6 78.4 79.6 78.9 78.0 76.8 80.9 80.0 78.1 78.2 78.8 76.9 78.3 80.4 79.4 80.0 77.9 65.3 61.9 70.6 72.6 75.5 73.2 80.3 77.2 80.3 75.9 78.4 77.3 77.8 75.6 78.9 74.6 74.6 75.6 75.4 77.8 73.2 70.5 66.1 67.7 74.2 77.0 76.6 77.6 78.0 79.2 80.4 80.1 77.3 74.7 76.8 77.5 71.2 68.1 69.8 72.2 76.4 77.3 76.5 77.5 78.3 77.0 75.8 79.8 79.9 79.7 80.3 78.0 78.7 79.3 78.9 76.3 78.2 75.3 73.5 73.6
74.1 79.3 78.6 75.7 72.1 69.9 70.0 71.4 75.8 77.7 76.6 78.3 78.4 76.7 78.5 78.7 77.8 77.4 77.9 78.3 80.3 79.1 77.0 78.0 62.4 63.3 72.3 73.7 74.0 73.2 75.3 76.7 79.0 75.2 75.7 78.2 74.2 77.4 74.0 75.0 75.6 75.3 78.3 78.8 71.3 69.4 68.2 68.0 73.5 77.8 78.0 78.2 79.2 79.2 79.9 81.5 73.3 75.5 75.7 78.0 76.3 69.3 67.2 73.3 75.9 77.1 76.9 76.3 74.3 77.1 71.9 78.6 77.6 77.6 75.9 77.5 78.1 80.5 78.6 81.1 74.6 75.7 71.6 74.5
74.2 81.2 76.0 76.7 72.2 70.0 70.0 71.9 76.6 77.2 79.8 79.2 77.3 79.0 77.5 77.8 77.2 75.7 78.3 78.8 78.8 78.7 76.1 76.8 63.3 66.6 73.6 72.4 74.1 74.2 74.2 76.5 79.3 75.3 77.6 76.4 74.6 73.3 76.5 74.0 73.9 74.7 75.3 74.8 71.5 67.2 67.1 68.7 74.3 81.0 79.1 79.8 78.2 78.5 79.2 81.5 77.0 76.8 78.2 79.1 78.3 69.8 67.2 70.1 72.9 78.0 75.2 76.0 75.0 76.7 76.2 76.9 78.4 76.0 81.2 75.7 80.4 79.9 77.0 78.4 75.9 75.7 76.0 75.7
76.9 81.2 74.5 76.6 72.3 71.3 72.7 72.4 76.0 77.6 78.4 76.8 76.3 78.3 77.4 78.9 76.2 75.8 80.5 80.0 80.3 78.7 79.1 75.5 60.8 69.0 69.3 72.1 75.6 74.0 74.9 77.2 80.1 76.2 78.3 75.1 76.9 74.2 75.4 75.1 75.1 76.9 74.9 72.3 69.5 66.8 65.4 69.9 75.2 83.2 77.2 81.5 75.7 78.9 80.0 78.0 77.6 77.1 77.5 78.5 79.0 73.7 66.5 64.9 75.4 77.2 76.0 75.9 77.1 75.8 76.6 77.6 77.8 76.1 75.2 74.8 79.6 77.2 75.3 77.8 78.3 75.0 74.0 74.6
74.9 78.6 75.9 74.8 71.1 74.0 72.6 72.0 78.0 76.3 77.4 75.1 79.3 78.5 78.0 79.4 75.8 75.3 77.2 79.3 80.2 78.4 78.3 74.2 60.2 69.5 74.9 72.2 74.4 73.9 73.7 79.2 79.0 77.7 76.5 75.7 77.5 72.7 74.6 75.5 72.9 76.8 75.4 71.7 71.9 70.0 67.4 71.6 77.2 79.4 76.7 81.5 78.1 79.3 80.7 77.5 76.7 77.7 77.6 76.8 79.4 75.0 67.1 62.3 73.7 74.5 73.5 75.5 78.1 75.5 75.8 78.0 76.3 73.4 76.7 74.3 79.2 77.1 77.7 80.1 79.5 73.7 72.1 76.3
75.4 76.9 76.7 75.2 73.0 75.7 73.3 69.6 80.1 81.2 76.1 75.0 76.6 78.4 77.4 79.7 77.4 74.6 80.5 79.2 77.9 77.8 76.7 70.8 60.1 70.1 72.1 73.6 74.4 73.8 74.3 78.2 84.9 77.8 75.9 76.8 75.7 73.5 74.3 75.6 73.0 74.9 73.8 71.1 69.8 67.6 68.3 72.1 76.0 78.3 80.0 78.3 78.5 79.2 78.6 76.4 76.7 78.8 78.7 76.0 80.1 77.3 69.0 63.2 76.8 73.3 75.8 74.5 76.2 76.0 76.2 75.6 76.7 74.5 76.4 74.0 77.9 77.5 76.9 80.5 72.7 74.8 73.3 74.9
75.5 76.2 77.0 77.2 74.1 76.4 76.2 67.5 79.0 79.9 77.3 75.3 77.5 77.3 78.5 80.2 78.2 75.4 79.9 79.0 78.8 77.3 77.5 64.6 61.4 70.3 74.9 74.4 74.3 76.3 76.4 79.1 78.1 77.8 75.9 79.1 77.1 73.3 74.8 74.9 74.7 75.9 72.9 71.2 70.7 66.3 69.6 72.8 78.1 78.5 77.7 76.8 77.7 80.2 78.3 76.3 77.7 77.8 78.6 76.9 79.0 78.2 70.1 64.0 72.1 74.4 76.5 74.1 76.2 74.5 75.2 76.1 77.6 75.3 76.7 73.7 78.3 77.8 75.8 76.8 77.9 73.9 74.7 74.0
75.0 76.1 78.8 77.0 74.2 76.4 76.9 67.3 78.1 79.4 78.6 75.3 75.2 76.8 74.1 79.7 76.4 74.5 77.0 80.3 79.5 78.7 78.8 63.1 61.0 72.3 76.4 75.6 73.6 77.2 75.0 81.1 79.2 79.4 75.9 79.7 76.2 73.7 75.6 75.5 76.4 76.1 71.9 71.6 68.6 66.4 68.0 75.1 80.9 78.8 77.7 77.5 77.9 80.5 78.0 78.0 78.8 76.5 78.7 78.0 78.1 78.8 76.1 65.0 68.1 74.2 69.6 73.8 73.9 74.9 75.1 76.4 78.3 76.3 74.7 72.9 74.1 77.6 76.5 76.0 75.0 75.9 73.8 73.8
73.7 76.0 76.2 77.0 74.5 77.1 77.2 69.5 77.5 78.1 76.1 75.2 79.1 77.5 78.0 79.7 78.5 74.2 76.7 79.8 77.6 77.7 77.0 62.2 65.9 73.6 77.0 75.3 73.0 74.9 75.4 79.5 75.5 78.2 76.5 77.9 75.9 75.6 76.9 75.9 74.8 74.4 71.0 71.0 68.8 65.1 69.1 77.0 80.5 78.9 78.6 78.3 77.2 80.1 79.5 77.4 78.5 78.7 79.2 78.3 80.2 78.6 75.9 65.4 67.2 74.4 70.8 74.1 76.6 74.6 74.1 76.1 77.3 75.4 75.5 72.4 74.4 76.6 75.9 75.5 75.1 75.6 71.8 73.1
73.6 75.1 76.8 76.1 78.6 76.4 75.6 71.6 72.5 77.9 78.2 75.7 76.8 77.3 76.5 77.1 77.6 76.2 76.6 78.4 77.9 77.8 72.7 62.2 64.8 73.6 75.7 75.3 73.9 74.0 79.2 79.3 78.3 77.8 77.3 75.9 75.6 77.6 76.0 75.5 78.5 74.6 70.3 70.7 68.6 64.9 70.6 77.9 79.7 78.8 74.4 79.7 81.2 80.2 80.1 78.2 77.6 80.3 78.2 78.6 79.4 78.6 79.4 66.7 66.1 73.0 73.2 75.3 73.9 73.8 74.0 75.2 76.0 74.5 75.8 72.2 75.9 72.2 77.4 74.6 69.6 74.3 71.8 66.2
