morphological_analysis/input_data/survey/q07_1/matrix_q07_1s1.txt
north:            -537.50
south:           -1267.50
east:             2691.00
west:              -93.00
rows:                 148
cols:                 278
null:              -999.0
[rows 0 to 37 of 148, columns 168 to 251 of 278]
69.4 74.4 72.0 70.0 65.3 60.1 60.4 57.9 60.9 60.9 50.3 58.2 48.7 51.4 65.5 68.8 70.9 56.2 50.1 99.2 99.5 99.9 98.5 102.5 152.7 59.0 62.6 59.0 58.2 64.2 67.1 66.7 64.1 64.8 60.8 65.0 64.7 64.3 63.3 62.6 63.7 68.4 61.6 66.0 68.2 71.1 68.9 68.3 77.9 130.7 128.8 128.2 125.9 125.0 59.1 62.9 67.5 66.0 56.1 58.8 70.0 70.2 61.6 63.4 63.5 65.6 56.7 51.2 54.6 54.2 55.5 54.0 56.6 55.0 53.0 53.0 38.8 42.4 43.3 46.2 47.3 48.3 37.2 42.2
68.7 74.4 72.0 69.8 65.0 60.3 60.5 57.9 61.1 60.9 50.1 58.1 48.3 51.3 64.9 68.8 72.4 56.2 49.2 99.2 99.4 100.2 97.9 102.8 53.8 59.3 62.9 59.0 58.2 64.7 67.8 67.0 64.2 64.9 60.6 64.9 64.8 64.4 64.5 63.3 63.4 69.1 64.5 66.0 67.7 71.1 68.3 68.3 77.4 130.8 128.6 128.2 126.3 124.2 59.0 62.7 69.7 65.7 54.8 58.5 69.6 70.3 60.8 63.7 63.2 65.7 57.7 51.1 53.5 54.9 54.6 54.2 56.6 55.3 53.4 53.4 39.0 42.3 43.9 45.9 48.1 48.5 36.2 42.3
71.2 74.5 71.6 71.6 65.2 61.0 63.6 58.6 60.3 62.8 51.0 58.5 50.9 51.4 65.1 66.8 73.8 57.6 52.6 99.6 100.7 102.3 102.6 102.8 183.9 62.3 64.1 60.9 61.6 67.1 66.0 68.8 66.6 64.9 62.3 66.7 65.4 65.4 63.7 65.5 63.3 68.9 66.1 66.0 70.5 71.1 71.5 70.5 80.3 132.1 129.5 128.7 126.2 124.4 59.4 63.8 71.9 64.9 55.1 65.7 70.9 70.7 60.8 63.7 62.8 67.5 60.4 54.2 57.0 56.5 56.7 55.6 56.1 55.3 55.4 53.9 42.6 40.4 46.3 50.9 47.8 49.5 38.8 43.6
70.8 74.7 71.7 67.2 67.9 63.5 63.9 60.2 62.3 64.3 54.3 58.7 51.0 51.5 64.0 65.7 71.8 60.4 52.6 99.7 101.9 104.0 104.1 104.4 167.3 60.6 64.5 62.4 63.5 68.9 67.4 70.1 67.8 64.7 62.6 65.5 68.2 67.9 63.6 66.1 66.8 72.7 70.0 65.6 71.1 73.5 75.9 72.3 82.0 132.5 130.1 128.4 126.4 122.2 60.5 61.5 70.5 64.3 58.5 62.8 71.0 70.7 63.4 65.7 62.0 70.9 63.6 57.1 55.9 59.1 55.4 52.6 58.1 57.2 57.0 53.8 45.6 42.0 46.7 47.9 50.1 51.6 33.5 44.8
72.1 77.4 70.8 67.2 67.7 66.1 64.6 62.4 63.0 67.2 57.2 60.9 54.9 56.2 64.1 70.9 72.8 64.0 52.6 101.2 101.5 104.3 104.0 104.3 152.1 60.1 63.9 65.5 64.2 69.5 67.3 70.5 65.5 65.1 60.4 68.6 69.7 70.1 63.5 65.9 65.4 75.4 71.6 66.9 71.8 76.2 67.9 76.4 83.9 133.4 126.0 130.9 126.0 126.6 60.3 65.8 70.4 65.4 61.2 62.3 71.3 69.9 62.1 68.0 72.4 75.6 66.4 60.2 57.8 59.8 58.0 57.6 57.6 57.4 57.0 54.3 47.3 40.4 50.0 46.9 51.0 52.5 37.8 45.8
73.5 77.5 72.6 67.0 69.9 69.5 65.6 64.8 65.2 68.5 58.1 63.0 57.0 58.2 64.7 70.2 73.6 68.4 62.9 101.4 103.1 104.4 105.2 105.9 124.9 60.4 62.7 69.7 66.8 69.8 68.6 69.4 66.7 67.0 63.5 69.2 71.8 72.0 64.4 66.9 69.1 77.2 71.3 66.7 72.5 79.4 75.0 81.0 85.0 134.5 132.4 130.8 128.2 125.5 61.7 66.2 66.4 64.4 63.6 65.1 71.9 69.3 61.0 74.2 83.7 79.1 71.4 66.0 53.1 60.9 59.1 56.9 59.8 59.6 58.1 54.0 49.5 47.0 50.2 47.7 52.1 52.7 36.0 46.0
74.5 80.6 70.9 67.2 70.1 68.3 68.7 68.0 65.7 71.4 60.9 63.9 59.8 62.3 77.2 108.8 110.1 110.4 105.4 98.7 104.5 104.5 105.0 102.3 110.4 61.8 62.5 68.0 70.5 68.3 70.2 70.2 67.3 69.5 63.3 71.6 70.1 73.6 63.2 69.4 72.7 81.7 73.0 68.7 71.8 82.8 79.7 84.5 85.7 135.4 132.0 131.0 128.7 126.9 61.8 67.0 67.2 65.7 65.4 67.6 76.6 72.5 64.7 82.8 96.5 82.9 82.0 78.0 53.2 61.6 65.5 58.3 62.0 60.2 61.2 57.9 48.2 45.2 49.3 49.0 53.7 54.2 41.6 47.5
76.5 81.5 71.7 66.9 70.5 68.6 73.5 69.7 69.6 72.9 62.3 65.8 66.2 67.8 81.3 112.6 111.6 111.8 109.0 78.6 87.6 94.1 94.5 96.5 50.1 62.1 66.5 72.0 68.7 68.0 69.6 70.0 65.9 73.6 75.7 76.8 75.0 79.0 72.0 71.7 74.8 84.3 74.7 71.9 71.8 82.6 80.4 84.5 87.3 135.1 134.0 132.5 129.6 128.7 63.4 68.2 63.9 66.2 66.5 70.7 79.7 75.3 70.9 90.8 104.2 94.8 91.4 93.1 61.2 62.6 63.9 61.6 61.6 60.7 62.1 61.4 52.3 47.5 55.6 52.6 54.5 56.6 45.0 50.6
78.5 82.4 74.6 69.2 73.0 71.9 68.0 72.6 70.4 73.8 65.5 68.8 87.0 111.3 110.2 113.3 104.3 112.2 115.3 82.9 65.0 68.2 70.1 74.1 54.5 61.3 65.2 71.9 69.3 67.9 74.2 74.4 79.6 86.2 84.0 86.5 86.5 88.0 83.7 78.9 81.7 89.8 77.4 75.8 78.1 83.4 81.4 86.5 91.8 131.4 128.7 120.5 129.5 122.3 68.7 69.7 65.3 69.8 66.7 72.9 81.3 78.4 79.5 100.7 121.1 118.0 114.4 104.9 72.4 64.2 63.5 63.2 60.4 60.8 60.5 62.6 51.9 49.7 59.0 55.0 56.9 55.7 46.8 53.4
83.4 86.3 76.6 83.5 76.3 82.7 74.0 76.2 70.9 80.8 90.1 112.4 105.7 113.5 114.2 112.6 114.8 110.8 112.4 98.7 51.7 58.8 62.7 58.4 54.9 68.5 65.8 76.4 76.0 81.0 87.8 89.1 89.7 94.7 96.3 97.8 95.5 96.0 94.8 90.4 86.2 98.4 91.0 92.6 87.8 95.4 84.3 88.7 93.6 113.5 114.0 99.2 100.3 93.0 66.2 74.8 71.9 74.5 75.8 81.4 84.4 82.7 90.7 112.1 119.9 120.9 120.0 115.0 83.0 70.7 64.6 60.8 66.0 62.5 64.8 64.4 56.2 50.9 62.1 56.4 58.7 56.6 51.4 56.9
107.6 99.7 109.8 109.0 111.8 108.6 111.0 107.6 112.6 111.5 111.1 112.8 117.4 116.2 117.0 112.6 112.1 111.8 113.2 106.0 104.2 83.3 63.9 81.8 78.5 81.9 95.3 97.1 93.0 97.4 100.8 104.1 100.0 107.5 104.1 105.2 105.5 105.7 103.8 100.1 91.7 108.1 101.2 99.9 100.5 101.4 101.0 103.0 93.8 101.4 97.7 85.4 88.4 85.3 74.1 83.9 80.8 80.0 81.7 93.3 91.7 106.1 103.7 117.8 120.1 122.2 121.8 122.3 106.8 92.6 72.3 63.3 63.9 62.8 64.9 65.5 59.7 51.1 63.5 62.3 60.1 62.3 52.1 59.1
117.4 117.8 120.5 116.5 119.2 115.4 118.8 115.3 113.2 116.9 115.6 116.8 117.5 117.7 116.9 112.0 109.8 112.3 113.8 115.8 114.0 111.7 76.8 110.0 111.5 109.4 111.7 110.8 110.7 108.5 113.9 111.7 112.9 113.1 110.6 111.1 111.7 111.7 112.9 120.3 111.6 113.6 114.1 107.7 109.6 106.6 109.6 106.7 109.6 102.4 99.1 94.1 88.3 93.4 88.5 95.3 94.3 92.0 92.3 100.5 103.5 111.7 111.9 120.3 120.3 123.8 123.3 124.5 117.9 105.9 96.3 74.4 64.0 69.1 59.0 65.8 58.9 63.3 65.5 63.6 64.6 57.8 54.4 61.5
118.4 117.9 118.4 117.2 118.6 117.5 116.5 117.0 117.0 117.9 118.7 118.6 117.9 116.6 117.0 114.0 111.7 112.3 112.1 118.5 115.8 115.6 108.6 112.9 115.9 113.5 114.9 115.2 119.0 115.3 117.0 116.4 115.8 115.8 116.9 116.8 118.0 116.2 116.9 120.1 119.9 117.7 118.6 117.4 118.8 116.4 118.8 115.1 118.1 114.9 116.9 115.0 114.7 110.5 111.7 110.4 109.2 105.3 111.0 107.2 117.9 120.2 119.2 122.7 119.9 123.0 122.4 125.4 123.6 116.3 111.8 91.6 94.6 91.7 66.1 69.8 62.4 72.3 67.5 64.1 66.8 63.8 54.9 62.4
119.6 117.5 118.4 117.7 118.1 117.8 117.3 118.3 117.6 117.7 117.5 118.6 118.6 120.2 116.5 113.6 112.2 110.1 110.7 117.5 116.8 115.5 112.1 112.6 115.6 115.5 114.6 116.7 118.7 117.2 118.7 120.5 118.3 118.1 119.1 116.8 118.5 120.1 121.4 119.8 121.2 121.0 120.7 122.7 124.0 119.9 119.5 119.3 118.5 118.2 117.1 116.6 117.9 117.4 113.4 119.2 117.6 119.4 118.7 119.9 120.6 121.4 125.7 124.2 121.3 123.4 123.5 125.3 125.4 122.6 122.5 111.3 112.0 112.4 112.9 98.4 77.1 111.4 111.1 71.6 103.2 71.3 59.3 70.8
117.9 117.8 117.9 115.4 117.6 118.1 116.0 117.8 118.0 116.7 116.8 117.4 118.7 113.3 117.6 112.0 112.2 110.0 110.8 116.6 116.2 115.8 113.9 113.9 115.6 115.0 115.3 117.5 116.1 117.8 119.0 119.0 117.3 117.5 119.4 117.4 116.9 120.6 120.6 118.4 121.8 121.9 121.3 121.8 119.8 120.2 122.2 118.9 118.0 116.9 116.9 121.8 118.3 117.1 115.1 119.0 119.7 120.1 121.7 119.4 121.2 123.4 124.7 125.8 122.3 123.1 123.1 124.7 126.9 126.5 127.7 122.2 123.3 122.0 121.9 121.2 89.4 121.9 125.1 118.6 120.8 120.3 119.9 118.3
118.0 101.0 117.1 86.1 118.8 113.9 115.1 109.4 116.3 112.7 116.4 116.7 116.6 117.0 115.4 105.7 112.5 110.3 114.7 113.0 115.1 113.0 113.0 112.5 111.9 113.6 112.7 117.4 116.2 116.9 119.0 117.8 118.9 117.3 119.5 117.6 118.4 118.8 117.0 117.5 122.0 121.4 121.9 121.1 120.5 120.3 120.3 118.5 118.0 117.7 117.0 123.9 117.3 117.9 118.2 118.1 117.6 119.0 121.5 119.2 122.4 124.2 125.7 124.0 121.0 124.3 125.2 126.1 126.2 130.9 126.3 124.5 125.4 124.5 126.4 128.0 121.8 124.9 126.1 125.0 125.4 126.8 126.6 126.1
72.0 82.0 75.8 78.8 77.2 97.0 76.3 81.9 88.0 96.1 107.1 107.2 113.8 90.7 97.5 81.1 82.1 105.3 99.2 103.3 113.2 96.7 112.4 97.4 118.9 97.1 113.4 115.0 113.3 108.7 117.3 114.0 113.6 114.1 115.3 115.5 117.7 116.6 118.5 120.5 120.2 121.2 122.0 120.7 119.6 118.6 119.1 112.7 117.2 117.0 118.4 117.4 120.7 117.1 117.1 116.8 120.3 121.0 121.7 118.3 123.8 123.2 123.5 123.6 120.6 123.0 122.4 126.7 127.8 126.8 126.5 125.9 123.9 125.4 125.8 124.5 126.3 125.4 125.1 124.5 127.6 127.0 126.3 127.2
70.7 76.2 76.1 75.3 75.3 79.6 79.9 79.4 76.1 75.9 75.6 72.0 69.5 75.0 74.9 73.8 73.8 74.4 74.9 75.4 75.4 79.9 80.2 73.3 73.1 83.7 73.6 107.9 87.7 87.9 108.5 85.9 111.3 95.6 109.8 109.1 114.0 110.2 114.6 116.7 118.0 118.2 118.3 113.7 115.8 111.0 118.2 87.3 116.6 91.7 113.8 111.1 120.6 97.3 117.0 113.5 117.5 121.4 119.8 115.4 122.2 124.0 122.5 119.8 122.0 121.4 122.2 120.3 126.3 125.7 125.9 124.2 123.7 124.7 126.1 125.5 126.7 124.5 124.0 125.6 126.8 126.4 126.3 126.6
71.7 76.9 78.6 78.1 78.4 77.2 78.4 78.0 76.9 74.4 73.4 74.5 75.5 73.0 74.1 73.4 73.6 71.9 73.7 74.5 73.7 76.0 76.2 73.0 75.2 71.9 74.6 77.1 74.2 76.7 52.4 26.1 21.7 30.5 35.0 92.3 100.9 101.5 113.0 95.4 111.9 107.8 112.2 103.8 92.1 88.0 79.2 70.1 70.0 70.6 68.1 75.8 62.9 74.8 68.1 109.6 96.2 111.2 118.1 109.3 115.6 111.1 120.1 117.1 119.0 117.8 120.7 114.9 121.5 122.5 123.5 120.9 122.7 120.0 124.7 124.0 126.0 123.0 123.2 124.3 124.4 125.2 125.6 125.9
73.7 78.1 78.0 77.6 77.6 78.0 80.5 78.1 73.8 75.0 75.3 71.0 72.5 72.3 71.1 73.8 74.4 73.1 75.0 74.5 75.9 75.3 74.9 72.8 76.7 71.7 75.1 74.5 75.6 75.3 58.4 19.6 17.6 25.8 31.2 47.0 54.7 61.5 76.2 63.8 65.3 91.0 63.5 65.5 63.2 66.2 69.9 65.1 69.6 68.7 66.6 71.6 68.7 69.3 70.1 69.4 69.6 71.6 69.3 74.0 68.3 83.8 111.4 105.3 115.3 105.7 115.0 104.1 115.7 111.7 112.9 97.6 122.5 114.6 117.8 118.1 122.1 118.5 123.0 120.2 123.0 121.2 122.9 123.8
73.7 76.1 77.8 79.1 81.1 79.4 79.1 78.1 82.8 75.6 75.0 71.5 72.1 72.2 71.2 74.0 76.9 73.3 77.3 76.1 74.5 75.1 79.4 71.2 75.2 74.7 75.5 75.0 75.5 75.1 56.5 25.0 16.5 28.4 30.4 45.3 50.7 58.3 59.1 68.4 60.5 66.7 64.0 64.7 65.8 64.7 68.1 68.5 68.6 67.0 66.9 68.2 69.4 70.2 69.6 68.6 68.0 68.8 70.3 67.7 68.8 70.2 64.1 77.3 70.4 69.1 67.1 69.9 71.1 72.5 71.7 72.4 77.0 76.4 102.6 83.7 81.4 91.6 76.7 76.5 117.5 90.3 117.0 97.4
74.7 74.6 76.4 78.8 79.3 79.8 81.4 79.1 80.5 74.9 76.6 75.0 76.2 71.5 71.6 74.0 75.2 73.7 73.3 76.0 76.1 76.2 78.4 72.3 76.7 74.2 75.5 76.8 75.5 75.3 60.4 29.9 26.9 32.8 37.4 45.5 52.4 58.7 60.3 62.3 61.7 64.4 66.0 62.7 66.5 64.7 66.7 66.7 66.8 67.5 67.8 67.6 68.6 70.3 69.3 68.5 69.4 68.6 69.3 67.2 67.8 66.9 62.5 67.8 68.9 68.3 67.3 67.2 68.4 70.1 72.3 67.9 71.1 73.4 76.0 72.6 73.5 72.3 73.3 72.9 71.7 76.3 71.6 72.6
73.7 76.0 78.9 80.4 78.3 80.6 85.1 79.4 79.2 74.4 72.7 73.2 75.0 71.8 71.9 75.0 74.2 74.7 77.7 75.8 76.4 75.4 74.0 72.9 82.2 77.1 74.8 76.4 75.5 74.3 63.4 32.4 32.2 35.2 40.5 48.2 54.9 58.9 61.4 62.8 62.1 64.0 64.9 65.5 66.3 67.0 70.8 65.8 69.1 68.3 67.8 68.2 68.7 67.8 69.0 68.3 68.8 68.4 70.0 68.1 71.0 68.0 68.9 66.9 68.9 69.0 65.3 67.5 66.5 70.4 72.3 71.2 72.7 72.0 74.6 72.3 72.6 71.4 73.5 71.9 72.1 72.4 71.1 71.2
74.6 78.5 77.1 81.3 79.9 81.0 80.8 78.5 77.9 74.2 73.9 73.8 77.4 72.6 73.1 76.3 75.7 74.7 73.9 75.7 76.1 75.9 74.2 72.7 75.2 78.5 73.8 77.6 79.7 71.3 64.0 38.6 33.8 39.7 42.7 49.3 57.0 59.2 59.7 63.5 63.2 65.1 64.1 67.7 66.1 66.4 68.7 65.0 65.5 66.4 67.5 68.0 68.2 67.5 67.3 67.2 64.7 67.4 68.5 67.6 69.3 68.3 64.5 66.0 65.5 68.5 65.3 67.9 67.4 71.3 70.0 68.0 67.4 70.3 72.1 73.4 72.2 72.0 72.9 72.0 72.1 71.1 72.3 73.0
78.3 77.6 79.3 80.7 78.1 81.0 83.1 78.6 77.8 69.5 77.1 74.1 75.5 74.2 74.0 76.3 73.7 74.5 78.2 75.6 76.1 76.4 71.6 74.4 77.0 77.4 74.5 78.3 77.7 67.6 61.8 42.8 36.4 40.5 45.9 50.1 55.4 60.2 63.9 63.2 64.8 65.8 64.3 64.9 63.8 66.6 65.9 67.8 67.7 66.1 62.3 66.9 67.8 68.1 67.6 68.1 69.6 69.1 70.8 68.9 69.6 68.3 66.8 66.7 62.8 68.0 67.7 68.5 66.0 68.7 67.4 68.0 68.2 68.7 71.0 71.1 70.4 71.6 71.8 73.8 69.9 72.9 71.5 73.4
79.7 76.2 78.5 79.7 79.0 80.4 77.8 78.7 76.0 75.7 77.9 75.3 75.6 74.1 74.8 76.4 75.3 73.9 77.8 76.0 72.5 76.1 72.2 74.3 74.8 78.0 75.7 77.3 79.7 62.7 60.2 43.9 37.2 41.1 49.7 54.1 58.5 60.3 58.8 65.5 67.4 64.9 64.2 66.4 66.5 65.2 67.5 66.6 67.3 66.3 65.1 67.1 69.5 66.6 67.7 67.4 68.6 68.2 69.4 69.9 69.6 68.4 67.3 68.4 67.1 70.4 67.4 71.0 70.1 67.6 68.2 66.3 66.1 67.9 70.5 69.4 68.4 70.8 72.5 72.4 73.1 73.9 71.7 71.4
77.9 76.7 76.6 79.3 81.4 80.8 77.7 78.6 77.4 76.8 78.9 80.5 74.9 75.5 74.3 77.2 76.1 76.8 75.0 74.6 79.4 74.7 73.1 72.5 77.0 76.2 74.7 76.7 77.9 62.6 61.3 50.6 41.0 45.3 52.7 57.7 58.9 63.2 63.8 65.6 65.3 66.4 62.9 68.1 68.4 64.1 66.6 66.4 66.7 66.2 65.7 67.9 68.5 66.8 66.6 67.3 68.1 68.9 69.3 69.3 68.6 67.8 66.1 68.5 67.1 70.2 68.2 68.7 66.5 68.3 67.4 65.0 66.9 67.8 71.1 69.8 68.4 71.4 72.5 70.9 70.5 73.2 69.8 70.2
78.9 74.8 85.8 82.0 81.0 82.2 80.3 79.4 76.5 77.4 75.3 76.6 75.5 77.4 72.5 77.6 76.7 76.9 73.3 74.2 72.3 74.5 74.5 71.5 74.3 74.9 75.5 77.6 77.7 63.4 59.7 52.2 44.0 47.8 54.6 59.1 59.8 62.3 63.2 63.0 65.5 65.3 66.9 67.3 65.8 62.2 67.6 64.1 64.6 66.6 67.5 69.0 67.6 66.6 64.4 69.8 67.3 69.6 68.0 69.5 68.1 67.8 65.4 68.0 68.5 68.1 69.8 68.1 65.3 67.2 65.8 66.3 67.1 70.0 69.6 70.2 69.4 68.7 71.2 67.6 66.1 72.0 70.1 69.6
78.0 78.6 76.5 83.2 82.1 81.9 78.0 76.8 75.9 77.2 74.2 76.0 78.8 75.7 77.9 76.6 76.0 76.6 73.3 75.9 74.9 74.6 72.6 73.1 76.2 76.3 73.8 77.4 74.5 61.2 56.1 55.0 46.8 50.9 58.6 60.3 62.0 65.8 64.9 60.8 65.6 64.1 66.1 65.6 68.6 66.5 65.8 64.1 65.9 65.3 66.8 65.3 68.8 66.6 64.9 71.2 66.3 70.8 67.5 69.2 68.8 65.7 69.4 68.4 69.8 69.5 65.3 69.8 65.3 66.3 66.9 66.4 64.6 71.3 69.6 69.8 70.6 68.8 70.1 70.7 73.8 70.6 70.4 68.0
78.4 72.2 80.8 82.3 79.3 80.5 77.7 78.4 77.3 77.4 75.2 76.3 76.5 76.3 75.5 74.4 76.4 76.3 75.8 74.7 73.7 71.5 73.9 72.7 72.0 73.8 73.5 77.0 74.4 61.1 57.7 60.2 51.3 52.3 57.6 63.2 62.7 65.3 63.4 64.7 64.1 63.4 63.4 62.8 64.7 65.2 63.6 64.7 64.2 65.6 68.5 67.2 68.7 65.8 66.0 64.2 67.1 68.2 67.7 68.0 70.9 69.9 69.9 70.1 69.2 70.1 68.4 70.1 67.9 67.4 67.3 66.3 65.4 66.9 65.8 69.7 70.1 68.7 70.3 70.8 62.5 70.3 70.5 73.3
76.5 75.9 81.5 81.2 82.0 78.3 81.4 76.0 76.8 78.3 78.0 77.5 76.3 77.6 74.1 74.2 76.2 75.7 77.0 72.6 71.6 72.9 68.8 71.6 72.9 74.1 73.4 75.8 71.3 59.3 58.0 64.9 55.5 55.9 62.5 67.4 64.6 66.5 64.5 63.8 63.8 62.8 63.6 61.6 62.7 64.0 65.6 65.4 65.7 64.5 66.3 67.3 67.1 65.8 66.7 66.3 67.8 67.7 66.9 66.5 68.2 68.2 69.0 70.0 69.8 70.7 68.9 69.2 66.1 68.1 63.8 67.2 67.0 67.0 66.5 70.0 68.3 68.0 69.5 70.8 72.3 71.2 71.9 73.8
80.2 76.6 80.2 79.6 82.2 80.2 81.5 77.2 77.5 77.9 74.8 77.6 77.0 75.2 76.1 74.3 75.0 71.2 73.4 69.3 70.3 74.1 70.7 71.6 70.2 73.6 69.6 76.7 67.7 58.6 60.2 68.9 57.4 61.9 69.8 70.2 70.1 69.3 64.4 63.9 64.0 63.4 61.2 62.4 63.5 64.6 65.2 65.3 65.3 66.6 66.6 65.0 66.8 66.2 67.8 66.1 65.0 67.3 67.0 66.7 67.0 68.4 68.5 69.9 69.6 70.4 70.4 69.0 69.2 68.7 67.5 68.6 67.0 67.0 65.7 68.8 68.9 68.1 70.2 70.5 67.5 70.4 70.7 71.0
77.5 75.9 78.0 79.1 80.6 79.4 78.1 79.3 76.9 76.5 77.7 77.4 77.1 75.9 75.7 74.1 74.0 69.2 67.3 69.6 70.0 72.4 71.2 71.8 71.7 74.5 71.8 74.8 67.1 58.4 60.3 70.4 70.1 66.6 71.6 72.5 69.9 71.7 68.0 65.1 62.9 64.0 61.5 63.4 60.6 63.7 66.2 64.3 69.4 66.1 67.9 66.8 65.5 66.2 67.8 66.0 66.0 67.4 66.7 65.1 66.6 68.6 69.0 68.1 69.0 70.1 70.0 70.5 70.6 68.1 68.4 70.1 65.3 67.7 68.3 68.5 66.4 67.9 69.1 70.9 70.9 71.3 63.2 70.7
77.7 75.9 77.6 79.0 79.6 78.9 79.0 80.9 76.3 77.6 79.0 76.6 79.7 75.5 75.6 73.7 71.5 70.1 68.2 70.1 70.5 70.9 71.0 72.8 72.5 73.3 73.4 74.3 63.7 60.1 61.9 71.3 66.1 70.4 71.9 73.1 72.5 74.0 66.8 65.0 61.4 64.2 62.0 62.4 62.6 63.8 65.7 64.4 67.7 65.5 66.4 68.0 63.5 64.4 66.7 65.8 66.6 67.3 66.8 65.2 67.3 69.4 68.4 70.0 71.0 69.7 70.7 71.8 71.6 67.5 66.1 69.9 68.1 66.5 68.9 69.1 64.3 68.2 69.6 70.8 70.6 71.5 71.8 71.5
76.4 76.4 79.5 78.9 83.4 78.1 80.8 79.0 78.3 79.9 77.0 75.1 82.0 74.1 74.4 71.1 70.8 68.4 67.7 71.0 69.1 68.9 68.7 72.3 71.5 70.7 75.3 75.9 62.0 60.8 68.1 73.3 72.3 74.1 70.7 73.4 71.5 76.3 69.1 67.7 61.4 62.5 60.1 62.1 60.3 65.5 65.5 65.2 67.8 65.1 64.6 67.9 66.7 64.4 63.7 64.3 67.1 66.7 65.7 66.2 64.1 68.8 72.2 71.0 69.2 70.5 69.1 71.5 69.2 68.8 69.0 69.6 67.9 68.9 70.5 69.4 68.4 69.4 70.4 70.8 73.0 71.6 73.6 71.4
75.6 77.1 77.9 78.3 77.2 79.0 77.7 78.6 79.3 80.8 77.5 76.2 75.8 72.0 71.1 69.7 70.8 70.4 67.6 71.2 65.4 65.6 69.4 71.7 69.5 70.5 75.1 75.5 58.5 62.4 69.3 70.9 70.7 77.0 68.7 72.1 71.2 72.2 69.1 68.4 69.7 62.9 63.5 62.4 61.6 64.3 65.9 65.3 65.2 64.6 67.7 66.8 64.8 65.3 65.2 63.8 64.1 65.8 65.5 66.6 67.4 68.7 70.5 70.9 69.4 72.3 69.8 70.5 70.0 69.9 68.9 69.2 66.9 68.9 68.4 68.5 71.6 68.4 69.0 72.0 70.4 71.6 69.6 72.6
73.3 76.8 79.1 77.9 79.9 79.2 78.4 78.6 77.2 77.2 82.8 76.5 74.8 71.2 71.9 67.1 72.6 71.8 68.5 71.1 64.8 64.3 71.1 70.7 73.3 72.8 75.6 76.0 60.3 61.5 70.7 72.4 72.6 77.9 70.7 71.8 71.9 71.9 70.4 69.0 63.9 66.4 64.0 62.7 64.0 64.2 65.3 65.0 63.0 64.0 66.5 65.8 66.7 65.0 60.0 62.7 62.8 64.5 66.0 64.9 68.0 67.6 69.1 71.9 69.9 70.1 69.5 68.3 70.8 69.9 66.9 69.9 69.0 67.7 70.2 68.2 73.7 71.7 70.0 72.0 70.8 71.7 70.7 70.5
74.7 75.4 77.7 78.4 78.2 78.2 77.7 78.9 77.1 76.9 79.7 78.7 71.8 70.3 71.9 68.9 69.5 73.1 69.5 69.3 68.6 67.5 69.6 71.1 70.0 73.4 74.5 74.8 60.9 60.7 73.7 72.7 73.2 79.0 69.1 72.8 68.9 68.5 68.6 69.5 65.2 68.0 62.8 63.2 63.0 63.6 68.7 63.6 67.3 65.6 66.2 65.0 66.3 62.0 62.2 61.7 67.8 65.5 69.6 66.5 65.8 65.8 67.7 70.7 68.5 70.9 70.3 71.0 70.1 69.7 71.2 70.4 68.7 67.6 70.0 70.8 71.8 70.7 69.6 71.4 71.6 72.8 73.6 72.3
