morphological_analysis/input_data/survey/q05_1/matrix_q05_1s2.txt
north:            -537.50
south:           -1267.50
east:             2691.00
west:              -93.00
rows:                 148
cols:                 278
null:              -999.0
[rows 0 to 37 of 148, columns 168 to 251 of 278]
66.9 64.5 68.3 71.4 67.0 64.2 59.3 55.6 54.4 55.9 56.7 54.0 53.4 54.9 57.6 63.0 52.0 54.9 52.8 48.7 52.8 50.0 52.2 100.1 103.0 106.0 94.8 83.0 59.0 48.8 51.4 52.3 48.5 48.0 50.1 57.4 70.7 77.8 81.9 87.6 85.7 74.6 59.5 55.3 54.3 57.1 57.9 61.3 59.4 72.0 72.6 74.7 73.8 72.8 76.5 71.5 62.5 56.5 54.2 52.8 53.0 53.1 53.1 55.3 59.8 67.8 73.1 63.8 51.7 48.2 45.9 44.1 40.4 43.5 44.0 51.8 48.4 58.2 56.9 51.0 51.7 55.2 49.9 56.1
66.0 64.3 68.7 71.4 68.0 64.2 59.5 57.2 55.5 56.2 55.5 54.7 53.8 55.2 55.8 64.6 57.7 54.7 50.6 48.9 52.8 49.9 52.0 100.1 103.0 104.3 104.1 83.2 58.7 48.3 51.4 52.3 48.7 49.2 50.4 56.4 70.9 77.8 82.7 87.6 85.7 74.5 59.6 55.3 53.4 57.3 58.5 61.2 59.2 71.3 72.5 74.3 73.9 73.5 76.4 71.5 61.8 57.3 55.1 53.1 52.3 53.2 52.8 55.2 60.3 68.6 76.3 64.0 50.9 48.4 45.7 44.8 40.3 43.5 44.2 51.8 48.0 58.1 57.4 51.1 50.8 55.4 49.6 56.8
70.6 70.3 66.7 69.7 66.4 64.3 59.8 62.1 58.5 60.0 63.6 61.0 55.5 58.2 65.0 65.1 71.8 63.2 60.8 49.8 52.0 53.9 51.2 100.2 103.1 91.6 61.1 68.4 59.8 53.8 52.1 52.7 45.8 52.1 51.7 55.2 67.8 77.8 84.3 87.1 85.1 74.3 61.0 57.1 57.7 60.3 59.6 65.1 61.2 68.9 72.0 73.9 76.1 75.9 80.2 72.4 66.1 60.1 55.1 52.9 56.0 55.1 54.0 59.7 66.3 68.6 79.7 68.4 55.3 46.3 46.8 45.5 41.5 42.8 44.7 50.8 47.4 58.4 58.4 57.8 54.2 57.1 50.9 57.7
75.9 75.6 70.1 69.5 68.7 67.2 64.6 68.2 63.8 67.1 69.5 67.0 61.2 63.5 73.9 76.5 82.5 76.6 72.8 59.3 51.4 53.7 53.4 90.5 79.3 67.4 64.8 68.2 59.0 57.3 54.6 56.4 55.3 55.8 56.3 59.7 67.0 77.1 85.4 87.0 84.8 72.7 62.2 58.8 58.9 65.4 62.3 67.5 65.3 69.1 70.9 74.7 76.8 77.0 80.5 72.7 67.4 64.0 59.5 59.0 55.3 57.3 57.6 64.9 71.6 74.0 83.1 79.6 59.8 50.1 46.5 47.9 42.7 45.3 43.9 49.0 46.7 58.0 61.1 61.8 56.6 60.6 52.5 60.0
82.7 82.5 77.3 75.6 75.9 74.0 72.5 72.8 70.7 72.7 74.9 73.0 66.7 69.7 80.4 90.9 94.7 94.6 88.2 80.9 50.8 54.2 53.3 50.1 61.0 59.8 64.6 68.7 60.1 60.1 59.0 60.6 64.2 60.0 61.0 63.9 65.2 77.6 85.7 87.8 80.7 72.8 64.6 64.1 63.8 68.7 67.5 69.3 70.7 69.7 71.2 73.4 77.1 77.8 79.9 74.9 68.1 68.3 64.5 62.6 58.7 60.4 62.5 69.5 78.0 81.4 83.4 82.7 64.1 56.6 46.5 48.8 44.1 44.4 46.9 51.2 45.7 57.5 63.0 64.8 57.5 61.1 55.1 61.2
87.3 87.8 83.7 81.9 82.2 79.9 78.9 78.7 75.9 76.8 80.0 80.6 72.3 78.3 84.5 98.4 107.7 110.8 107.6 98.4 76.6 64.3 53.2 54.0 54.5 60.9 65.6 69.0 59.0 63.1 63.1 64.8 71.4 64.1 67.6 68.3 66.6 76.6 86.1 88.8 82.6 73.0 65.5 70.2 67.3 70.6 71.9 73.0 78.2 72.3 71.6 73.4 78.5 78.0 80.9 75.6 73.6 72.0 69.7 68.0 61.5 65.8 68.1 74.5 88.0 89.4 88.6 86.3 74.9 61.8 51.7 48.5 47.8 44.1 48.0 52.1 49.7 57.1 65.2 61.2 60.3 65.0 56.8 62.2
92.8 98.0 89.1 88.4 90.3 86.5 89.8 86.3 85.7 83.3 88.5 88.7 82.5 87.2 92.6 104.2 113.5 114.3 111.8 103.4 91.0 77.4 63.7 61.9 54.3 66.6 67.2 71.8 67.4 69.6 71.6 69.8 77.8 71.0 75.2 77.9 75.5 77.6 87.5 88.3 82.8 74.8 69.0 75.8 71.6 72.5 78.3 78.2 83.9 79.9 72.1 75.5 75.8 78.8 78.5 77.7 80.2 75.7 76.7 75.0 69.8 69.8 74.9 82.8 94.3 98.7 92.6 99.8 88.8 69.3 57.1 48.1 47.7 47.8 49.9 53.3 54.8 57.6 66.0 66.0 63.5 66.8 63.1 62.9
98.4 101.4 96.1 94.9 96.7 93.4 95.0 93.9 93.7 91.9 94.2 94.6 92.2 95.1 101.3 110.4 114.1 112.7 114.3 109.6 98.4 90.5 75.2 68.2 65.3 64.5 68.2 78.6 77.7 81.4 78.1 81.3 84.1 83.1 84.7 85.8 81.8 78.2 86.5 87.9 84.1 78.8 78.0 82.2 81.1 77.1 84.3 87.0 90.2 85.8 80.2 88.6 80.3 84.0 86.4 83.2 86.6 83.1 81.5 80.5 73.7 76.2 82.3 90.5 104.3 109.6 102.0 110.8 100.1 78.1 67.5 58.1 47.8 49.6 51.2 53.9 57.0 58.4 67.0 67.6 66.2 68.4 66.2 63.5
105.7 104.6 103.4 102.9 104.2 102.2 103.1 101.0 100.2 98.7 101.1 104.2 101.9 105.1 109.4 114.4 114.1 112.7 115.0 112.9 104.6 99.0 81.4 81.2 79.1 77.5 81.7 86.0 86.4 91.1 89.0 90.1 93.1 98.8 93.0 92.4 88.8 87.6 87.8 88.3 87.4 89.1 87.0 87.8 87.5 84.6 90.0 93.9 95.3 92.6 88.7 94.9 89.0 88.3 92.2 91.6 92.6 88.9 87.2 88.3 77.9 82.9 91.5 98.7 110.5 118.6 107.6 114.8 108.6 87.8 76.8 70.6 54.9 51.6 53.4 55.0 56.0 62.3 69.1 70.8 68.4 69.8 71.9 65.4
111.1 109.8 111.2 110.1 109.5 107.9 110.3 109.2 108.9 107.7 107.1 109.3 108.9 109.8 113.9 115.5 115.8 115.0 114.7 114.6 109.3 104.5 92.1 94.3 92.5 92.4 92.8 96.6 95.2 99.1 97.9 99.5 101.0 102.0 101.8 101.1 98.7 96.9 94.4 95.1 95.3 98.3 94.6 98.5 98.3 95.7 97.1 100.4 100.5 101.0 94.4 98.9 92.9 95.2 99.4 98.8 99.9 95.7 93.2 95.4 90.8 98.1 102.1 106.3 115.4 120.7 116.6 121.5 114.6 101.1 88.4 83.1 58.7 60.0 55.0 56.9 60.7 65.6 71.9 72.2 69.4 71.6 74.9 67.2
115.1 118.0 115.3 116.2 115.6 113.6 116.5 113.7 113.5 112.8 113.9 113.3 115.0 113.6 116.7 117.4 115.8 115.7 115.0 114.8 113.5 107.9 107.3 104.1 104.7 104.4 104.7 105.9 106.8 107.9 106.3 107.4 107.1 105.6 109.1 107.5 106.3 111.2 103.2 103.6 102.6 105.7 105.8 106.3 104.4 106.8 102.6 109.4 106.9 108.3 104.8 105.1 101.6 102.5 107.4 103.4 104.5 103.7 102.1 103.2 97.0 102.5 109.8 113.5 121.6 123.3 121.6 123.8 120.0 112.7 97.4 94.9 84.8 73.8 60.0 61.9 62.4 68.0 73.1 74.3 72.8 72.2 75.1 68.9
117.2 118.8 116.4 117.0 117.5 114.9 116.2 116.5 114.8 116.2 116.6 117.0 116.1 117.7 117.8 117.0 115.9 115.9 114.1 114.5 114.8 112.8 111.5 110.4 111.1 112.1 113.8 112.0 113.3 111.0 112.7 113.9 114.3 111.9 112.4 113.2 113.9 112.8 109.3 111.0 111.1 112.8 114.4 113.1 112.1 113.0 110.0 114.2 111.7 113.3 111.3 111.6 110.2 110.6 111.5 107.3 110.4 110.8 108.2 110.5 108.1 106.8 116.1 120.1 124.0 125.0 125.2 125.5 125.1 118.8 106.7 106.7 95.6 86.6 79.9 65.9 66.2 68.4 73.1 75.4 73.7 73.5 78.7 71.7
118.2 119.0 117.6 117.8 118.1 117.9 119.7 119.8 117.9 117.4 119.6 118.2 117.4 118.4 119.6 116.2 116.1 113.7 115.8 114.9 116.7 114.7 116.1 113.6 114.4 115.3 116.1 114.7 114.7 116.0 117.2 116.9 117.8 116.6 116.8 116.5 116.5 115.7 115.0 116.1 116.8 118.0 118.9 116.8 117.7 119.3 115.7 116.9 116.0 117.0 116.7 115.4 115.5 118.3 118.2 112.6 115.1 115.9 115.2 115.2 117.6 114.6 120.4 124.7 125.2 125.1 125.2 126.5 124.8 124.3 116.8 117.5 102.5 102.3 104.9 89.2 74.0 72.0 72.8 77.6 73.9 74.4 79.6 74.8
117.8 118.9 118.5 117.3 119.0 118.3 120.1 119.6 118.4 116.6 119.7 118.2 116.5 117.9 118.5 115.9 115.7 116.1 115.5 115.2 114.3 115.0 115.3 114.6 115.8 115.2 114.8 115.9 116.3 117.3 118.5 118.7 118.1 117.5 117.9 119.3 118.5 117.8 117.8 118.0 119.4 118.3 117.9 119.5 119.3 117.9 117.9 118.3 119.4 119.7 118.1 119.4 120.9 119.2 117.7 116.5 116.6 117.9 119.0 119.3 118.7 120.9 121.5 127.1 125.6 125.2 126.5 126.2 129.4 128.0 123.4 122.8 112.8 117.3 115.6 113.1 79.1 91.3 113.4 84.6 76.3 116.8 80.3 98.4
118.6 118.7 117.9 118.0 118.2 116.8 117.7 118.0 118.0 115.9 117.0 118.2 118.1 118.3 119.4 116.4 115.8 116.7 114.7 113.9 116.4 117.3 115.7 114.6 114.2 115.8 115.1 115.8 117.1 117.2 117.6 118.8 120.1 117.8 119.3 118.3 118.5 117.7 118.4 117.9 118.6 118.8 116.1 119.0 119.8 119.0 118.8 119.0 118.0 119.5 117.0 119.5 121.1 119.4 117.3 117.4 117.3 119.1 118.8 120.2 115.1 124.7 124.0 127.4 125.5 126.9 126.8 126.9 130.9 129.0 126.5 127.6 123.8 125.7 122.0 122.2 121.0 119.7 123.3 120.0 122.9 120.8 114.6 120.4
118.8 113.5 116.5 108.4 116.0 110.5 109.2 115.8 112.8 109.5 119.4 114.8 115.3 113.8 117.3 115.1 116.4 113.2 113.3 110.9 115.3 114.2 116.6 113.1 113.8 113.8 115.1 115.1 114.7 116.3 118.8 117.7 118.2 117.4 117.8 117.7 118.3 117.1 118.1 118.4 118.5 118.5 118.0 119.0 119.3 119.5 118.6 120.0 119.1 118.3 115.3 119.6 119.9 119.0 119.2 119.4 117.4 119.4 118.8 120.8 117.1 124.3 124.5 126.0 126.8 127.0 125.9 126.8 126.8 128.4 128.7 126.9 126.4 127.1 128.7 127.0 122.1 128.2 126.1 127.9 124.6 125.5 126.7 125.4
60.6 87.5 59.5 87.9 54.4 54.3 52.6 93.4 55.9 103.7 62.6 93.9 109.0 105.6 110.7 107.8 61.7 99.9 77.9 105.3 110.7 106.8 112.1 107.0 114.6 93.6 113.4 111.4 113.0 113.9 116.3 115.3 114.2 115.0 116.2 115.0 116.1 113.5 115.7 117.6 117.1 118.3 116.7 116.4 116.6 119.5 117.7 118.2 119.4 117.8 115.1 117.4 119.4 119.1 117.7 117.9 117.6 117.4 118.1 121.3 118.2 121.5 124.1 123.9 126.3 126.6 125.6 126.6 124.4 128.2 129.1 126.3 126.2 127.3 127.9 128.2 125.3 128.1 126.1 127.6 128.7 127.4 126.9 127.1
63.4 67.1 62.7 63.1 54.3 62.4 53.4 53.7 54.5 54.8 56.8 55.8 55.5 58.4 59.6 62.1 59.2 65.5 64.8 67.3 68.0 70.0 73.5 72.7 74.1 75.3 79.1 90.2 77.4 105.5 92.3 105.6 82.2 101.9 94.5 103.5 112.5 74.5 114.5 110.6 116.0 113.7 114.0 114.7 117.4 111.6 114.5 108.6 115.8 100.7 115.2 86.9 118.0 100.5 115.1 112.1 117.1 113.8 119.8 116.8 120.5 117.1 124.6 122.3 123.6 126.4 123.3 125.7 122.4 127.6 127.6 125.0 126.1 127.3 126.6 128.1 127.4 127.6 126.2 127.4 128.1 128.5 128.1 126.6
67.9 66.7 67.1 62.1 57.7 58.0 53.7 54.3 57.3 56.1 54.4 53.4 56.0 56.4 59.4 59.9 62.3 64.3 64.7 65.6 65.9 67.9 71.3 71.6 73.2 73.4 76.4 80.5 80.1 80.7 78.6 81.2 81.7 81.3 78.2 79.1 76.4 75.1 73.3 76.9 108.7 106.5 107.5 104.8 81.2 82.0 77.2 80.7 85.7 78.5 77.8 81.9 85.6 72.7 75.5 75.5 77.1 82.9 108.8 100.8 117.6 112.8 121.2 120.2 121.8 118.4 120.4 122.5 121.9 123.6 125.8 119.9 124.8 125.5 127.0 125.0 130.6 126.2 124.2 127.2 127.1 125.9 126.4 126.7
68.8 64.9 68.0 64.1 62.3 64.0 56.9 56.4 56.1 56.7 56.4 54.9 57.4 56.7 56.3 59.5 60.8 62.4 66.4 66.0 66.3 68.4 70.5 71.1 72.3 72.8 75.6 78.0 78.9 80.9 79.4 81.9 82.0 80.6 77.9 78.8 76.3 75.9 74.5 75.8 78.9 80.7 82.9 86.7 81.8 83.7 81.5 80.8 81.4 80.9 76.5 78.2 77.8 68.0 75.7 75.7 76.9 76.0 86.4 80.3 74.5 77.1 104.2 96.7 114.6 104.2 117.5 115.1 116.4 118.4 120.6 100.1 120.3 119.7 124.4 119.8 125.1 121.4 122.7 123.3 123.8 122.4 123.7 122.9
72.6 68.8 69.0 67.5 63.2 65.7 57.2 56.3 58.0 57.2 56.0 57.2 57.7 56.3 58.9 59.6 61.8 62.3 64.8 66.6 66.4 67.4 69.4 70.5 70.8 72.8 76.6 75.6 78.4 80.3 83.0 82.1 82.6 80.7 80.6 83.1 78.7 77.7 75.7 76.3 80.7 79.0 81.6 85.2 83.9 84.8 82.7 81.9 81.1 81.9 76.1 77.9 72.2 67.4 76.5 76.2 73.6 75.7 77.8 77.6 76.5 81.7 74.9 74.4 87.9 81.7 76.8 95.4 87.8 96.1 77.4 77.0 76.6 97.1 76.7 110.2 81.0 105.9 78.9 110.1 107.8 103.3 86.1 88.9
70.7 71.3 70.4 67.2 64.5 65.7 61.8 57.7 56.4 56.0 58.8 59.2 56.1 60.7 59.0 57.7 61.1 63.3 66.3 66.0 67.9 68.3 70.0 69.0 71.7 71.5 73.0 74.3 75.2 78.5 81.7 83.6 84.6 82.3 82.4 82.9 80.2 81.1 80.2 77.7 78.7 78.6 82.5 85.0 85.8 85.2 82.9 84.2 82.6 82.6 81.8 80.1 68.7 68.4 76.0 77.1 76.7 76.4 73.7 77.4 76.9 78.0 77.9 77.7 81.3 77.0 77.8 78.5 77.0 80.3 79.6 80.7 78.6 83.2 80.6 81.4 79.4 78.4 77.1 79.4 80.3 77.2 76.2 83.0
73.3 70.3 66.8 66.4 65.9 65.2 63.5 59.6 57.6 58.3 57.7 60.4 59.8 61.8 61.8 59.3 61.8 64.8 66.2 65.3 66.9 67.6 70.7 70.1 72.1 72.4 71.7 72.8 77.1 77.3 79.5 82.7 83.4 83.5 80.9 82.2 86.2 83.8 83.4 79.8 80.2 82.0 80.9 85.2 86.4 85.6 84.8 84.0 80.0 82.9 83.8 79.7 69.7 68.3 74.1 78.0 76.5 77.6 75.6 76.5 75.7 78.1 80.4 78.2 77.0 77.8 78.6 77.8 78.9 77.6 74.4 80.7 79.2 80.3 79.7 80.3 78.6 78.1 77.7 74.6 76.0 75.4 76.9 78.7
72.9 69.8 68.4 64.6 67.0 65.0 66.4 61.4 62.3 61.6 58.4 61.1 62.4 62.5 63.9 61.5 64.2 65.4 67.9 65.6 68.3 68.3 69.6 70.6 71.9 70.9 73.9 73.7 75.6 75.2 81.0 82.5 84.3 84.3 81.7 82.8 82.8 82.7 87.0 81.2 80.9 82.8 83.3 84.3 87.2 87.0 84.3 85.1 84.0 83.4 78.4 79.0 66.7 71.5 77.9 76.8 75.3 78.9 77.0 77.8 77.0 77.3 77.6 80.9 73.6 77.1 75.0 77.9 77.7 78.3 79.4 81.1 81.6 80.3 79.7 81.7 81.2 78.7 78.8 74.9 74.0 75.5 77.4 78.9
71.8 68.9 69.7 64.2 66.8 68.7 69.6 65.8 64.2 62.4 57.7 63.5 63.0 64.9 65.4 67.8 65.7 66.3 67.1 66.5 68.9 69.6 71.2 70.9 72.6 72.1 72.9 74.2 74.3 74.7 79.8 80.2 84.2 83.6 84.5 83.7 82.6 84.3 81.4 82.5 81.4 82.2 82.5 85.9 85.5 87.1 84.5 83.9 84.2 83.5 80.5 74.8 68.1 72.6 78.3 77.4 76.2 77.1 77.3 77.8 76.2 76.5 77.5 82.0 77.3 79.0 79.5 78.8 78.4 79.8 78.4 79.9 79.6 80.2 81.2 83.1 81.1 79.1 79.4 76.5 76.2 77.8 74.5 79.3
74.5 68.9 68.6 63.5 66.7 68.7 69.8 67.7 65.2 65.4 62.8 65.2 65.7 63.9 69.2 69.4 66.5 67.7 70.7 66.9 69.0 71.1 71.4 71.6 71.4 71.8 73.4 74.4 72.6 74.5 76.2 79.5 80.3 83.3 84.6 84.6 84.9 81.5 83.4 82.8 81.8 82.9 80.2 85.8 87.1 86.9 84.3 85.9 83.9 84.6 79.0 72.4 68.4 72.1 77.0 79.4 77.3 78.2 76.4 77.6 75.4 77.3 76.9 79.6 78.3 77.7 78.2 78.3 79.5 80.1 79.2 78.2 80.1 80.8 82.8 83.8 81.6 79.9 79.7 77.9 79.4 78.6 79.4 79.4
75.9 69.2 66.3 63.0 68.6 68.0 70.0 68.4 66.4 67.6 66.9 67.1 66.0 66.9 69.4 69.3 71.3 70.3 70.7 68.4 68.4 73.5 71.0 72.3 70.6 72.6 73.2 74.0 73.3 75.4 77.4 77.9 79.4 83.3 84.0 84.1 85.1 84.2 85.5 82.6 81.0 84.9 82.5 85.8 86.6 86.6 85.8 83.2 86.1 82.9 79.8 73.9 70.2 73.6 78.1 80.7 76.6 77.5 78.4 77.8 79.4 75.3 77.0 79.4 77.6 78.0 78.2 77.2 76.9 80.3 79.7 82.2 80.3 81.9 81.7 83.2 81.7 82.0 83.5 79.8 79.4 80.0 76.8 78.8
75.3 72.0 65.6 64.6 68.5 69.3 71.8 69.7 73.1 70.2 70.5 70.3 68.0 68.7 69.4 71.9 71.5 71.6 71.5 70.5 71.8 73.4 70.9 72.5 72.5 72.6 72.1 71.4 73.9 75.3 78.1 78.3 77.5 82.8 85.4 84.9 84.7 81.6 82.9 82.6 83.5 85.4 83.2 87.8 88.4 85.4 83.6 82.8 83.5 81.8 77.4 74.6 71.8 79.5 78.6 78.2 77.1 75.3 75.7 78.1 75.3 76.5 78.5 77.5 77.6 79.0 77.9 76.5 77.7 78.7 80.6 82.4 79.0 82.8 83.1 83.5 81.6 79.6 81.0 81.0 82.5 80.0 80.2 77.2
73.9 70.8 64.5 68.4 68.3 70.7 71.7 70.0 76.0 74.0 73.1 72.7 69.6 70.9 74.9 71.3 71.7 72.5 73.7 71.7 73.5 73.3 71.6 72.6 73.0 72.6 73.6 74.9 74.2 73.6 79.4 78.7 78.5 82.1 83.8 85.6 81.6 82.9 83.2 80.4 81.8 81.6 82.3 86.2 84.7 84.2 84.1 82.2 82.6 81.7 76.1 76.2 76.3 80.2 78.0 76.1 76.9 76.8 76.9 77.1 76.5 75.0 77.4 75.6 77.4 79.4 76.5 77.1 77.3 78.6 78.9 81.6 82.0 83.4 83.0 83.6 81.1 78.9 82.3 82.1 82.3 79.2 80.1 80.3
72.1 72.2 64.1 69.5 71.9 71.2 75.1 74.0 78.9 76.7 76.5 73.6 72.8 72.9 74.4 73.4 74.5 74.2 72.3 71.1 73.0 72.4 71.6 73.1 73.9 74.0 74.5 75.3 74.2 73.7 75.6 78.3 79.5 80.9 80.4 85.4 82.4 83.8 84.1 79.1 80.9 80.3 82.8 83.9 86.7 85.4 84.7 84.1 81.9 81.3 76.3 77.6 79.7 83.5 78.3 76.0 76.3 78.7 77.0 75.5 73.3 75.3 76.6 74.8 75.8 76.4 75.8 77.6 78.5 78.9 79.3 81.2 79.8 81.5 81.9 82.2 82.4 80.9 82.3 82.2 78.8 79.5 80.4 79.9
72.5 71.7 64.5 69.1 69.9 73.3 74.5 77.1 81.0 76.4 78.1 76.6 75.5 74.6 74.8 75.5 74.9 74.9 73.0 72.2 72.4 72.4 74.1 73.6 75.3 74.1 74.0 74.8 74.5 75.9 76.5 78.4 76.2 80.2 82.3 85.2 82.1 85.3 84.6 82.0 80.0 79.3 81.4 84.8 87.3 85.9 83.4 80.9 81.7 79.4 76.1 78.6 81.0 85.5 78.1 78.8 75.1 76.0 75.5 74.3 73.6 74.9 76.2 75.4 74.6 75.5 73.3 77.7 76.7 77.5 77.5 79.1 81.7 82.2 82.1 83.5 80.4 81.1 84.2 81.1 81.4 77.6 81.0 81.1
71.5 70.8 64.3 69.6 70.1 73.2 73.8 78.7 82.2 77.4 78.5 76.2 76.7 74.6 74.7 75.6 75.3 74.3 75.0 73.6 74.8 73.0 74.9 73.4 72.2 73.4 74.5 74.3 76.2 76.6 77.9 79.1 83.2 80.4 84.2 85.5 88.6 84.5 83.3 82.9 81.6 81.6 81.3 84.6 85.9 85.8 84.4 79.8 79.9 80.9 77.3 78.6 83.1 84.7 82.1 80.9 78.6 77.4 75.8 75.6 73.9 73.9 76.1 74.7 73.9 75.1 72.2 75.2 74.6 76.0 78.3 79.5 83.6 82.6 80.4 83.7 83.4 82.1 81.6 81.6 82.0 80.6 79.7 81.0
71.7 69.7 66.2 69.5 72.2 71.7 73.8 80.4 80.2 78.3 79.5 76.5 74.5 76.0 77.3 75.4 79.0 74.3 75.3 73.2 74.0 73.4 74.6 73.4 73.3 74.2 73.6 73.9 72.7 75.5 79.4 79.6 78.4 81.2 84.3 86.4 85.1 85.6 82.8 83.3 80.7 82.3 80.6 83.2 85.7 85.4 83.1 80.7 81.0 82.0 77.8 81.5 80.6 83.0 82.7 83.1 80.9 78.9 80.0 76.7 74.7 76.0 72.8 75.7 75.2 73.5 74.5 77.0 73.8 74.9 76.4 80.8 80.0 83.6 79.3 83.5 83.4 83.4 83.0 83.5 80.9 80.6 78.5 80.0
71.9 70.7 71.1 70.7 72.9 73.3 77.5 81.1 80.1 78.6 75.4 77.7 78.9 77.8 81.2 80.5 76.2 74.7 73.9 73.2 73.1 73.3 74.3 74.6 73.6 74.9 74.5 76.5 74.1 76.4 78.3 79.6 76.6 81.8 80.2 85.8 87.9 85.5 83.3 83.4 79.3 80.9 82.2 82.1 85.4 84.7 82.7 80.7 82.1 81.0 79.9 80.9 82.8 81.7 82.9 84.1 81.5 82.2 82.1 82.1 77.0 76.4 75.2 75.4 72.3 73.4 76.0 74.8 71.4 74.0 76.2 80.7 83.9 83.4 83.2 83.4 81.4 84.2 83.5 84.0 81.3 82.0 82.0 79.6
72.5 71.1 70.7 72.6 71.8 75.2 80.1 80.3 80.2 77.1 78.8 78.4 78.5 79.2 80.0 79.4 75.3 74.5 74.6 74.1 72.4 72.6 75.5 76.7 76.2 74.8 76.2 75.7 76.1 74.9 78.0 78.4 77.8 80.5 80.6 85.2 87.6 83.0 82.1 83.7 81.6 79.6 85.0 80.7 84.4 84.0 79.7 81.7 80.7 80.7 79.2 79.2 83.9 81.8 82.9 84.6 82.5 84.2 86.0 84.8 82.6 78.3 79.3 76.6 73.7 76.7 73.2 75.4 72.0 72.8 74.8 79.3 81.6 82.8 80.5 83.3 84.4 84.0 84.4 82.2 82.9 82.5 81.9 79.9
70.7 70.3 71.9 74.4 73.4 76.9 82.3 80.8 78.6 78.0 80.1 80.1 78.9 79.3 80.7 78.3 75.0 73.8 73.5 72.8 74.7 72.3 74.5 74.0 75.3 74.5 73.8 75.0 73.0 75.0 77.9 77.7 78.3 81.2 82.6 83.2 84.6 83.2 83.5 82.0 81.4 78.7 83.1 81.9 84.2 81.9 78.9 81.7 81.7 83.4 80.7 83.1 82.7 81.1 81.3 84.7 81.5 84.4 85.0 86.9 87.2 81.8 81.2 80.2 80.1 77.8 75.7 76.9 71.6 71.4 69.2 76.1 79.0 81.0 81.3 83.2 83.0 84.9 83.4 82.4 80.9 81.7 79.2 82.0
71.7 72.9 73.1 77.1 74.1 77.6 84.9 81.6 78.4 78.9 77.0 80.9 80.5 80.0 81.9 76.9 74.5 74.1 73.5 73.0 72.8 73.7 73.2 73.7 73.7 75.4 76.3 75.6 74.5 75.3 76.3 79.1 78.6 79.7 82.1 83.6 86.2 83.3 85.1 80.8 85.0 82.2 82.4 81.6 84.1 82.4 79.0 81.9 82.0 81.2 84.9 84.6 81.5 81.4 81.7 84.7 84.3 83.8 83.3 89.3 85.9 86.2 86.2 83.7 79.9 79.4 76.6 74.8 74.8 71.5 72.0 70.3 79.3 79.6 83.7 82.9 84.2 86.2 83.7 83.1 82.6 81.2 80.1 81.1
70.1 73.1 71.9 78.0 74.6 79.9 82.9 79.5 78.2 79.7 80.2 80.0 80.0 79.4 79.8 75.7 73.6 73.7 75.6 73.4 70.3 73.4 74.6 74.3 74.4 75.8 77.8 76.7 75.2 75.8 78.6 80.0 80.1 82.0 83.2 83.1 84.4 83.4 85.1 82.2 82.6 81.6 84.0 82.0 81.8 82.7 80.6 82.4 81.0 80.6 78.9 86.3 82.6 81.8 81.3 86.0 83.1 83.0 84.5 88.3 86.1 87.3 87.4 84.9 80.8 81.5 75.1 74.2 75.3 71.0 69.4 71.0 76.8 77.2 80.2 82.8 84.4 86.9 83.7 83.6 82.1 80.9 78.8 81.0
