morphological_analysis/input_data/survey/q05_1/matrix_q05_1s7.txt
north:            -537.50
south:           -1267.50
east:             2691.00
west:              -93.00
rows:                 148
cols:                 278
null:              -999.0
[rows 0 to 37 of 148, columns 0 to 83 of 278]
94.1 88.7 87.3 95.8 72.8 82.8 82.6 83.4 83.7 83.3 84.1 84.8 81.7 81.5 82.3 80.5 80.0 79.0 76.5 73.2 73.8 71.4 67.9 68.5 66.0 64.5 65.6 68.3 64.6 64.5 64.7 62.6 66.4 73.2 83.8 97.1 105.6 -999.0 -999.0 -999.0 115.5 100.3 85.3 74.2 65.5 63.5 63.0 59.5 53.9 54.4 53.4 51.0 47.7 48.1 46.7 54.9 60.1 58.8 61.9 64.4 62.5 61.0 58.6 54.1 52.4 46.7 41.2 42.8 43.2 55.6 65.0 58.8 53.2 52.1 51.6 48.9 50.0 53.1 56.3 56.6 54.4 56.8 60.6 70.0
94.1 88.7 89.9 95.8 83.6 82.1 82.9 83.3 83.7 83.2 85.2 84.6 80.9 81.5 81.6 80.2 79.9 78.7 78.0 73.2 73.8 71.7 68.9 68.3 66.1 64.0 62.7 68.0 64.7 64.4 65.1 66.0 66.4 72.6 86.7 97.2 105.6 -999.0 -999.0 -999.0 115.5 99.6 86.1 74.1 66.5 63.7 63.3 60.3 52.6 55.5 52.7 51.6 47.1 47.9 45.1 55.2 59.4 58.8 61.3 64.4 63.2 61.1 58.4 54.0 53.1 46.8 40.6 42.8 42.9 55.6 65.8 58.8 53.3 52.1 50.3 49.3 49.8 53.4 55.8 58.0 52.3 60.7 60.4 69.8
94.1 88.7 88.1 95.8 93.2 91.3 92.3 90.6 94.3 91.5 93.6 92.7 92.7 89.5 92.0 89.5 90.3 87.9 89.1 84.4 86.2 84.0 72.4 81.3 79.9 78.7 79.0 80.4 78.8 79.0 78.7 76.8 80.7 87.4 97.8 104.2 105.6 -999.0 -999.0 -999.0 115.5 108.8 98.7 87.4 75.8 72.2 74.5 69.0 62.1 66.3 61.9 61.1 56.5 56.0 55.4 56.0 60.6 60.7 61.4 64.7 63.1 59.6 58.5 56.7 50.7 47.9 45.0 46.2 44.1 55.4 63.7 58.3 51.8 52.8 53.3 50.6 53.0 53.2 53.2 66.9 62.7 68.3 76.1 83.5
94.1 -999.0 87.9 95.8 91.3 91.8 89.2 91.1 90.7 92.1 90.6 93.1 88.8 98.8 101.6 98.4 99.8 97.4 99.5 96.4 98.4 95.0 82.4 94.3 93.8 92.7 93.6 93.3 96.3 93.9 93.1 91.0 94.3 96.9 107.2 104.6 105.6 -999.0 -999.0 -999.0 115.5 109.2 109.9 98.3 87.3 84.2 85.8 82.3 72.4 80.0 76.6 73.8 71.7 69.1 67.3 66.0 64.5 65.5 62.9 66.7 62.9 60.1 55.2 57.4 53.6 52.9 52.9 53.0 53.5 60.9 62.5 59.0 55.0 59.2 59.4 58.7 63.8 63.9 64.2 68.3 71.9 76.6 85.0 96.9
-999.0 -999.0 -999.0 -999.0 93.2 -999.0 92.3 -999.0 94.3 -999.0 93.6 -999.0 92.7 99.3 99.7 98.7 98.0 97.8 97.5 97.1 95.9 95.6 82.9 104.5 106.8 103.3 107.6 105.7 108.7 104.3 90.3 103.5 106.2 106.7 105.4 -999.0 -999.0 -999.0 -999.0 -999.0 -999.0 -999.0 115.7 107.0 96.3 96.1 96.1 94.4 86.8 90.5 88.2 88.9 87.0 84.1 83.9 81.4 79.5 76.8 76.3 74.6 72.0 68.1 68.9 66.9 66.2 64.4 65.3 66.5 65.9 72.5 65.6 67.7 70.5 71.5 75.1 71.0 76.5 77.7 76.6 79.6 84.7 88.0 91.9 104.5
-999.0 -999.0 -999.0 -999.0 -999.0 -999.0 -999.0 -999.0 -999.0 -999.0 -999.0 -999.0 -999.0 -999.0 101.6 -999.0 99.8 -999.0 99.5 -999.0 98.4 -999.0 82.9 105.0 104.5 103.7 104.7 106.4 106.5 106.0 93.1 104.0 104.0 107.1 107.3 -999.0 -999.0 -999.0 -999.0 -999.0 -999.0 -999.0 114.6 113.9 108.0 106.9 105.7 105.0 103.7 102.7 105.1 104.2 102.1 97.6 99.4 94.6 93.4 90.0 92.2 91.6 89.0 87.7 87.7 86.0 85.2 81.8 82.5 83.1 83.1 83.1 84.2 84.6 88.7 86.2 89.3 88.2 90.9 89.8 91.4 90.1 95.5 97.4 100.4 109.0
-999.0 -999.0 -999.0 -999.0 -999.0 -999.0 -999.0 -999.0 -999.0 -999.0 -999.0 -999.0 -999.0 -999.0 -999.0 -999.0 -999.0 -999.0 -999.0 -999.0 -999.0 -999.0 -999.0 -999.0 106.9 -999.0 107.6 -999.0 108.8 -999.0 -999.0 -999.0 106.3 -999.0 -999.0 -999.0 -999.0 -999.0 -999.0 -999.0 -999.0 -999.0 115.7 114.2 107.6 113.9 111.3 113.3 115.9 110.5 117.0 114.3 113.6 111.4 111.2 106.7 107.9 105.7 106.8 105.1 104.8 105.0 105.1 101.9 100.3 102.9 99.3 97.2 100.3 98.5 99.6 100.8 104.5 101.2 103.2 101.4 102.9 101.7 102.6 101.0 105.5 106.9 111.5 116.0
-999.0 -999.0 -999.0 -999.0 -999.0 -999.0 -999.0 -999.0 -999.0 -999.0 -999.0 -999.0 -999.0 -999.0 -999.0 -999.0 -999.0 -999.0 -999.0 -999.0 -999.0 -999.0 -999.0 -999.0 -999.0 -999.0 -999.0 -999.0 -999.0 -999.0 -999.0 -999.0 -999.0 -999.0 -999.0 -999.0 -999.0 -999.0 -999.0 -999.0 -999.0 -999.0 -999.0 -999.0 109.8 114.2 114.5 113.6 113.4 112.8 114.4 114.8 121.4 121.1 109.1 118.0 115.8 117.4 117.0 118.7 118.8 120.3 119.5 117.5 111.4 112.9 113.1 112.8 113.4 113.8 117.0 117.4 119.0 114.0 117.1 115.1 117.1 117.3 113.7 112.8 119.7 114.5 117.6 120.1
85.8 -999.0 -999.0 -999.0 -999.0 -999.0 -999.0 -999.0 -999.0 -999.0 -999.0 -999.0 -999.0 -999.0 -999.0 -999.0 -999.0 -999.0 -999.0 -999.0 -999.0 -999.0 -999.0 -999.0 -999.0 -999.0 -999.0 -999.0 -999.0 -999.0 -999.0 -999.0 -999.0 -999.0 -999.0 -999.0 -999.0 -999.0 -999.0 -999.0 -999.0 -999.0 -999.0 -999.0 -999.0 -999.0 114.9 -999.0 115.9 -999.0 117.0 -999.0 119.9 121.6 111.3 122.8 121.8 122.3 122.1 123.2 120.2 123.5 122.0 121.8 120.9 119.1 121.2 121.6 121.9 122.4 121.9 121.6 122.4 121.6 121.7 121.5 122.6 121.1 119.1 119.6 120.8 121.2 120.8 121.9
83.9 80.5 81.4 83.1 90.3 -999.0 -999.0 -999.0 -999.0 -999.0 98.3 -999.0 -999.0 -999.0 -999.0 -999.0 -999.0 -999.0 -999.0 -999.0 -999.0 -999.0 -999.0 -999.0 -999.0 -999.0 -999.0 -999.0 -999.0 -999.0 -999.0 -999.0 -999.0 -999.0 -999.0 -999.0 -999.0 -999.0 -999.0 -999.0 -999.0 -999.0 -999.0 -999.0 -999.0 -999.0 -999.0 -999.0 -999.0 -999.0 -999.0 -999.0 121.4 -999.0 -999.0 123.0 121.9 123.1 123.3 123.4 123.1 124.0 123.7 123.2 123.8 122.5 121.6 122.7 122.3 123.3 124.0 124.4 123.5 123.5 124.4 123.4 123.9 123.5 122.5 123.6 123.7 124.1 123.2 123.6
85.8 80.5 81.8 83.0 88.1 78.9 79.0 75.1 73.6 76.4 94.7 82.4 80.4 79.7 81.3 81.8 79.7 81.3 80.0 80.4 79.8 79.7 81.2 87.6 79.3 84.6 64.3 73.9 51.0 53.7 59.3 65.2 56.6 -999.0 106.6 -999.0 104.9 -999.0 98.9 -999.0 -999.0 -999.0 -999.0 -999.0 -999.0 -999.0 -999.0 -999.0 -999.0 -999.0 -999.0 -999.0 -999.0 -999.0 122.5 -999.0 123.4 123.5 122.1 123.2 123.5 124.4 125.0 123.1 124.0 122.8 123.1 123.5 124.1 123.4 124.2 124.3 125.6 123.9 124.8 125.6 125.3 125.7 123.9 124.3 124.4 124.2 124.7 124.7
76.8 80.5 81.4 83.0 90.2 79.1 78.7 75.1 73.8 76.5 98.3 82.5 80.8 79.8 81.5 81.6 80.3 81.2 80.2 80.4 80.2 79.8 81.0 86.8 79.3 82.5 64.7 71.2 50.7 54.1 59.7 63.7 56.7 54.7 97.4 64.2 97.2 71.1 94.6 79.2 85.1 77.8 61.9 54.0 54.7 69.4 66.5 91.1 82.2 80.0 76.7 76.2 74.4 81.4 111.9 118.2 122.9 123.4 119.2 123.6 123.2 124.2 124.4 122.2 125.1 123.1 122.8 123.4 122.6 123.7 124.2 123.7 124.6 124.7 124.4 124.1 124.7 124.3 123.3 124.4 123.4 125.3 125.5 125.1
79.7 80.5 83.2 82.2 80.6 79.1 79.0 75.2 73.6 76.5 81.0 82.5 80.4 79.9 81.3 81.6 79.7 81.2 80.0 80.4 79.8 79.8 81.2 86.5 79.3 82.9 64.3 70.7 51.0 54.1 59.3 63.8 56.6 54.7 106.4 64.4 104.9 71.2 98.9 78.8 86.9 77.5 61.9 53.7 54.4 67.9 66.2 89.3 81.3 79.4 76.9 76.2 74.9 80.1 122.1 111.6 123.2 121.3 118.9 120.7 125.3 122.7 123.9 122.6 124.3 121.4 123.0 121.0 123.4 122.7 123.8 123.7 123.3 121.7 124.5 124.3 124.0 123.2 122.8 123.4 124.0 124.8 124.2 124.2
80.9 80.2 81.8 81.9 83.3 80.2 77.6 75.7 74.7 77.1 80.6 83.2 82.4 80.7 82.4 80.5 82.6 80.6 81.2 80.2 82.0 80.3 80.1 81.5 79.1 71.5 66.3 55.2 49.7 56.8 61.3 55.7 57.0 55.0 61.8 64.4 66.2 71.3 76.8 78.3 79.3 77.4 61.9 53.6 54.7 67.2 66.5 89.1 82.2 79.2 76.7 76.1 74.4 78.5 74.7 110.1 93.1 114.3 93.2 102.7 79.6 112.3 118.9 118.6 122.8 116.5 124.0 103.8 123.2 116.1 123.5 122.5 120.6 116.2 121.9 121.3 121.4 120.3 121.9 122.5 123.1 121.7 123.3 120.5
79.6 79.8 82.1 81.9 83.8 81.5 77.9 77.5 76.6 78.5 80.6 82.6 83.0 82.9 80.3 79.4 79.8 80.6 81.8 80.5 80.1 80.2 79.5 80.4 80.1 72.7 68.1 54.4 52.6 61.3 61.7 55.6 58.1 55.6 61.0 65.5 68.8 71.9 73.2 75.4 79.9 75.3 59.8 51.8 53.3 58.0 65.0 78.7 77.8 76.1 77.4 76.0 77.0 75.5 69.0 73.3 69.3 71.3 77.7 74.9 77.2 79.9 89.3 80.6 81.7 82.7 76.5 84.8 77.6 78.0 122.7 116.1 119.4 102.3 113.7 110.6 112.8 113.6 120.1 120.4 121.3 111.6 119.6 102.3
81.0 81.9 82.4 84.5 83.1 79.9 79.3 79.6 78.3 80.3 80.8 81.1 82.7 81.3 77.5 78.5 79.2 79.0 81.1 80.8 80.8 81.8 80.2 80.5 80.0 71.7 66.1 55.9 55.4 64.2 64.0 57.4 60.4 58.1 64.6 66.3 67.3 72.5 71.6 75.5 78.9 72.7 58.5 51.2 50.6 55.1 62.6 73.9 80.9 77.7 76.4 75.1 76.1 74.4 70.7 72.2 70.4 68.5 70.0 73.7 76.3 76.9 79.4 81.0 76.1 76.7 77.5 78.6 73.9 76.4 76.3 80.0 74.4 77.0 74.4 72.8 71.6 92.2 109.4 112.7 80.4 79.2 77.7 82.4
79.3 83.0 82.8 84.8 84.7 82.3 81.1 80.9 81.7 82.0 81.9 79.9 84.0 81.1 78.0 78.0 79.0 80.3 80.8 79.7 81.1 81.1 80.8 81.7 81.4 74.9 66.7 56.4 57.6 66.1 65.9 58.7 63.4 61.1 67.3 68.4 70.0 74.3 72.3 74.3 76.8 68.1 55.2 53.2 50.9 53.7 63.0 70.5 80.1 78.9 79.8 75.6 77.3 75.3 72.1 73.6 72.2 71.1 71.2 72.9 75.9 75.9 76.9 81.7 77.2 78.8 79.1 79.7 78.8 76.5 77.3 78.5 75.3 75.4 75.0 71.8 72.1 73.6 72.6 73.7 74.0 77.2 75.2 76.2
82.9 82.5 83.4 83.1 83.1 83.3 81.8 83.5 82.5 82.1 83.7 82.3 82.4 82.1 76.9 77.3 80.1 80.4 81.7 80.9 82.3 80.4 81.5 82.5 80.1 75.8 66.8 55.7 61.5 67.6 66.9 62.6 65.7 64.6 70.5 71.6 72.4 74.3 74.3 76.4 77.9 66.1 54.9 53.0 52.7 55.7 61.7 67.8 79.2 79.7 79.4 76.5 78.0 75.9 72.8 73.9 73.7 71.7 71.7 73.2 74.0 74.5 75.9 79.9 77.3 77.1 78.5 78.3 77.9 76.4 75.7 77.4 76.9 74.2 75.4 73.0 73.6 73.6 72.4 73.0 75.5 75.3 76.9 75.8
84.0 82.5 83.8 84.1 83.8 84.5 82.7 84.2 83.2 80.7 80.6 81.9 84.3 82.2 77.6 77.3 77.9 80.2 80.9 81.5 81.0 80.4 80.6 81.0 78.6 75.0 65.7 57.9 67.0 69.4 69.2 66.6 66.3 68.5 71.7 73.1 72.4 76.6 76.0 75.6 76.2 62.3 55.4 56.4 55.6 59.6 62.0 67.2 78.7 79.1 79.6 77.0 77.1 76.1 77.3 75.3 76.6 72.9 73.0 74.3 74.4 72.8 79.3 78.2 77.1 75.6 75.8 74.9 76.6 77.6 77.2 78.2 76.0 74.3 75.0 74.0 74.1 73.2 74.2 73.9 74.9 75.8 75.0 76.6
83.5 83.7 82.8 84.8 83.3 84.3 81.6 82.9 80.4 81.2 81.0 81.8 84.3 82.0 78.3 78.3 79.5 79.7 81.6 81.8 81.3 81.1 82.8 80.2 79.6 75.4 66.3 62.0 70.8 72.2 70.9 70.0 71.5 71.3 73.4 72.8 73.5 77.0 76.4 75.2 76.4 61.7 59.1 59.1 59.8 59.4 63.7 69.9 75.3 78.7 78.6 79.2 77.6 76.5 77.0 76.2 76.2 74.7 74.8 77.4 74.9 74.6 78.0 76.8 77.2 76.8 76.4 74.3 77.4 76.5 75.7 77.7 76.6 76.4 74.8 73.4 76.2 73.8 74.4 75.1 73.7 76.5 75.2 75.5
83.7 83.9 84.1 85.4 82.6 84.4 82.6 85.3 82.6 80.9 81.1 80.8 83.8 82.2 79.5 78.7 78.9 79.0 81.2 82.1 81.2 80.7 81.9 81.5 80.3 75.5 69.0 66.7 74.0 73.1 73.1 72.0 72.0 73.8 73.7 75.6 74.5 75.6 77.1 76.0 77.6 61.4 58.7 61.4 63.9 63.7 65.5 68.2 72.4 78.2 78.4 80.4 77.9 77.6 76.7 75.2 75.8 77.7 76.0 76.9 76.3 75.0 74.9 77.5 76.9 77.4 75.4 76.0 76.8 76.0 76.9 77.6 75.5 75.3 74.6 73.8 79.5 75.0 75.2 77.1 77.9 78.1 74.6 76.3
83.3 84.5 85.1 84.6 82.5 84.0 84.9 86.0 81.7 79.4 75.9 78.2 82.7 83.2 78.1 78.2 79.7 80.1 80.0 81.7 81.8 80.3 81.0 81.9 78.3 75.4 68.7 68.6 78.0 72.9 73.7 75.1 74.3 74.3 74.1 75.8 72.9 77.0 77.8 76.6 75.6 61.2 60.2 66.2 66.4 67.1 64.9 68.5 73.2 77.1 77.2 80.5 80.2 77.8 76.8 76.5 76.8 77.0 75.7 78.3 76.6 77.1 77.6 78.2 78.1 77.5 77.4 77.4 76.8 75.5 75.6 75.7 75.0 75.6 74.0 73.8 80.3 75.6 74.9 75.9 78.2 77.4 76.4 77.4
81.6 83.1 82.9 84.4 85.2 83.2 83.0 86.4 82.3 78.9 78.1 78.1 80.9 82.0 83.0 79.7 78.9 79.7 80.1 80.4 82.3 81.5 79.6 82.8 77.8 75.8 69.7 74.2 79.5 74.2 74.6 77.5 76.9 74.4 75.6 74.9 75.9 76.9 78.0 77.5 71.8 61.3 66.0 70.6 70.5 70.0 66.4 70.1 72.4 75.3 77.7 78.9 79.7 77.7 77.5 76.9 76.5 76.2 77.4 78.4 77.4 77.3 79.5 80.1 78.5 78.6 79.0 77.9 76.3 75.0 73.8 74.4 73.9 74.9 71.4 73.7 77.8 74.7 76.1 75.7 78.0 79.5 77.9 77.6
79.1 82.8 80.7 82.6 85.8 84.6 85.2 85.7 82.1 78.1 78.2 77.9 78.8 80.8 82.4 79.4 79.1 79.4 79.2 80.0 82.6 81.7 80.6 82.4 76.1 76.5 68.7 77.8 80.8 74.9 77.3 78.3 76.9 75.7 75.8 73.0 74.0 78.5 77.1 78.0 70.5 62.5 67.8 75.5 76.0 72.2 70.9 70.5 71.5 75.6 76.2 79.8 76.9 77.9 78.0 76.1 74.8 77.1 79.9 78.6 77.3 78.4 82.9 79.5 78.0 78.9 78.6 77.3 74.7 73.4 71.0 73.1 73.6 73.1 75.1 73.7 75.3 75.3 75.8 76.8 78.5 78.7 75.5 77.3
74.5 80.0 79.1 81.6 85.1 85.6 83.7 86.6 81.9 78.7 78.1 78.5 78.5 79.8 81.2 79.3 80.7 80.1 78.6 80.8 82.5 81.7 81.7 81.3 76.9 76.3 70.6 79.4 80.6 75.8 78.5 76.9 78.2 76.0 76.8 74.3 72.8 77.2 77.0 76.8 68.7 63.3 74.9 78.3 81.9 74.9 70.3 71.8 74.4 76.1 74.8 78.8 79.4 77.9 76.8 75.4 74.5 78.1 76.6 78.6 78.6 78.4 80.8 79.8 82.4 78.7 79.6 76.7 73.8 71.8 73.0 72.6 73.0 72.5 76.0 75.3 76.5 74.8 76.2 78.6 78.3 78.2 76.5 76.0
76.7 79.1 80.2 82.3 83.6 85.1 83.2 85.4 80.9 79.9 81.8 79.6 78.9 79.7 84.1 80.1 80.2 80.9 81.3 81.6 81.5 81.6 84.6 82.6 77.4 75.8 71.0 81.4 78.3 74.0 79.4 76.2 79.2 77.1 79.4 74.2 73.6 76.2 78.8 73.9 68.7 64.4 76.7 79.8 82.1 75.7 72.3 73.0 73.9 76.7 75.6 77.3 76.8 77.8 77.1 76.1 74.3 79.0 80.1 80.3 76.9 77.9 79.2 80.4 81.2 78.5 77.2 74.7 74.8 73.2 71.7 73.9 71.1 73.9 75.6 76.6 74.2 76.6 78.3 76.4 78.2 78.6 77.8 76.8
77.8 79.5 81.6 81.9 84.2 83.8 84.6 84.4 80.6 80.1 82.7 80.3 80.6 79.6 82.0 81.3 79.8 81.7 80.5 80.7 80.9 83.1 82.9 83.6 76.8 73.9 72.7 81.3 77.7 73.6 79.5 78.6 78.4 77.6 77.0 76.4 72.8 75.2 75.0 73.2 69.4 67.9 79.2 81.7 84.1 79.1 74.2 74.4 74.7 76.1 76.2 75.8 78.1 77.3 76.2 76.9 77.9 78.5 78.5 80.1 78.7 77.7 78.8 80.8 78.4 79.1 75.9 73.2 72.6 73.0 73.9 75.9 75.7 76.3 78.9 76.0 73.8 77.0 77.5 77.1 77.4 78.5 78.1 76.1
78.7 79.6 81.3 82.3 81.5 83.5 85.2 84.0 81.1 81.4 80.8 81.5 79.5 77.8 78.1 80.8 81.5 80.2 81.3 82.0 81.9 81.6 83.2 83.0 77.3 73.8 74.1 81.7 77.1 74.9 79.6 82.8 75.1 78.1 76.1 76.3 71.5 73.9 73.2 72.8 68.0 72.3 79.4 81.3 84.8 81.9 75.0 75.4 76.7 75.8 74.4 75.5 78.6 77.4 77.4 77.2 77.9 79.4 78.9 81.3 80.2 78.5 78.4 78.1 78.2 76.3 73.2 74.8 75.9 74.4 75.9 78.4 77.9 79.2 80.0 78.9 72.1 75.4 77.0 77.6 75.9 77.6 77.1 75.2
78.6 81.4 82.1 82.4 81.5 83.2 81.2 80.4 82.5 80.9 82.5 81.8 80.3 78.6 80.2 81.1 81.5 82.6 80.8 82.9 81.8 82.2 82.8 83.3 78.1 72.6 77.0 80.3 78.5 75.7 79.5 82.5 78.9 77.4 75.7 77.4 71.4 74.5 74.6 70.5 70.7 73.9 81.1 81.2 83.2 82.2 76.2 76.6 75.6 75.7 75.9 77.2 80.3 78.5 76.6 78.0 77.9 79.3 78.7 79.8 78.7 79.4 77.8 76.1 76.0 73.1 74.6 75.4 75.5 76.1 77.6 79.0 80.1 82.1 82.5 79.5 73.3 74.4 73.7 73.8 76.6 76.1 75.2 77.4
79.0 81.3 82.3 82.3 77.6 81.5 80.9 79.9 80.9 81.4 81.7 81.1 81.6 79.4 80.6 81.4 81.1 83.5 82.9 82.9 80.9 80.6 81.3 82.6 77.0 67.3 76.8 81.2 77.1 75.8 80.5 81.8 79.9 74.3 73.9 76.9 72.8 73.5 73.5 69.1 73.2 77.8 81.6 81.9 84.7 82.8 76.5 75.8 77.8 76.2 76.0 76.7 77.2 78.8 79.8 77.0 79.2 80.1 77.2 78.1 80.1 79.6 76.8 76.2 76.4 74.0 74.9 76.6 77.5 77.7 84.4 81.0 81.7 81.7 82.4 75.7 74.0 73.8 73.0 75.0 74.1 75.4 73.8 75.1
79.7 82.8 80.8 82.5 78.8 81.5 81.5 79.2 80.7 80.0 81.5 80.6 81.9 80.4 78.9 81.9 82.3 84.2 82.8 82.9 81.6 79.8 81.4 82.1 76.3 68.3 80.8 81.6 77.1 75.5 82.3 80.4 79.8 75.9 73.3 74.0 73.3 72.9 73.7 70.4 72.1 80.5 83.1 84.0 84.4 84.1 77.2 76.9 77.7 75.9 76.5 77.3 79.0 80.5 79.9 80.4 83.1 81.5 77.3 79.0 80.1 78.2 77.5 76.3 75.5 75.2 74.9 79.2 79.1 81.5 82.1 81.6 81.9 81.0 80.7 74.4 74.0 76.2 75.0 76.0 75.6 75.1 72.5 73.9
82.5 84.4 84.7 83.2 81.2 81.6 79.8 78.8 78.5 78.9 81.7 81.2 82.0 81.3 77.8 81.6 81.8 83.1 82.2 83.0 84.3 82.4 80.5 82.8 75.9 70.3 79.7 81.3 80.1 75.2 81.2 79.2 77.1 75.8 72.1 72.5 71.4 73.3 73.5 70.8 73.3 78.9 83.7 82.6 86.4 84.8 77.6 79.9 78.3 76.5 78.2 77.4 78.3 80.1 79.2 82.5 81.8 81.7 80.8 77.3 76.8 77.8 75.8 76.8 76.9 76.8 77.6 79.8 80.3 83.0 84.8 81.5 83.0 80.7 80.1 73.9 74.6 77.2 78.1 77.3 78.5 76.7 74.9 74.1
83.6 85.1 85.5 84.3 81.8 82.6 81.1 79.7 79.0 79.6 82.9 81.9 80.7 80.4 79.7 80.8 80.8 83.4 81.2 83.4 84.4 81.4 78.8 82.2 75.8 71.7 78.8 81.7 78.5 74.8 83.6 79.3 78.2 73.2 71.2 72.7 71.4 72.3 72.3 73.7 76.7 80.0 82.1 82.3 83.8 84.3 78.5 78.2 78.5 76.9 77.0 77.5 79.3 80.2 82.6 83.2 81.4 81.8 80.2 79.2 77.7 76.5 78.7 77.0 78.2 76.4 79.6 80.3 81.9 82.6 84.5 81.9 82.9 81.5 77.8 73.6 74.2 77.9 79.0 78.9 80.5 80.4 78.7 75.6
85.2 86.3 85.4 83.9 84.9 83.3 82.3 80.3 80.9 81.0 82.0 83.8 81.7 80.1 80.8 81.8 82.6 83.4 84.4 82.5 81.3 83.5 80.3 80.3 76.6 73.7 80.5 83.1 80.2 75.7 80.3 77.9 75.5 72.2 73.7 73.2 71.7 71.4 73.8 76.4 79.3 81.9 83.2 82.0 82.0 83.2 80.6 79.1 78.6 78.4 77.0 76.0 81.2 81.9 82.2 82.6 82.0 83.1 81.7 80.0 77.5 77.1 78.9 77.8 77.9 77.5 81.9 80.5 81.9 84.0 83.1 82.2 81.4 81.1 77.6 74.7 74.1 78.4 79.6 80.7 80.0 82.4 79.7 76.7
85.3 86.5 85.4 82.9 86.7 84.0 82.7 82.5 80.0 80.3 81.8 80.4 82.7 81.2 84.2 81.8 83.3 83.7 82.9 83.6 83.9 83.9 83.9 78.9 77.1 75.8 79.9 81.0 80.6 77.3 82.4 75.4 73.9 71.8 74.3 74.0 71.9 72.0 74.1 81.2 80.7 83.2 83.5 82.3 82.8 82.9 82.8 80.4 79.5 79.3 78.3 78.0 79.3 82.7 81.0 83.8 81.8 83.4 81.6 79.3 76.5 77.4 78.0 77.6 79.0 79.5 81.9 81.0 81.5 83.6 84.6 81.7 83.9 80.9 76.5 76.0 77.2 80.2 79.5 81.3 83.1 82.6 79.3 79.4
84.5 87.5 85.7 82.9 85.2 83.6 83.9 82.3 83.0 80.7 83.5 78.8 81.5 81.9 79.9 82.1 83.1 83.7 81.9 83.2 84.5 84.5 85.5 77.1 74.0 78.3 78.3 80.3 80.3 77.7 80.6 74.6 76.1 72.4 76.4 76.0 70.0 73.7 76.6 80.0 79.7 83.3 82.2 82.5 82.5 82.4 81.4 79.8 78.9 79.3 78.2 79.4 82.0 83.8 83.3 83.6 82.6 82.8 80.7 77.5 78.3 77.3 78.8 80.1 79.6 79.7 83.4 82.7 84.4 84.1 82.4 83.2 81.9 82.4 75.0 72.4 76.2 82.0 79.7 82.2 81.1 82.1 81.7 81.2
85.9 86.8 84.9 84.1 85.4 82.7 82.3 81.9 83.0 83.0 83.3 82.7 83.2 81.8 82.1 82.1 83.1 84.0 83.5 82.9 82.9 84.4 87.2 77.3 71.8 76.8 81.2 81.5 79.9 77.4 80.3 75.3 76.5 74.4 75.3 78.1 72.1 75.5 78.3 80.5 83.1 83.0 82.8 82.0 81.6 81.4 82.1 80.0 77.9 79.2 77.6 78.8 82.3 82.3 84.4 81.8 81.3 82.8 81.1 78.7 78.6 77.5 80.7 80.9 80.9 80.0 84.3 83.0 83.6 83.8 80.3 82.3 83.6 81.3 74.2 72.1 82.6 81.4 81.2 82.7 83.1 83.0 82.3 82.2
84.5 87.0 84.3 84.0 85.9 83.9 83.3 84.7 84.0 83.8 84.3 83.7 82.7 81.4 83.0 83.2 82.5 83.7 83.5 83.9 84.6 83.3 88.3 76.9 71.0 74.2 81.3 80.3 78.8 77.7 81.2 75.6 74.7 74.3 79.5 79.6 77.6 77.3 77.8 78.9 82.9 83.0 82.9 81.5 80.4 80.5 82.2 80.4 80.7 79.2 78.0 78.2 81.7 83.3 84.2 82.3 81.4 81.8 80.2 78.6 80.1 77.8 79.8 81.2 81.0 82.1 84.6 83.1 82.4 83.4 81.3 81.1 80.3 81.1 75.6 73.2 80.5 82.2 77.9 81.7 83.5 83.4 82.2 82.8
