morphological_analysis/input_data/survey/q05_1/matrix_q05_1s7.txt
north:            -537.50
south:           -1267.50
east:             2691.00
west:              -93.00
rows:                 148
cols:                 278
null:              -999.0
[rows 0 to 37 of 148, columns 168 to 251 of 278]
65.5 64.1 71.9 69.7 65.8 62.6 58.3 59.1 52.0 60.4 50.5 53.0 51.7 56.9 51.6 61.6 58.2 61.7 45.6 48.0 52.9 52.2 50.0 100.6 100.4 103.9 102.5 66.7 54.2 47.2 51.3 51.0 45.6 49.5 49.6 60.2 72.9 80.9 81.1 87.4 82.3 73.5 59.1 56.3 55.4 58.6 58.4 63.3 58.2 69.6 73.3 74.5 73.5 74.0 75.5 70.7 63.0 55.5 54.1 52.0 55.0 52.8 51.8 54.2 60.3 62.8 75.5 62.4 52.8 44.3 47.1 42.6 40.0 41.6 44.4 49.8 48.5 56.9 53.6 52.1 52.3 56.2 48.1 54.3
65.5 64.3 73.0 69.6 65.3 63.0 57.3 60.0 56.6 61.2 55.5 53.0 51.8 56.9 56.1 61.5 58.6 63.6 51.3 48.1 52.8 52.4 49.3 100.6 101.3 101.9 104.7 66.7 54.8 47.4 50.6 51.1 47.2 49.5 48.2 60.2 72.9 80.8 82.6 87.5 80.8 72.8 58.9 56.3 54.5 59.7 59.7 63.7 61.0 69.8 73.3 74.2 73.0 75.0 75.5 70.8 62.9 55.5 53.6 52.0 56.0 52.8 51.1 54.1 59.2 63.6 75.6 63.0 52.1 44.3 47.5 42.6 39.6 41.7 44.4 49.8 49.3 56.2 55.5 53.0 53.1 56.1 50.9 54.4
71.2 69.2 68.0 68.7 65.2 65.0 61.8 59.8 60.3 61.1 62.4 58.8 54.1 60.5 65.5 67.9 67.9 63.8 58.7 48.4 52.7 53.3 50.5 99.2 101.0 98.2 63.9 65.9 55.0 48.4 52.3 51.8 50.1 51.1 48.2 57.0 70.6 80.7 83.6 86.7 80.9 71.8 59.1 56.5 58.3 59.8 59.8 63.9 63.3 69.0 73.3 73.0 75.9 77.8 74.8 71.3 64.7 58.6 56.3 53.1 54.6 53.6 55.1 59.0 64.3 73.3 78.2 68.4 55.4 46.3 45.3 44.9 41.8 43.2 44.2 48.3 45.5 56.5 57.4 54.1 53.9 56.2 51.9 55.4
76.0 76.0 68.5 69.2 68.7 66.7 66.2 65.5 63.9 66.0 68.9 63.8 59.8 62.4 76.6 78.9 82.8 78.5 71.7 55.6 52.3 54.1 52.7 93.6 53.1 61.2 65.8 67.1 57.2 53.7 55.8 54.3 53.3 53.8 55.6 57.0 69.5 79.8 85.7 87.6 79.8 72.8 61.2 57.3 57.5 64.5 63.4 68.4 66.3 69.2 73.4 73.5 76.7 77.5 78.9 71.2 66.6 62.5 60.6 56.7 58.3 58.0 58.3 63.1 70.9 79.9 82.6 72.4 61.0 50.3 46.5 45.8 43.6 44.5 44.5 47.7 47.6 53.1 60.2 55.9 56.3 56.3 56.2 56.9
82.8 84.2 75.8 76.6 74.7 73.9 73.8 73.3 70.4 70.7 75.1 79.3 67.0 69.2 82.9 93.2 96.9 97.4 85.6 68.0 55.7 53.6 52.4 49.4 53.9 59.6 65.8 67.8 55.4 57.0 58.5 57.7 58.8 56.8 59.8 61.5 67.8 79.1 86.5 88.6 79.0 72.8 63.9 62.4 63.1 70.0 67.4 72.8 73.1 69.3 72.8 70.7 76.6 77.6 80.0 72.7 67.8 66.7 65.9 62.0 61.8 62.2 62.3 69.3 80.5 84.9 85.8 77.5 67.4 55.0 47.3 46.8 46.2 45.5 45.7 48.9 48.8 55.0 64.0 57.0 57.8 60.0 57.0 58.8
87.7 89.2 82.0 82.3 84.2 81.1 80.0 81.1 78.4 78.7 81.7 84.6 75.7 75.7 84.7 103.1 110.6 109.8 109.3 92.6 76.3 56.6 52.4 53.6 55.8 64.6 67.7 66.6 60.1 63.6 65.0 61.6 65.2 68.9 68.4 68.9 66.4 78.6 84.9 87.8 80.6 76.5 64.0 69.4 66.1 71.6 75.1 76.3 80.1 71.2 72.0 74.3 76.6 78.2 76.5 75.4 73.9 71.0 71.0 67.6 65.2 67.7 70.0 77.5 85.8 91.2 88.4 85.4 76.1 60.1 51.0 48.5 47.0 47.8 46.0 50.9 51.3 55.6 67.3 62.8 60.1 63.5 61.7 60.8
93.1 93.4 86.7 90.4 88.0 88.7 86.5 87.4 85.5 86.8 89.5 86.8 84.6 84.3 93.4 108.2 114.0 113.8 115.2 107.0 89.4 77.1 61.9 64.7 58.0 67.3 65.4 67.4 67.4 74.2 70.7 71.4 75.9 81.6 78.7 80.5 75.2 78.7 86.0 88.6 81.7 75.6 70.2 76.9 67.9 77.5 79.6 79.4 86.3 76.4 74.7 77.4 77.1 79.3 77.5 83.0 80.0 77.9 76.7 73.9 71.8 72.3 76.6 85.9 95.7 99.4 92.9 93.0 86.7 68.9 58.5 52.0 48.6 47.6 50.6 52.0 51.0 58.5 66.3 65.5 62.5 66.0 62.1 62.6
99.0 98.9 93.8 97.3 96.8 94.5 95.2 94.7 93.7 95.4 94.8 96.1 93.5 95.0 102.6 111.3 113.8 114.0 112.2 112.6 98.4 95.4 72.6 73.2 67.6 65.0 70.8 74.6 75.7 81.7 78.8 81.7 82.5 82.4 86.2 87.5 82.0 82.5 86.8 88.0 83.1 77.4 78.5 79.6 81.2 87.7 85.4 82.5 91.3 87.0 80.8 80.6 82.5 82.6 84.5 87.9 86.3 87.2 83.3 81.6 77.1 77.5 84.6 92.7 104.1 109.0 95.6 114.6 98.6 78.0 68.8 59.5 49.3 48.8 52.2 52.8 54.2 61.5 69.4 68.3 66.7 67.3 63.9 64.0
104.7 106.9 105.0 103.4 104.5 101.3 104.7 101.8 102.4 103.3 97.9 103.7 101.2 105.9 108.7 114.9 115.7 115.0 113.4 113.8 103.5 99.4 79.0 91.0 83.0 84.2 86.8 87.3 84.6 89.3 87.7 91.9 92.8 91.3 94.5 93.5 92.6 88.6 86.8 88.2 84.6 88.9 86.6 87.7 86.9 92.2 91.1 88.7 96.7 96.3 86.3 88.2 85.8 88.1 92.3 92.7 93.8 92.9 87.6 89.3 84.3 83.4 94.7 101.9 112.9 120.4 116.6 118.3 107.5 85.1 80.1 68.9 55.7 52.7 51.6 56.4 57.8 62.9 70.1 70.5 65.0 70.7 67.7 63.6
112.9 114.0 111.2 110.6 108.7 110.6 107.9 109.2 110.3 108.9 101.4 107.8 107.2 111.0 113.4 116.7 116.0 115.4 114.3 114.2 107.3 103.0 94.2 98.5 94.9 95.8 95.3 97.4 90.5 98.7 97.2 102.7 100.3 100.4 100.9 101.6 98.8 97.4 97.7 99.4 95.3 102.1 95.0 99.0 94.6 96.6 96.4 97.4 98.4 101.2 93.6 96.9 94.8 94.7 100.8 99.7 100.0 97.9 93.6 94.6 89.6 92.1 103.0 108.1 118.8 121.4 121.8 123.5 113.5 94.4 89.8 81.6 69.6 57.8 57.0 59.5 59.0 66.9 68.6 72.4 70.0 71.0 70.6 65.7
117.0 117.1 115.5 116.1 117.0 116.0 116.3 114.2 114.8 113.6 114.3 112.2 112.9 114.4 115.4 118.3 114.8 114.6 112.5 114.0 113.0 109.6 106.2 105.8 106.6 105.4 105.9 105.8 98.6 112.4 106.6 112.8 107.4 110.1 109.4 107.8 107.1 105.5 106.1 108.0 106.0 108.0 105.6 106.3 104.1 102.7 106.8 105.9 104.1 105.1 104.6 104.5 102.1 100.7 105.7 105.0 107.5 104.9 101.0 105.0 98.5 102.7 110.3 115.6 123.2 122.8 125.2 126.0 114.5 107.8 101.6 94.1 85.9 66.8 58.7 61.6 63.1 68.7 73.0 72.9 70.1 72.2 72.6 68.8
117.0 118.4 117.7 117.8 119.4 117.7 118.6 117.6 116.9 116.1 116.4 114.0 117.6 117.2 114.7 117.9 116.8 114.3 114.4 115.7 114.3 114.2 113.4 112.4 113.5 111.5 112.1 112.6 116.0 115.3 114.7 114.4 113.7 119.2 114.2 113.2 115.3 113.5 116.1 113.0 111.6 113.3 112.9 113.1 112.3 110.5 113.0 113.7 109.6 112.2 113.3 110.4 110.5 109.3 111.5 109.1 113.1 109.9 108.0 112.7 110.7 112.9 115.8 121.4 126.4 123.3 125.5 125.3 122.1 116.3 109.0 106.3 98.6 80.1 79.0 70.2 66.2 71.0 73.4 74.4 72.5 73.1 78.4 71.3
118.8 119.0 118.3 117.8 117.9 118.1 119.4 119.1 117.7 117.8 118.0 116.6 118.1 118.7 118.4 117.7 116.8 116.2 113.7 115.6 114.2 117.0 115.0 113.2 113.7 114.1 114.1 114.4 116.5 116.6 116.6 116.4 117.7 121.5 118.0 117.7 117.4 117.0 117.6 115.9 116.8 118.7 119.9 117.1 115.5 117.2 115.9 118.9 115.1 116.0 119.1 116.2 116.9 116.2 118.0 114.6 116.5 116.6 116.3 115.5 118.2 121.5 121.5 125.0 126.9 123.8 125.5 126.2 123.3 122.4 118.9 116.0 108.7 99.1 107.0 94.5 71.4 77.6 72.0 76.8 75.5 74.8 81.5 72.6
118.9 119.5 118.1 117.8 118.5 118.2 120.2 118.2 118.2 117.3 117.7 117.3 118.3 118.8 118.4 118.5 116.2 115.3 113.5 115.9 114.5 116.9 115.9 114.5 115.4 114.4 115.1 114.5 115.4 116.7 118.0 118.5 118.7 120.6 117.0 118.5 119.4 117.9 117.2 118.2 115.5 117.7 118.9 119.7 118.3 118.9 118.5 119.4 116.0 117.8 118.7 118.2 122.2 118.6 115.5 116.5 117.1 117.6 120.2 117.8 118.8 123.0 121.5 125.6 126.1 125.8 126.9 126.5 126.4 127.1 123.3 122.1 117.9 116.3 117.2 113.0 76.2 106.1 104.2 95.5 75.0 88.6 79.8 80.5
117.9 119.2 116.6 117.0 118.4 117.3 120.7 115.3 117.6 117.1 116.6 117.6 118.0 118.8 118.2 116.5 117.8 114.3 114.7 116.7 116.1 117.0 115.2 115.1 115.8 114.8 115.3 115.2 116.7 116.8 120.3 118.3 118.9 120.0 117.3 118.9 119.6 117.4 120.8 117.2 117.4 117.8 119.0 120.5 119.1 119.4 120.3 119.7 117.3 117.4 117.8 118.5 123.0 118.6 118.1 115.7 119.5 118.3 117.6 120.5 120.2 125.2 123.0 125.8 125.1 126.6 126.6 126.2 125.4 128.3 127.6 125.4 125.6 124.6 124.8 121.4 122.8 122.7 123.8 122.0 107.9 119.2 124.9 124.9
119.2 112.1 117.4 91.0 117.8 107.2 117.0 105.2 112.9 107.0 112.2 114.5 115.9 116.3 118.0 106.8 117.6 111.5 112.9 113.5 113.3 115.1 115.2 113.1 116.4 112.4 115.2 113.0 115.6 116.6 115.7 117.1 118.1 116.9 116.4 119.3 117.5 117.3 116.7 116.9 117.4 114.8 118.1 119.1 118.2 119.1 120.4 120.0 120.8 117.5 119.7 118.4 122.5 117.6 118.4 105.3 119.1 119.1 119.4 120.0 121.1 123.6 124.8 125.1 126.6 126.3 127.0 125.6 126.9 127.5 129.6 126.9 128.1 127.1 126.9 127.6 126.6 125.8 123.9 127.0 122.8 126.0 126.9 127.2
68.4 76.1 72.7 74.7 72.5 73.0 69.0 74.3 93.0 74.0 72.6 98.2 88.1 108.2 86.8 89.7 116.5 76.8 70.0 98.9 105.8 105.9 109.4 106.3 112.9 90.5 113.8 88.4 112.8 111.3 114.1 113.0 111.9 110.6 117.0 115.1 115.3 114.8 116.8 114.5 116.7 115.1 115.4 117.4 116.3 116.3 117.9 117.3 121.4 117.5 119.8 116.7 119.2 117.9 118.3 82.4 118.2 118.7 118.6 119.3 119.4 121.5 124.3 123.8 125.6 125.4 124.9 125.1 127.5 127.8 128.9 126.5 127.6 127.6 128.0 126.5 128.3 126.6 125.0 127.7 127.4 126.4 127.6 126.7
69.5 71.3 70.6 70.0 67.6 70.4 68.9 69.5 71.0 68.2 69.7 72.3 73.8 74.1 73.3 73.9 85.7 75.0 71.7 72.1 86.1 75.8 80.0 76.0 81.3 80.3 77.2 75.9 77.9 81.2 78.2 94.0 78.0 99.8 78.2 103.8 109.0 101.1 110.0 110.1 112.5 110.0 116.6 114.8 114.3 103.4 110.8 103.4 115.0 108.0 115.1 102.5 119.8 108.3 116.9 74.8 118.6 114.3 110.0 120.4 121.6 120.0 123.4 122.8 123.9 122.6 123.3 124.1 126.2 127.2 128.6 125.2 126.8 126.1 125.7 125.7 127.4 124.4 125.7 126.6 125.8 126.0 128.7 126.2
71.4 72.6 70.5 69.1 67.6 70.5 65.0 69.5 69.3 68.5 69.1 68.7 67.5 69.9 73.8 70.4 68.3 69.3 71.7 68.5 72.6 75.4 75.0 75.4 74.2 74.4 76.3 77.5 81.7 77.5 77.9 79.8 81.6 75.5 76.4 77.6 75.4 74.0 81.7 99.4 106.8 107.5 109.4 103.1 83.0 83.2 81.7 82.9 78.2 76.5 75.9 78.6 73.5 72.1 77.1 76.0 72.8 100.8 90.6 112.9 116.1 100.9 119.8 119.1 121.4 113.7 121.8 122.6 122.2 124.4 124.6 122.4 125.0 122.9 127.9 124.5 126.6 121.5 125.6 125.4 126.4 125.3 127.2 124.9
73.4 73.5 68.8 69.7 70.1 70.7 69.2 70.8 68.1 68.3 69.8 68.8 68.2 68.2 69.5 70.8 69.9 71.2 68.4 68.6 71.4 73.2 70.3 73.5 78.4 74.8 75.6 75.9 74.4 79.6 80.5 78.6 79.2 76.1 78.0 78.0 75.4 72.0 78.1 79.0 81.5 84.3 81.7 82.8 80.8 81.9 84.6 80.6 81.6 77.9 79.9 75.6 67.4 70.5 75.8 76.1 75.6 78.4 78.8 77.7 76.7 79.6 105.5 112.3 119.3 77.8 120.2 117.7 115.5 107.4 120.8 119.5 121.6 107.3 115.1 115.4 121.4 106.6 123.0 119.4 124.1 122.6 123.5 119.8
72.9 73.9 70.1 69.7 70.7 70.1 67.8 69.9 70.1 68.3 68.7 69.4 68.5 68.5 70.0 68.8 71.1 70.1 71.5 69.5 71.7 71.6 72.5 74.6 75.8 74.2 75.1 74.8 77.5 78.6 79.0 82.0 82.0 76.9 79.5 79.4 80.3 74.1 77.0 78.5 80.2 82.9 81.6 84.3 83.2 83.1 82.1 83.0 83.6 79.9 77.7 76.8 69.3 71.3 75.1 78.0 78.9 76.6 79.2 78.5 74.4 77.2 78.1 76.1 75.7 77.5 115.9 104.5 78.4 78.7 77.4 81.1 50.9 77.0 30.4 97.5 51.5 75.3 61.6 107.2 90.2 109.9 76.6 101.4
74.2 73.6 71.1 71.3 70.0 70.0 66.6 69.9 70.1 70.3 70.5 69.8 69.0 69.2 67.8 70.0 70.7 69.0 71.9 70.7 71.2 71.2 72.8 74.4 74.8 73.5 75.4 75.9 76.3 77.8 78.9 82.5 82.5 80.7 82.1 82.0 81.3 75.3 81.4 80.7 79.5 83.6 83.5 85.5 86.1 83.8 85.3 85.7 84.0 80.4 80.6 75.3 70.1 71.9 76.6 77.5 77.6 76.8 81.5 78.7 77.2 77.5 76.5 76.5 75.9 77.9 88.6 80.1 80.3 77.8 81.9 79.8 49.2 41.2 33.0 39.4 35.7 50.5 56.9 56.3 73.0 69.8 73.9 78.7
73.8 69.2 69.4 73.0 71.8 70.9 68.6 71.0 72.8 70.2 67.4 69.1 69.9 70.0 68.5 69.7 70.6 68.8 69.4 69.3 70.5 71.6 73.2 72.6 75.8 72.3 75.3 75.9 77.7 77.5 79.5 81.2 82.7 83.7 81.3 83.7 83.1 78.2 82.4 79.4 80.6 84.0 85.1 85.8 87.0 84.4 84.2 85.4 83.6 82.3 81.7 74.5 70.4 70.8 77.5 77.4 78.2 78.3 82.1 80.7 78.9 79.3 76.9 76.5 78.2 77.3 79.0 78.3 79.6 77.9 81.4 79.6 50.1 41.0 29.7 37.6 43.3 51.0 55.6 62.1 63.4 67.2 69.4 74.8
68.9 67.8 65.9 70.3 72.5 71.3 70.0 72.4 72.9 71.3 68.6 70.2 69.4 70.3 70.5 69.2 70.5 68.9 71.0 68.7 69.6 71.3 70.4 72.9 71.6 72.8 75.5 74.2 77.6 78.5 80.3 81.2 82.3 85.8 82.6 83.8 79.2 80.9 84.7 80.7 81.5 84.2 82.7 86.3 87.0 84.7 87.5 85.1 83.9 81.4 81.9 73.4 73.0 73.8 74.1 77.4 78.0 79.3 79.0 79.9 77.9 78.3 77.9 76.0 79.4 77.4 78.4 80.4 80.3 78.8 77.2 79.8 56.3 42.6 32.2 40.5 46.1 51.4 55.8 62.2 65.7 67.0 63.0 71.7
65.4 64.7 64.8 68.1 72.5 71.2 73.6 72.9 73.5 71.6 73.2 71.3 69.5 70.6 70.4 70.3 71.0 68.1 70.2 67.5 68.7 70.3 71.0 72.6 72.5 72.1 72.9 71.1 78.8 78.8 81.8 83.1 84.3 85.7 83.3 85.1 84.2 83.5 84.9 81.3 81.7 84.7 85.2 86.2 87.7 86.3 86.4 84.7 83.5 80.9 82.5 73.3 71.2 74.2 74.9 78.5 78.6 77.8 80.2 79.0 76.9 76.8 79.0 74.4 77.9 76.8 78.8 78.3 80.2 81.5 82.4 79.7 60.9 43.5 34.7 43.7 44.2 51.8 58.6 60.9 69.3 67.3 70.3 70.7
63.1 64.7 66.4 67.3 70.2 72.8 74.8 72.2 72.7 72.0 73.5 72.4 69.9 71.0 69.8 69.6 71.3 66.9 69.1 66.7 68.6 69.7 69.9 68.7 70.0 72.6 74.0 72.5 77.3 78.1 79.6 82.0 83.4 85.3 83.9 84.7 84.5 85.5 85.0 81.3 80.8 85.1 84.4 85.1 87.5 87.5 85.7 84.3 83.2 79.9 81.5 73.4 70.7 75.9 76.1 77.4 77.4 77.6 77.2 77.0 78.2 75.8 72.1 75.4 78.4 76.3 77.0 78.7 80.3 80.9 81.9 73.8 63.8 44.2 39.9 50.2 48.0 53.5 59.7 62.2 69.3 69.3 72.9 71.0
64.2 64.8 66.9 69.2 69.6 71.2 72.6 71.7 71.6 72.8 74.0 71.1 70.5 70.0 70.1 68.9 68.9 67.8 69.9 66.6 66.3 69.5 69.7 70.1 67.0 71.3 72.0 72.3 73.9 77.9 78.8 80.9 82.3 85.3 83.3 84.5 86.6 85.9 88.7 83.0 80.9 85.1 85.7 84.9 85.9 88.0 85.1 84.3 84.6 79.2 77.8 73.6 67.8 78.4 77.5 76.0 78.3 78.4 77.4 78.0 78.2 77.0 77.6 76.4 75.9 77.9 75.6 78.8 79.8 78.7 79.8 68.9 68.7 48.7 43.4 49.6 54.5 53.9 59.5 65.3 70.3 69.6 75.3 71.8
65.1 65.8 70.0 68.6 70.5 70.7 73.9 72.3 73.1 72.2 78.1 69.4 70.3 70.0 70.1 68.2 69.4 68.4 72.5 66.7 67.8 69.8 69.3 70.5 70.0 70.1 71.6 69.2 72.6 73.6 79.1 81.5 84.5 84.7 85.7 86.0 84.1 85.0 88.1 80.7 82.1 83.3 85.6 83.4 86.2 88.2 84.3 83.8 85.2 78.9 77.9 73.4 69.6 79.4 76.7 75.8 75.9 77.7 74.6 78.1 76.6 74.8 75.5 75.8 77.8 77.7 77.0 78.0 79.5 79.9 81.9 63.4 68.0 53.1 46.8 51.2 56.9 57.8 62.2 65.9 73.4 70.2 73.5 73.4
66.9 67.4 70.0 69.4 71.2 70.6 74.1 72.2 71.5 72.0 74.7 71.3 66.9 71.0 71.1 70.2 68.5 68.7 68.8 67.1 68.3 69.0 69.6 71.0 72.5 71.0 70.0 69.9 70.6 72.4 77.1 81.3 81.1 83.6 85.1 87.0 86.2 84.7 83.6 80.9 80.7 83.0 84.5 83.2 86.2 87.7 85.8 83.9 81.4 77.6 76.9 71.7 75.5 77.9 74.9 77.6 75.7 76.9 74.9 77.1 75.8 74.5 74.6 75.9 78.3 78.0 77.5 76.5 80.4 79.9 80.5 57.6 64.5 55.0 48.5 53.6 58.9 61.6 58.3 67.2 69.6 69.2 71.7 73.0
68.2 70.4 71.7 70.5 71.0 71.0 73.6 73.5 71.9 70.9 73.4 70.0 69.2 71.7 70.5 71.0 72.3 66.5 69.8 69.3 68.4 70.5 68.9 71.1 68.6 71.0 70.1 72.6 71.1 70.9 75.5 80.0 82.6 83.6 85.2 88.8 86.5 85.4 82.4 82.8 81.8 84.5 86.0 81.6 86.6 85.0 85.9 83.2 82.1 78.0 79.4 76.9 79.2 80.3 79.7 78.3 76.9 77.6 73.3 74.1 76.6 75.6 76.4 73.7 76.1 76.7 73.6 75.1 77.9 78.1 79.8 59.2 66.1 58.2 52.0 55.7 59.2 60.6 63.8 65.1 67.1 69.1 73.1 74.1
72.2 72.8 74.1 72.6 73.3 71.4 73.5 73.5 71.9 71.0 71.2 68.6 68.2 71.0 70.5 70.8 70.9 68.7 69.8 70.0 70.0 69.8 69.4 71.0 70.3 70.2 70.0 72.0 71.5 68.2 71.6 77.9 82.3 83.0 83.6 89.0 87.4 86.9 82.6 82.7 82.6 83.4 85.7 83.0 85.4 85.1 87.1 82.7 82.1 78.1 80.5 77.2 80.1 81.4 78.9 79.1 77.3 77.0 76.6 75.4 75.2 76.0 76.7 74.0 75.1 74.1 75.6 77.0 77.7 77.4 81.2 58.7 66.2 63.2 57.5 58.6 63.4 64.7 65.2 65.7 71.1 69.5 72.8 73.6
74.5 74.6 72.7 75.0 70.2 73.0 73.5 73.1 72.9 71.8 71.7 69.2 68.8 70.6 69.6 71.1 71.0 69.4 68.1 70.7 68.2 69.7 69.7 70.9 70.7 70.0 70.7 70.9 69.9 68.2 70.5 76.1 81.4 82.0 86.0 88.6 86.6 86.3 82.2 83.3 78.2 82.8 83.1 83.7 84.6 84.8 86.0 82.3 80.9 76.3 78.0 79.1 81.0 81.6 81.5 81.3 79.1 76.7 75.0 75.7 75.6 75.9 71.0 74.3 76.3 74.1 72.2 75.1 77.0 77.6 82.1 58.4 66.9 66.9 60.2 60.2 66.3 69.9 68.0 67.5 67.2 69.7 71.8 73.0
76.9 75.5 72.8 75.8 72.1 73.9 72.1 72.9 74.4 70.9 70.4 69.2 70.0 70.7 70.0 71.6 71.3 70.8 70.0 70.2 68.1 70.6 70.3 68.6 71.6 72.7 71.2 70.8 71.0 68.3 71.1 71.1 81.2 81.3 87.9 87.4 86.7 86.2 82.2 82.4 80.6 81.5 83.5 85.0 86.8 85.7 86.4 80.3 80.7 79.5 78.9 79.6 81.8 82.0 82.2 82.4 84.5 79.5 81.8 77.0 74.9 76.8 73.2 74.6 77.7 74.2 73.3 75.6 75.8 76.3 78.3 61.1 66.9 71.9 64.1 68.4 70.3 75.2 68.8 68.4 66.0 67.7 69.4 72.0
77.6 75.0 75.2 75.8 73.5 70.4 70.3 72.8 73.7 72.6 71.2 71.2 72.2 73.1 70.3 73.3 73.1 71.3 76.5 70.7 71.4 73.0 70.9 70.3 70.7 70.7 71.4 70.9 70.8 69.3 69.1 69.3 75.0 80.6 85.7 88.5 85.8 86.0 83.2 82.5 81.1 80.9 84.0 85.6 85.3 83.4 83.3 82.7 84.1 78.7 79.2 80.7 81.4 82.8 83.2 83.3 83.1 83.6 88.0 78.0 78.4 79.6 76.3 75.2 75.7 74.8 73.3 75.6 74.0 74.1 72.7 63.6 68.7 75.0 69.3 72.9 75.2 75.9 70.3 70.1 66.5 68.3 70.3 71.1
77.9 75.3 77.1 75.7 71.6 69.2 70.5 70.3 73.2 74.5 75.2 74.3 74.5 75.5 73.2 74.6 73.0 72.9 74.7 70.6 70.4 73.5 71.7 73.8 73.3 70.5 69.8 71.5 70.2 69.6 70.4 66.3 74.6 79.2 85.1 86.9 87.6 85.8 84.2 82.5 81.4 80.7 81.3 86.2 85.3 84.4 80.6 82.9 79.5 79.3 79.9 80.3 82.2 79.5 83.2 83.1 85.0 83.6 89.7 83.0 82.7 80.5 78.0 76.1 76.9 75.1 75.2 75.0 74.4 71.1 74.0 66.5 70.5 77.7 74.3 75.5 78.1 76.4 74.9 71.7 64.7 67.4 69.9 72.1
77.8 76.8 74.3 75.2 75.3 69.1 70.4 69.7 71.9 75.6 76.3 75.8 76.4 77.9 76.1 75.9 75.8 73.2 74.3 70.1 71.4 73.9 73.5 72.5 72.6 72.1 71.5 71.0 73.7 70.4 69.9 66.7 74.0 73.8 83.4 87.2 87.8 85.2 82.2 81.9 82.4 81.0 81.7 86.7 84.6 84.4 83.3 82.2 80.9 80.1 82.3 81.1 82.6 81.3 81.8 82.6 83.8 83.4 90.9 83.8 85.4 82.4 81.9 77.6 77.8 75.6 74.1 75.0 74.0 71.5 68.5 68.8 70.3 77.3 72.8 76.9 78.4 77.8 78.7 72.6 66.1 67.1 68.4 71.5
77.7 77.8 77.4 74.9 72.5 70.8 70.1 70.3 74.5 75.4 75.6 76.6 75.1 81.0 77.2 74.9 73.8 72.7 74.1 73.5 72.8 75.3 72.9 73.2 74.8 74.6 71.9 73.2 71.7 70.5 71.1 68.0 70.7 70.4 78.0 86.8 85.6 85.5 83.1 82.3 80.3 79.8 82.4 85.9 83.1 80.7 81.7 81.0 82.4 80.5 82.7 82.6 82.4 81.5 80.7 83.5 83.2 83.5 88.8 86.2 88.7 87.1 86.6 82.4 80.5 78.0 77.4 75.1 75.3 71.0 66.2 69.0 70.5 77.0 75.2 78.0 80.6 77.8 77.8 73.8 69.0 67.1 71.1 70.0
78.1 77.4 76.9 72.0 68.2 72.3 69.2 72.6 73.0 76.2 75.0 77.0 78.5 81.3 76.0 73.6 75.7 74.1 74.3 73.4 73.5 75.5 73.5 75.3 74.2 73.5 72.5 73.2 71.5 69.2 70.4 67.5 66.5 68.9 75.8 84.9 87.5 86.0 84.5 81.7 81.5 81.3 83.6 86.6 82.2 80.0 81.6 82.5 80.8 80.3 82.8 84.5 82.3 80.0 80.4 83.1 83.9 83.0 85.8 85.9 88.1 87.5 87.0 84.6 84.0 84.0 78.6 76.8 73.2 70.7 65.7 64.5 71.0 76.6 75.1 78.6 81.9 77.5 79.2 77.3 69.9 67.8 71.3 70.3
