morphological_analysis/input_data/survey/q07_9/matrix_bed_q07_9s7.txt
north:            -537.50
south:           -1267.50
east:             2691.00
west:              -93.00
rows:                 148
cols:                 278
null:              -999.0
[rows 0 to 37 of 148, columns 168 to 251 of 278]
60.1 62.5 70.1 66.6 64.2 64.2 56.8 58.2 53.3 50.1 53.8 51.5 55.8 56.0 49.7 60.0 59.8 52.5 47.8 51.9 55.9 53.2 -999.0 -999.0 -999.0 -999.0 83.1 68.5 56.6 53.7 50.1 56.1 58.2 58.7 52.3 56.0 56.8 54.0 56.1 51.9 57.1 54.7 54.9 51.9 51.1 50.6 51.5 57.7 68.4 -999.0 -999.0 -999.0 -999.0 -999.0 68.6 69.2 56.0 54.8 50.0 50.5 51.6 48.8 51.1 55.8 60.3 65.4 67.2 59.0 48.0 47.1 46.5 42.9 43.6 46.2 46.3 44.6 43.1 48.4 56.2 67.0 65.5 62.0 71.5 66.7
59.4 62.4 71.0 67.1 64.2 64.4 56.9 57.9 53.5 50.2 53.8 51.5 57.3 56.0 48.7 60.0 59.1 52.9 46.7 51.9 55.6 51.7 -999.0 -999.0 -999.0 -999.0 83.1 68.8 56.0 53.7 50.1 56.1 57.7 58.8 53.7 56.9 57.0 54.1 56.1 51.7 56.3 54.7 53.9 52.7 50.3 50.7 51.2 57.7 68.7 76.6 85.6 -999.0 -999.0 -999.0 71.3 69.9 56.2 54.8 49.9 50.6 51.4 48.8 50.9 55.8 59.6 65.3 66.8 59.2 47.9 46.9 46.2 43.1 43.5 46.2 46.0 44.8 42.7 48.7 53.5 66.9 65.3 62.2 71.8 66.7
61.1 62.3 73.0 70.4 65.5 64.9 58.2 59.5 54.7 50.5 53.9 53.0 58.4 55.8 52.2 60.2 64.0 55.2 51.6 52.0 53.1 50.0 -999.0 -999.0 -999.0 -999.0 83.1 69.6 59.1 55.9 49.9 58.2 58.9 59.1 56.5 57.6 57.7 55.2 56.7 55.9 55.7 55.3 55.2 53.5 54.5 53.4 52.1 57.9 68.9 76.5 83.5 78.8 -999.0 -999.0 73.7 71.5 58.3 56.7 55.5 53.8 53.1 53.1 53.8 61.7 68.6 70.2 71.6 62.7 50.7 46.2 47.9 45.3 44.3 48.4 48.5 45.9 44.9 48.7 53.4 68.0 68.7 64.5 70.3 65.8
63.3 60.7 73.7 73.4 65.6 66.7 58.7 60.6 52.9 53.7 56.9 55.2 59.4 56.6 55.0 63.1 62.3 57.3 52.2 52.2 51.2 47.5 -999.0 -999.0 -999.0 -999.0 83.1 69.0 59.1 56.3 50.2 60.9 60.2 60.1 57.0 58.8 59.3 55.6 56.8 58.8 52.3 54.3 55.6 53.6 53.9 56.3 51.7 60.1 71.8 76.5 85.6 77.4 76.1 83.5 71.8 72.9 61.6 58.0 58.3 56.1 56.0 56.7 58.7 68.9 75.9 74.8 75.6 68.5 53.0 46.9 46.9 47.4 41.7 48.9 56.2 48.0 43.4 50.1 53.5 64.7 68.2 66.4 70.8 65.4
64.3 60.9 76.9 76.5 65.9 69.2 61.3 61.2 56.4 55.0 56.8 57.8 59.8 59.6 57.4 66.0 63.6 59.6 52.6 53.4 51.1 44.8 68.9 -999.0 -999.0 92.0 83.1 68.5 62.6 56.2 50.1 60.2 61.8 62.2 59.1 59.7 62.4 59.6 57.8 58.9 54.8 55.2 55.8 55.3 57.3 60.0 58.9 61.8 72.1 76.4 74.4 77.3 76.8 83.3 75.3 72.7 64.3 58.8 61.6 57.7 57.2 59.8 64.5 79.1 82.3 78.3 80.0 72.6 60.0 49.3 46.9 51.5 45.9 50.5 53.9 49.8 44.6 49.9 52.9 61.8 67.8 66.2 68.7 62.3
68.1 64.0 81.7 80.0 67.9 71.1 62.0 64.0 57.4 57.7 62.4 58.5 60.9 61.5 59.1 76.3 63.3 59.7 52.5 59.1 48.8 42.8 68.9 50.4 64.2 92.0 67.5 68.9 64.3 57.0 48.4 60.7 60.6 62.6 60.4 60.9 65.2 62.2 58.1 57.3 57.5 58.0 59.0 57.5 59.6 68.1 64.6 66.0 73.3 77.6 73.9 69.6 76.1 82.7 76.3 72.8 62.0 66.5 67.5 61.8 61.9 64.6 70.7 86.4 88.9 85.2 86.8 81.1 71.1 54.4 47.4 51.9 47.0 50.9 55.7 51.7 47.3 50.6 53.2 62.8 66.1 70.0 69.0 60.4
71.7 64.9 83.8 83.4 70.0 73.7 66.6 65.7 62.2 61.6 63.7 58.2 62.6 62.9 86.2 76.8 63.6 -999.0 52.6 85.6 47.1 41.6 68.5 50.4 64.0 91.8 67.7 68.4 62.6 56.1 53.3 62.1 62.4 65.0 62.6 68.0 65.8 64.6 60.2 62.4 60.2 62.5 63.6 61.7 66.2 71.3 72.1 72.4 74.6 78.5 75.5 73.4 79.4 81.0 77.0 72.4 67.6 72.7 70.7 76.2 67.1 71.6 75.8 88.3 90.0 85.9 85.9 87.0 79.9 61.6 52.3 50.7 47.1 51.2 56.9 53.2 48.3 51.6 55.6 63.5 65.1 71.7 69.7 60.4
72.7 67.0 84.1 85.8 71.9 76.2 68.8 68.9 65.1 65.0 64.0 59.6 61.7 64.3 81.0 -999.0 -999.0 -999.0 -999.0 87.3 48.8 44.6 47.7 50.6 64.2 81.5 67.5 66.7 65.1 58.8 59.4 65.0 66.3 70.4 76.1 79.6 77.9 75.4 72.7 68.6 67.5 70.2 68.1 71.8 73.6 74.6 77.2 80.0 77.8 79.4 79.0 77.2 80.9 84.5 75.9 76.2 71.9 78.5 74.7 82.4 74.3 76.1 87.0 89.1 89.3 -999.0 87.0 87.4 87.2 67.3 60.7 51.7 49.0 48.8 58.0 54.6 48.7 52.1 56.4 64.0 66.1 72.0 69.9 64.1
73.8 68.9 81.6 87.1 73.2 77.1 73.4 70.1 65.9 68.6 65.6 61.1 90.1 64.4 86.3 -999.0 -999.0 -999.0 -999.0 -999.0 49.0 52.8 47.7 51.9 63.3 75.2 68.5 67.7 64.5 65.8 68.3 73.5 81.8 84.1 89.8 88.5 75.6 85.2 79.3 83.5 77.3 78.3 80.8 76.9 82.8 82.0 84.6 81.0 77.2 81.9 81.5 79.8 81.4 85.4 79.2 81.8 80.8 85.4 80.7 83.8 80.9 83.3 85.0 -999.0 -999.0 -999.0 -999.0 -999.0 89.2 77.2 76.5 60.7 51.4 53.9 57.5 57.4 51.2 52.8 56.7 61.5 68.0 72.4 69.4 65.3
73.8 72.3 81.4 85.9 73.7 77.8 72.4 72.9 65.8 70.1 66.5 61.3 85.2 -999.0 -999.0 -999.0 -999.0 -999.0 -999.0 -999.0 49.0 89.3 54.6 53.3 65.2 77.0 69.2 67.3 88.3 85.8 88.6 74.0 75.9 84.8 87.0 88.9 78.0 85.6 87.0 84.1 77.3 88.2 78.3 78.7 81.0 82.4 83.1 -999.0 77.8 83.0 83.1 81.3 83.9 89.8 89.6 83.3 91.0 89.6 86.3 84.5 79.7 83.6 87.2 -999.0 -999.0 -999.0 -999.0 -999.0 90.2 85.8 89.6 68.6 58.3 61.3 57.5 59.7 51.1 52.7 57.2 60.8 67.5 70.4 69.4 67.0
74.0 72.8 81.1 85.8 73.8 77.9 73.4 73.0 65.9 70.4 66.7 -999.0 90.3 -999.0 -999.0 -999.0 -999.0 -999.0 -999.0 -999.0 -999.0 91.0 58.4 53.6 65.0 77.2 69.0 67.2 83.9 86.7 84.6 -999.0 75.0 -999.0 89.8 -999.0 -999.0 -999.0 87.2 -999.0 79.6 89.2 80.9 -999.0 83.0 -999.0 84.6 -999.0 -999.0 83.5 83.9 81.4 83.5 90.7 87.2 -999.0 89.1 89.9 86.3 -999.0 80.9 -999.0 -999.0 -999.0 -999.0 -999.0 -999.0 -999.0 -999.0 86.2 87.1 77.2 63.8 68.3 60.9 62.6 55.2 57.5 57.2 60.5 69.6 68.4 71.3 71.6
-999.0 -999.0 -999.0 -999.0 -999.0 -999.0 -999.0 -999.0 -999.0 -999.0 -999.0 -999.0 -999.0 -999.0 -999.0 -999.0 -999.0 -999.0 -999.0 -999.0 -999.0 -999.0 58.8 -999.0 65.3 -999.0 69.2 -999.0 88.4 -999.0 89.1 -999.0 -999.0 -999.0 -999.0 -999.0 -999.0 -999.0 -999.0 -999.0 -999.0 -999.0 -999.0 -999.0 -999.0 -999.0 -999.0 -999.0 -999.0 -999.0 84.1 -999.0 83.9 -999.0 89.6 -999.0 91.1 -999.0 87.4 -999.0 -999.0 -999.0 -999.0 -999.0 -999.0 -999.0 -999.0 -999.0 -999.0 -999.0 89.6 77.7 72.7 83.8 73.3 65.1 61.2 58.3 55.3 62.7 71.8 65.8 71.4 72.1
-999.0 -999.0 -999.0 -999.0 -999.0 -999.0 -999.0 -999.0 -999.0 -999.0 -999.0 -999.0 -999.0 -999.0 -999.0 -999.0 -999.0 -999.0 -999.0 -999.0 -999.0 -999.0 -999.0 -999.0 -999.0 -999.0 -999.0 -999.0 -999.0 -999.0 -999.0 -999.0 -999.0 -999.0 -999.0 -999.0 -999.0 -999.0 -999.0 -999.0 -999.0 -999.0 -999.0 -999.0 -999.0 -999.0 -999.0 -999.0 -999.0 -999.0 -999.0 -999.0 -999.0 -999.0 -999.0 -999.0 -999.0 -999.0 -999.0 -999.0 -999.0 -999.0 -999.0 -999.0 -999.0 -999.0 -999.0 -999.0 -999.0 -999.0 -999.0 -999.0 72.9 85.6 73.6 69.1 68.4 58.3 55.8 65.9 70.7 65.9 70.4 72.1
-999.0 -999.0 -999.0 -999.0 -999.0 -999.0 -999.0 -999.0 -999.0 -999.0 -999.0 -999.0 -999.0 -999.0 -999.0 -999.0 -999.0 -999.0 -999.0 -999.0 -999.0 -999.0 -999.0 -999.0 -999.0 -999.0 -999.0 -999.0 -999.0 -999.0 -999.0 -999.0 -999.0 -999.0 -999.0 -999.0 -999.0 -999.0 -999.0 -999.0 -999.0 -999.0 -999.0 -999.0 -999.0 -999.0 -999.0 -999.0 -999.0 -999.0 -999.0 -999.0 -999.0 -999.0 -999.0 -999.0 -999.0 -999.0 -999.0 -999.0 -999.0 -999.0 -999.0 -999.0 -999.0 -999.0 -999.0 -999.0 -999.0 -999.0 -999.0 -999.0 72.9 -999.0 75.5 69.3 87.0 -999.0 55.3 65.4 70.9 65.9 70.1 72.1
46.5 47.0 51.2 52.5 53.2 52.2 -999.0 60.2 58.1 62.1 64.0 -999.0 72.0 -999.0 -999.0 69.9 71.9 79.2 68.6 -999.0 -999.0 -999.0 -999.0 -999.0 -999.0 -999.0 -999.0 -999.0 -999.0 -999.0 -999.0 -999.0 -999.0 -999.0 -999.0 -999.0 -999.0 -999.0 -999.0 -999.0 -999.0 -999.0 -999.0 -999.0 -999.0 -999.0 -999.0 -999.0 -999.0 -999.0 -999.0 -999.0 -999.0 -999.0 -999.0 -999.0 -999.0 -999.0 -999.0 -999.0 -999.0 -999.0 -999.0 -999.0 -999.0 -999.0 -999.0 -999.0 -999.0 -999.0 -999.0 -999.0 -999.0 -999.0 -999.0 -999.0 83.5 -999.0 -999.0 65.1 70.7 -999.0 70.0 -999.0
46.3 47.2 51.4 52.6 52.3 52.3 55.8 59.4 58.1 61.9 63.6 65.0 71.3 73.0 73.5 70.1 72.1 78.0 68.6 72.8 69.3 68.7 70.3 70.7 68.7 68.9 67.5 67.6 -999.0 77.9 69.0 -999.0 63.5 -999.0 -999.0 -999.0 -999.0 -999.0 -999.0 -999.0 -999.0 -999.0 -999.0 -999.0 -999.0 -999.0 -999.0 -999.0 -999.0 -999.0 -999.0 -999.0 -999.0 -999.0 -999.0 -999.0 -999.0 -999.0 -999.0 -999.0 -999.0 -999.0 -999.0 -999.0 -999.0 -999.0 -999.0 -999.0 -999.0 -999.0 -999.0 -999.0 -999.0 -999.0 -999.0 -999.0 87.4 -999.0 -999.0 -999.0 -999.0 -999.0 -999.0 -999.0
46.5 47.3 51.2 52.6 53.1 52.3 56.0 59.2 58.1 61.9 64.0 64.5 72.0 72.3 73.3 70.1 71.9 77.8 68.6 72.8 69.7 68.7 69.9 70.7 68.7 68.9 66.9 67.7 67.3 77.0 67.9 61.2 63.0 62.0 -999.0 66.3 66.9 69.5 -999.0 -999.0 -999.0 -999.0 83.3 79.0 -999.0 75.2 -999.0 76.1 77.3 76.4 74.7 69.5 69.3 71.3 70.9 69.1 74.4 67.5 73.2 -999.0 -999.0 -999.0 -999.0 -999.0 -999.0 -999.0 -999.0 -999.0 -999.0 -999.0 -999.0 -999.0 -999.0 -999.0 -999.0 -999.0 -999.0 -999.0 -999.0 -999.0 -999.0 -999.0 -999.0 -999.0
45.5 48.2 52.0 52.5 49.4 52.0 55.1 54.0 56.8 60.7 61.8 64.2 68.4 72.1 72.7 71.5 72.8 71.6 70.8 72.8 69.3 68.9 70.3 70.7 68.7 68.9 67.5 67.8 66.6 73.3 69.0 60.9 63.5 62.4 65.2 65.7 66.9 69.5 69.8 73.8 73.6 74.4 81.7 78.5 77.6 75.9 75.1 76.4 77.3 76.4 74.9 70.1 69.3 71.1 71.0 69.1 74.4 68.0 73.2 76.3 75.6 77.4 -999.0 -999.0 -999.0 -999.0 -999.0 -999.0 -999.0 -999.0 -999.0 -999.0 -999.0 -999.0 -999.0 -999.0 -999.0 -999.0 -999.0 -999.0 -999.0 -999.0 -999.0 -999.0
49.4 48.5 48.0 50.2 49.3 51.8 54.4 51.9 57.6 58.9 60.6 61.5 65.5 68.0 67.9 72.0 72.3 72.7 68.8 72.0 71.1 70.0 68.4 70.9 69.4 69.1 64.4 69.7 69.9 67.1 63.8 60.7 60.8 63.0 65.8 65.1 66.9 69.0 69.9 73.9 73.7 74.5 83.3 76.0 78.3 76.0 74.8 77.0 77.4 76.4 74.7 70.7 69.3 70.5 70.9 69.3 74.4 69.5 73.2 76.1 76.6 77.4 77.6 76.5 78.1 77.7 78.8 77.6 75.6 67.7 70.6 69.8 79.1 77.3 78.2 77.0 76.5 75.3 75.3 79.9 -999.0 87.8 71.6 -999.0
46.3 49.2 47.7 49.7 51.5 53.4 55.8 53.2 56.9 57.4 60.8 60.0 59.8 65.2 66.1 71.5 72.2 73.3 71.4 72.2 71.3 71.8 69.4 70.7 69.8 70.4 68.6 70.4 67.4 69.8 64.2 59.1 60.2 60.8 62.8 64.0 67.1 68.1 69.2 73.8 73.6 74.6 75.2 76.3 75.5 78.7 76.1 78.3 80.4 76.4 75.4 72.5 67.3 68.8 71.2 69.5 72.7 74.1 74.0 74.5 75.7 77.3 78.0 77.5 78.0 78.1 78.1 77.5 75.6 68.5 70.6 70.4 78.3 77.5 77.9 76.6 76.9 75.3 75.6 79.2 73.9 85.8 71.6 70.7
49.0 48.4 45.9 51.9 51.9 54.4 56.9 54.5 57.7 57.5 61.6 59.0 62.4 64.5 67.4 67.6 67.1 70.9 70.5 73.7 73.3 71.8 72.8 74.5 71.0 72.1 70.2 70.6 68.9 69.0 64.5 58.6 60.2 60.8 60.7 64.5 66.6 66.3 68.1 73.5 74.2 74.4 75.3 77.7 77.0 80.1 77.6 76.4 82.0 76.8 76.1 72.8 69.8 69.2 70.7 69.7 71.5 75.9 71.9 73.2 79.7 78.3 77.4 77.2 78.9 78.3 78.8 77.5 75.6 70.1 70.6 70.7 79.1 77.5 78.2 76.8 76.5 75.5 75.3 79.0 73.7 85.7 71.6 70.8
51.2 52.1 51.9 53.0 54.8 55.3 57.0 55.7 59.2 62.4 60.3 59.7 61.6 62.4 64.4 68.5 69.1 69.0 69.2 72.2 70.8 71.6 70.8 72.5 72.2 72.3 69.9 70.5 72.1 67.4 66.8 58.0 60.8 60.3 61.4 64.3 66.7 66.2 68.2 69.1 71.6 72.8 74.1 77.6 79.2 80.6 78.5 77.2 80.5 78.7 75.0 73.2 71.6 70.0 70.5 71.4 72.6 74.8 74.4 75.1 79.2 79.1 81.7 80.2 83.8 80.7 75.1 77.3 76.2 75.0 71.7 74.3 75.2 78.9 76.6 76.1 78.2 75.6 76.7 75.2 74.8 74.8 72.1 70.9
52.4 56.0 56.0 54.4 55.1 56.2 57.8 56.9 58.4 63.5 62.4 60.2 62.4 61.7 63.6 65.8 68.6 69.3 70.1 71.8 70.2 72.2 71.5 71.7 71.2 72.5 71.7 71.8 72.1 67.5 69.1 59.5 60.5 60.2 61.8 63.9 67.0 66.8 69.1 68.4 68.6 71.9 75.2 77.1 77.4 79.2 79.2 78.7 78.3 80.6 75.7 76.7 74.9 70.2 72.4 73.7 70.8 71.9 75.0 77.9 76.5 79.5 80.6 81.8 82.2 82.6 82.3 80.9 77.1 79.2 74.9 76.1 76.7 79.6 78.4 77.3 78.3 75.6 75.6 75.0 74.1 73.4 73.4 71.8
54.3 57.1 59.6 54.9 55.5 56.9 58.5 57.7 58.9 64.8 62.8 60.6 60.5 63.3 64.6 65.8 68.7 69.0 70.9 71.3 73.5 73.4 71.1 71.7 73.5 72.5 70.9 73.0 71.9 69.4 69.5 62.3 63.3 60.6 60.4 64.1 67.5 66.1 67.7 68.6 68.6 71.8 73.6 75.1 78.0 78.4 83.4 79.8 75.8 79.1 80.2 79.7 77.8 70.5 74.8 75.7 73.0 71.2 74.8 77.8 75.0 78.9 79.3 82.7 82.6 81.6 82.9 81.5 78.8 77.3 76.9 76.6 77.6 80.4 79.5 77.8 76.2 74.1 77.1 75.5 75.0 73.3 69.2 73.3
56.6 57.0 56.5 55.9 56.6 58.0 56.3 58.6 60.9 63.3 64.0 61.8 60.4 64.0 63.3 66.2 67.7 69.5 68.6 69.0 70.0 74.6 71.6 72.3 72.4 72.4 71.8 73.2 72.4 71.1 69.3 63.9 62.9 62.8 66.2 66.2 66.1 65.4 68.8 68.9 71.0 70.5 72.6 74.8 77.9 80.1 78.7 81.1 77.5 81.2 82.8 82.6 77.3 75.4 78.4 75.4 74.0 73.0 78.6 77.0 78.7 79.0 82.5 83.5 84.2 83.1 83.3 81.5 80.4 77.7 75.5 76.6 75.7 79.4 79.0 79.7 78.1 75.5 78.9 77.1 74.2 73.7 74.5 71.9
56.2 57.5 59.8 58.4 57.6 58.7 58.6 60.4 59.3 60.7 63.3 63.2 62.8 64.5 64.0 66.6 68.6 68.4 66.8 69.1 70.9 73.2 71.9 72.3 72.1 72.0 71.3 73.3 72.2 70.2 72.3 64.4 63.0 63.6 63.9 65.0 65.6 66.7 68.4 70.0 70.6 70.3 73.1 73.1 75.8 77.8 80.1 82.6 78.6 81.3 80.7 82.4 79.2 78.3 79.3 79.4 77.6 75.8 79.4 77.2 77.4 79.4 80.3 84.2 83.5 84.2 83.1 82.2 85.9 77.7 79.9 76.9 75.6 78.7 79.5 78.0 80.3 76.6 76.5 75.9 74.1 74.5 71.7 72.4
58.5 60.0 58.5 61.0 58.6 58.6 59.4 61.9 61.2 62.9 63.3 63.6 62.1 66.2 67.0 66.1 67.9 68.2 71.7 69.3 69.7 72.1 72.2 72.9 73.7 72.1 70.7 72.7 74.3 70.1 74.5 66.4 65.7 62.3 64.6 65.8 65.3 66.0 68.9 71.4 70.7 71.4 74.3 71.7 74.8 76.6 79.9 81.9 78.6 82.1 79.6 82.0 79.6 79.2 80.2 82.1 81.6 80.6 79.3 78.8 82.2 79.2 82.6 84.4 83.4 83.6 83.1 83.3 81.2 78.4 77.5 77.6 78.5 78.3 78.0 77.1 81.2 76.6 77.6 76.7 75.7 75.4 75.6 75.8
59.3 62.1 64.5 62.8 59.2 57.7 60.8 62.8 61.8 64.2 63.6 62.9 64.7 67.3 65.9 67.7 66.8 70.3 68.6 70.5 69.0 71.9 73.0 72.2 72.6 73.4 71.6 73.2 75.4 71.0 72.8 67.0 65.5 65.6 64.0 66.2 68.6 65.8 68.9 70.2 71.1 71.2 71.6 70.6 75.0 75.5 80.0 81.1 80.1 80.3 78.8 81.8 79.5 80.8 82.5 80.9 81.7 77.2 80.7 79.2 80.6 79.5 82.7 84.5 85.1 83.3 82.3 84.2 79.8 81.1 76.0 77.1 77.3 77.5 78.4 76.6 78.4 77.3 77.9 75.7 76.0 75.6 77.0 75.7
63.3 64.1 63.1 63.9 61.9 58.1 60.2 60.0 59.2 64.5 65.5 65.0 66.2 69.3 67.1 67.6 67.0 68.6 67.7 70.3 70.3 72.5 72.5 70.7 72.0 72.9 72.5 74.8 73.8 72.4 73.6 66.1 68.0 67.1 63.2 64.9 66.7 66.5 66.4 65.9 66.8 68.8 69.3 70.1 72.6 74.6 78.7 81.7 81.5 80.9 83.2 81.6 81.3 82.0 79.5 79.4 82.1 77.3 79.0 81.3 79.2 80.1 82.0 83.8 83.0 83.9 86.4 82.0 81.2 80.5 81.2 78.4 78.4 78.4 78.5 76.1 76.9 78.1 76.7 76.2 77.5 76.7 74.4 75.9
66.2 64.3 66.7 65.6 63.2 59.1 61.1 60.6 62.0 63.9 65.0 64.1 66.4 69.0 65.1 67.5 67.9 68.5 67.6 71.0 70.7 70.9 69.5 71.2 75.9 72.8 70.6 75.1 73.9 72.9 73.2 67.2 66.1 67.4 65.5 64.9 64.9 65.8 64.3 67.2 66.1 65.3 67.8 69.9 72.3 74.1 78.8 80.5 80.8 81.4 85.1 81.8 81.5 81.8 82.2 78.7 82.4 77.7 80.1 81.7 80.4 80.7 84.0 84.1 82.7 83.9 90.5 83.6 81.4 76.8 76.3 79.0 80.2 80.0 76.4 76.4 77.6 76.8 79.0 77.5 78.1 77.3 75.7 75.5
67.2 68.0 68.7 69.6 64.8 60.6 62.8 62.0 61.4 63.3 65.2 63.7 70.5 68.3 65.8 67.5 67.4 67.6 68.6 72.0 70.5 71.6 72.3 73.6 72.1 73.6 69.8 72.6 73.3 73.6 72.7 67.8 68.2 66.9 69.0 66.0 65.3 64.2 61.3 64.9 63.7 61.7 65.0 69.2 69.2 73.7 77.7 79.0 81.7 82.0 84.0 83.1 84.4 81.8 83.2 82.9 81.8 78.7 80.2 83.7 80.8 80.9 82.8 84.1 82.4 83.2 86.0 82.6 81.4 79.0 80.1 77.7 78.8 79.0 77.3 74.8 79.1 74.7 79.6 75.7 78.9 74.8 76.5 73.7
69.1 70.4 68.6 69.3 67.9 63.9 63.8 63.0 61.4 63.0 65.5 65.0 67.5 67.3 66.4 68.6 68.1 67.7 67.1 71.0 70.9 72.1 72.1 72.2 72.7 72.7 71.7 73.8 74.0 74.3 72.1 68.3 68.8 68.6 68.1 67.2 64.9 64.2 64.9 63.6 62.3 61.9 62.8 64.2 65.9 73.6 75.4 78.8 81.6 83.2 80.7 82.2 83.5 82.9 83.0 84.5 80.4 79.8 78.7 82.9 80.2 81.3 83.9 83.7 84.2 84.2 81.1 84.5 81.5 79.8 79.3 76.7 79.7 80.0 77.8 75.0 80.3 73.1 76.6 77.9 79.3 75.1 77.4 75.0
70.8 70.6 71.0 70.2 70.8 67.8 65.3 63.4 63.9 64.5 65.1 65.8 67.8 67.3 69.3 69.1 70.3 67.8 66.9 70.4 69.4 71.6 71.2 72.4 73.9 72.6 70.9 74.8 74.4 74.9 73.5 68.9 69.4 71.0 69.1 67.1 66.5 65.1 63.1 58.9 61.4 60.1 60.4 60.6 62.0 68.2 72.4 78.1 81.6 82.2 82.5 81.9 83.3 83.4 82.0 85.0 82.1 80.1 81.1 82.5 80.6 80.2 82.7 83.6 84.0 83.4 82.7 84.3 82.5 80.6 78.2 75.4 81.7 79.0 77.1 76.0 78.2 76.4 80.3 78.7 79.2 77.2 79.0 76.0
73.2 71.3 70.8 72.0 70.2 74.0 68.6 63.9 64.3 66.9 66.9 65.7 71.4 68.5 66.6 69.6 69.4 68.4 69.8 70.0 73.1 71.8 72.1 71.5 72.4 72.2 72.4 73.9 74.1 74.8 76.3 70.0 69.8 71.7 70.7 67.7 68.9 65.2 65.0 63.1 63.5 59.2 58.1 58.8 60.4 63.5 69.7 75.6 80.6 82.7 81.9 81.9 81.2 82.9 83.0 83.6 81.7 79.4 78.5 80.6 80.8 79.8 84.6 82.9 83.9 83.1 78.5 83.1 82.0 80.4 79.3 73.6 79.7 78.7 77.8 76.8 77.3 76.5 79.7 79.0 78.0 79.4 77.8 76.9
71.2 71.3 72.2 73.6 72.9 73.5 70.7 67.2 64.6 67.9 65.9 66.8 66.5 67.1 65.8 68.6 67.3 70.1 69.6 69.4 68.2 72.5 73.1 72.7 72.4 72.0 71.1 73.4 73.1 74.2 73.0 69.5 70.9 69.7 73.6 68.1 71.3 67.5 65.1 65.4 62.8 60.4 59.9 57.0 60.6 64.4 68.6 72.8 80.2 81.4 81.4 82.6 79.2 83.0 80.5 78.7 82.9 78.3 77.7 79.6 80.5 80.0 84.1 83.7 82.2 83.3 82.2 82.9 84.0 80.3 81.1 73.4 78.5 79.1 78.7 78.2 73.0 80.3 76.4 78.6 77.6 79.0 76.5 77.6
70.0 71.5 73.4 73.6 72.9 72.6 72.2 68.2 67.7 67.6 66.3 68.0 68.8 66.8 68.1 70.1 69.6 70.8 68.2 69.8 69.9 71.1 71.8 72.5 72.8 72.0 69.8 73.7 72.8 74.6 71.0 67.2 69.4 69.3 69.7 69.4 70.9 71.3 65.7 66.2 64.0 62.0 60.2 59.5 57.7 63.6 66.2 71.3 79.3 81.0 81.8 84.2 84.6 84.0 79.6 78.6 80.7 78.8 78.9 78.9 81.0 80.5 83.2 83.8 83.8 82.7 84.2 82.4 81.4 80.6 83.9 72.8 79.1 80.7 78.2 81.3 74.4 81.2 76.7 78.4 77.6 78.7 78.7 76.7
70.3 73.4 72.8 74.1 74.0 72.6 70.4 69.1 68.9 68.7 70.8 71.4 67.7 68.1 68.9 69.9 72.0 71.1 71.2 70.3 72.2 72.3 70.1 71.5 72.0 72.7 71.0 73.2 72.7 73.1 69.0 67.9 69.5 69.2 68.7 69.1 71.0 68.6 68.8 69.8 68.3 65.0 63.8 60.0 58.9 62.6 62.3 69.9 78.2 84.1 82.3 83.4 85.8 84.5 82.0 81.5 82.9 80.2 77.8 79.7 80.1 80.8 83.5 82.9 83.9 80.6 82.5 82.9 80.3 81.6 79.5 73.9 77.0 80.9 80.1 79.3 80.1 80.0 78.0 78.9 76.9 78.2 78.6 77.5
70.9 73.5 73.2 74.1 74.1 74.0 69.5 69.4 71.6 67.2 71.1 70.3 71.0 68.0 71.2 69.3 69.5 71.0 69.6 71.0 70.9 72.2 70.9 71.9 73.0 73.7 71.8 71.2 75.6 72.9 67.8 68.9 69.6 70.0 70.4 69.3 70.0 69.4 70.3 68.9 67.8 68.1 63.4 63.0 58.3 60.3 61.9 66.4 69.9 79.6 82.3 81.0 85.4 84.2 85.2 82.3 82.4 79.9 77.9 80.2 81.0 80.4 84.2 82.3 84.2 83.0 82.8 82.0 79.7 82.4 77.9 71.5 79.6 80.5 78.8 80.3 79.3 78.2 78.5 77.7 80.0 77.5 77.3 79.0
