morphological_analysis/input_data/survey/q07_9/matrix_q07_9s2.txt
north:            -537.50
south:           -1267.50
east:             2691.00
west:              -93.00
rows:                 148
cols:                 278
null:              -999.0
[rows 0 to 37 of 148, columns 168 to 251 of 278]
68.0 68.6 70.2 69.3 64.4 61.5 57.8 55.6 53.7 56.3 56.0 56.3 53.2 57.6 60.6 59.0 59.8 53.2 43.5 48.0 93.0 97.2 100.5 92.0 102.7 56.8 64.4 55.3 54.3 54.7 57.1 62.7 58.9 60.4 63.2 62.3 58.1 60.0 65.0 60.0 62.3 59.9 57.7 59.4 56.5 55.4 57.2 58.1 73.6 130.0 128.1 129.3 125.5 121.8 68.6 68.5 64.8 66.8 55.6 60.4 72.9 73.2 66.8 65.6 64.6 59.5 61.1 55.0 50.0 48.1 47.9 53.9 47.4 45.8 50.6 48.5 45.1 44.1 49.7 58.0 59.3 70.2 74.1 82.0
68.1 69.2 69.9 70.0 64.1 61.7 57.0 55.6 53.5 57.0 55.6 56.2 53.2 57.7 60.6 59.2 59.1 53.3 43.2 48.0 93.3 97.2 100.2 89.9 79.8 57.3 64.9 55.4 54.3 54.7 57.3 62.9 60.6 61.0 63.8 62.2 57.8 59.9 65.9 59.4 61.6 59.8 56.6 58.7 56.6 55.4 57.6 58.0 73.9 129.8 129.0 129.3 126.1 121.9 67.7 69.1 65.3 66.8 57.7 61.5 73.4 73.2 66.9 65.6 65.9 60.0 61.0 55.7 50.2 48.2 48.6 53.9 47.4 45.8 51.4 48.5 44.7 44.1 50.4 57.9 59.2 69.7 73.8 81.8
69.5 70.3 73.8 73.9 67.0 64.7 60.5 57.0 54.4 59.2 59.7 59.7 55.1 58.8 62.7 60.5 62.1 57.4 45.8 50.4 94.2 98.0 101.4 80.1 54.2 57.2 66.5 56.9 54.9 57.0 59.1 63.3 59.0 62.3 65.6 63.8 59.3 61.6 64.0 58.6 62.6 62.1 59.2 58.4 56.5 56.7 55.1 58.3 72.2 131.5 129.7 129.6 126.5 121.3 69.7 70.7 65.9 66.8 56.8 62.7 74.0 74.3 67.9 65.7 66.8 64.7 65.5 57.2 49.1 48.0 49.2 53.7 47.2 45.8 49.7 52.8 46.4 44.2 50.1 57.4 58.2 75.2 73.1 78.7
70.5 73.2 76.2 74.8 70.8 67.9 63.9 59.1 55.4 60.1 60.8 61.9 57.4 63.5 65.3 62.9 63.9 62.5 45.6 51.0 96.3 95.4 88.5 60.2 45.0 59.9 66.5 58.5 59.6 58.7 61.7 64.4 61.1 63.7 65.8 66.3 60.6 62.6 64.8 58.7 61.5 63.4 58.6 58.8 58.5 57.3 52.9 56.9 73.8 130.2 131.6 130.2 128.0 124.4 71.8 73.1 69.9 69.0 56.6 62.8 74.6 74.5 68.7 65.6 68.3 68.2 68.6 61.4 51.2 49.9 46.2 54.6 47.2 47.3 48.3 55.7 47.8 45.7 50.0 56.2 59.0 73.7 72.9 76.7
71.7 74.4 80.7 77.5 73.6 70.5 68.8 62.0 55.7 63.3 64.0 64.4 59.4 65.3 65.7 82.6 66.2 86.5 61.7 52.2 95.9 89.6 59.5 44.2 48.6 59.6 68.2 60.3 63.0 60.0 64.2 65.8 61.4 62.9 66.0 64.6 60.4 64.4 64.2 59.2 60.7 63.5 59.0 59.1 60.9 61.0 57.0 58.1 75.9 130.6 133.5 130.9 127.6 124.5 76.2 75.6 71.3 70.2 58.4 66.8 74.0 74.2 66.9 67.1 79.5 74.5 72.5 68.2 53.0 51.9 48.1 54.9 47.2 48.9 52.2 57.3 50.4 45.5 52.6 57.9 59.7 71.5 69.6 74.6
74.0 74.4 82.2 78.0 75.7 72.6 70.5 67.7 56.6 64.2 69.2 70.2 61.3 67.3 66.5 97.8 112.4 106.8 96.5 68.7 92.5 63.9 43.5 43.8 48.9 62.6 67.6 65.3 66.5 60.2 62.8 65.9 58.8 65.0 66.9 63.5 61.0 65.4 66.5 61.1 59.7 63.2 60.4 62.2 63.4 64.2 62.2 66.6 79.1 130.4 132.9 130.5 128.1 116.6 75.0 76.6 74.2 71.5 59.4 69.8 72.5 74.1 65.5 78.4 89.5 89.6 75.7 70.9 59.1 53.4 47.3 54.6 47.7 48.4 54.3 59.5 50.7 44.2 53.6 59.2 61.2 71.8 67.1 70.8
77.3 75.5 84.1 80.4 79.8 75.1 72.5 69.0 58.7 64.5 70.8 69.9 65.6 70.6 89.9 112.2 110.6 111.6 110.9 84.3 60.9 45.3 44.6 46.9 49.9 63.7 66.2 67.8 68.9 60.7 63.9 67.1 60.6 72.7 69.1 75.5 69.7 71.7 66.1 64.3 63.5 66.0 67.6 72.5 69.3 70.8 70.1 75.5 76.4 113.2 125.9 121.4 110.0 104.1 77.8 78.9 77.0 72.6 67.8 70.6 74.0 74.1 72.6 90.2 97.9 111.3 84.6 79.6 73.3 55.3 51.8 56.2 49.4 50.2 58.2 61.5 50.3 45.2 54.9 59.0 63.6 68.8 65.0 71.8
78.6 76.5 85.7 82.5 80.8 78.7 75.6 70.2 61.0 67.9 74.3 71.5 65.5 76.6 109.7 114.3 112.2 112.2 113.0 104.1 65.9 52.3 46.7 49.0 53.3 66.0 67.3 69.2 70.1 65.1 68.4 71.7 74.3 85.1 82.8 92.4 83.2 79.0 70.6 71.1 71.5 73.5 73.8 79.4 76.1 76.5 83.6 83.2 78.1 98.5 88.8 91.5 92.9 95.2 78.9 80.1 77.4 75.7 69.5 76.2 74.6 74.2 82.0 99.3 110.2 119.9 112.0 101.0 83.7 64.8 51.3 57.4 49.3 52.3 56.2 62.2 54.7 45.9 56.5 60.8 63.3 65.5 62.5 70.5
83.0 79.7 85.1 84.8 84.3 89.6 77.3 76.8 60.1 78.2 75.1 84.6 94.7 108.1 113.9 115.5 112.1 112.4 112.7 109.3 90.1 74.1 53.1 53.9 54.4 71.8 69.4 71.9 76.8 79.1 79.2 88.2 85.8 98.1 92.2 98.3 91.8 90.3 73.8 79.8 80.8 83.5 82.9 84.1 84.1 86.8 92.6 91.2 85.0 89.4 88.5 84.8 94.2 95.9 78.8 84.1 80.0 81.9 72.1 86.3 77.0 79.4 92.2 107.9 117.1 120.7 121.6 113.8 92.2 73.1 56.7 60.1 49.3 50.7 55.2 63.4 55.2 47.4 56.3 61.1 64.1 61.0 62.9 69.3
104.8 86.9 109.0 96.0 106.0 107.2 108.0 101.6 108.5 103.6 103.2 103.1 109.6 115.4 116.3 115.6 112.0 112.7 113.2 111.3 103.8 88.7 78.7 69.2 68.8 90.9 68.0 92.2 97.9 96.1 89.2 100.9 95.3 104.4 101.9 104.2 99.8 100.0 101.8 92.4 93.7 99.2 91.7 94.8 98.2 97.5 102.7 98.9 95.8 90.2 86.5 88.8 92.3 95.0 85.2 95.1 89.8 92.5 87.8 93.2 89.9 92.5 105.7 116.7 117.0 120.9 122.1 120.4 109.6 80.4 71.2 63.7 54.7 57.9 56.7 64.7 54.7 49.9 52.7 63.8 66.0 57.9 65.3 69.3
116.6 115.4 116.4 116.1 115.9 117.0 115.0 113.9 115.0 115.3 119.9 114.2 115.7 117.3 114.3 114.9 113.7 111.9 111.3 113.8 110.2 111.9 110.9 106.2 106.6 111.9 108.0 108.2 106.8 109.8 99.5 108.0 107.8 110.1 110.3 110.7 108.9 107.5 110.8 108.2 109.4 112.8 100.0 104.9 108.6 106.3 112.0 107.2 105.1 97.0 96.3 101.1 96.2 104.0 98.6 105.2 99.2 105.4 90.0 100.1 103.2 107.5 113.1 123.6 120.8 123.7 123.5 122.1 118.0 93.2 90.3 69.4 63.5 65.0 60.8 62.5 55.1 52.8 53.1 64.4 65.8 58.2 64.5 68.7
119.4 115.9 116.9 116.5 116.4 116.5 115.1 116.7 116.7 115.2 118.9 116.5 118.7 118.2 118.6 114.9 112.8 113.4 113.5 115.0 114.4 113.0 113.7 115.3 114.1 114.8 111.5 113.8 116.5 115.3 115.3 115.6 113.2 113.0 116.6 115.8 116.1 114.4 119.5 116.2 115.8 117.3 109.7 116.7 116.8 113.8 119.8 115.0 111.0 111.8 108.9 113.0 112.6 113.4 109.5 111.6 111.6 113.0 106.9 106.5 112.2 115.3 118.8 124.4 122.1 124.2 123.3 122.1 122.7 106.5 107.9 87.9 83.7 86.8 71.8 65.7 59.0 79.7 54.8 66.2 68.2 60.1 67.9 70.8
119.0 115.8 116.7 116.3 115.8 116.5 116.7 115.8 117.3 115.7 115.6 118.0 118.5 118.6 119.5 114.2 113.1 113.9 111.3 115.4 115.2 113.9 113.5 115.3 115.0 114.8 113.8 115.5 119.0 117.0 117.1 116.4 116.7 117.1 117.4 118.3 120.6 118.9 120.7 118.6 118.6 119.1 119.6 119.1 121.1 119.6 120.0 117.8 115.7 117.4 117.4 118.2 119.7 115.1 116.9 114.9 114.3 116.9 119.7 112.4 118.9 121.8 122.0 125.5 124.4 124.2 125.6 123.6 127.0 117.1 123.7 109.0 109.3 102.4 109.9 78.0 67.5 105.1 102.3 80.4 66.8 70.9 66.6 77.6
117.9 116.4 117.7 117.0 116.9 117.5 117.0 117.1 117.0 116.1 115.8 118.9 119.7 118.5 119.1 114.3 114.2 114.0 112.1 115.1 115.4 114.2 113.6 116.2 114.7 114.8 115.8 115.4 116.2 118.6 117.4 117.6 117.8 118.2 118.9 119.5 122.3 118.6 120.4 119.7 121.0 122.1 121.7 121.4 121.5 121.2 120.9 118.7 116.7 116.9 117.6 118.5 118.5 115.6 116.9 117.5 116.8 120.2 119.8 118.6 121.0 122.3 124.7 126.4 127.5 125.1 123.5 123.9 125.9 125.4 124.0 123.3 120.5 121.2 114.3 124.3 78.7 117.4 117.9 101.3 116.0 116.7 117.3 112.0
118.5 115.1 116.8 116.0 115.5 115.8 114.7 113.7 116.5 115.3 115.6 120.8 118.9 117.9 120.6 114.3 113.2 111.3 111.9 113.6 116.5 115.9 113.6 115.3 114.2 113.8 115.8 115.6 116.2 116.8 116.9 117.8 114.2 118.5 119.0 119.1 121.7 118.5 121.7 120.5 121.8 122.7 121.6 120.6 120.6 120.3 119.1 118.4 116.5 116.5 119.5 118.4 118.8 116.4 117.0 118.5 117.9 118.7 120.5 120.0 122.5 121.7 125.7 125.5 127.7 125.6 124.2 122.6 126.4 129.2 128.2 126.8 127.7 125.4 124.7 124.6 124.0 123.9 124.7 125.9 127.2 125.8 123.8 124.5
106.4 106.2 112.4 100.9 109.9 87.2 113.2 96.1 115.7 105.5 112.7 113.5 117.0 110.2 116.4 100.6 114.0 88.0 111.7 110.2 112.9 111.1 112.9 113.3 110.2 110.1 113.5 113.2 116.7 114.7 119.1 116.6 112.7 116.7 117.7 119.1 121.7 117.8 121.2 119.8 119.5 118.1 120.5 120.9 121.4 119.8 115.9 118.5 116.7 116.1 120.7 120.1 118.6 115.8 117.6 119.7 118.1 116.1 118.0 121.4 121.4 123.2 127.1 125.9 128.7 124.3 124.7 122.5 126.3 129.0 127.3 126.6 127.4 126.0 126.3 126.7 126.6 125.0 124.8 127.9 130.5 127.6 126.4 126.2
62.4 62.3 61.0 62.1 63.6 69.8 66.7 71.0 67.3 68.4 59.5 85.6 53.6 79.5 58.0 58.9 56.3 59.4 60.7 101.4 105.4 80.5 109.4 104.9 94.0 99.6 111.7 95.7 111.3 109.8 112.3 111.4 109.1 111.7 115.3 115.9 117.0 112.8 116.3 117.7 118.1 115.9 118.2 118.2 121.1 115.4 115.0 115.1 117.2 111.3 119.2 118.4 118.5 115.1 118.0 117.9 117.1 114.6 119.2 121.9 123.1 123.2 125.2 123.8 125.6 123.6 121.9 122.7 127.9 128.3 126.6 125.0 125.8 125.4 124.2 126.5 128.6 126.4 125.5 127.8 129.3 127.2 127.0 126.3
62.3 59.9 60.2 60.8 61.8 64.0 63.5 66.0 67.5 63.3 57.4 56.6 52.3 52.7 52.2 54.4 55.7 55.2 61.6 59.7 59.9 62.6 59.7 59.6 63.8 67.2 63.5 68.0 71.5 80.8 73.1 92.2 72.4 97.5 79.9 105.8 110.6 96.2 113.2 113.7 116.1 113.1 116.5 106.6 112.3 105.1 93.1 104.5 76.3 95.2 83.5 109.8 110.6 109.6 100.9 101.3 116.7 111.9 113.0 118.2 123.1 121.7 121.7 121.1 120.2 122.7 120.6 120.7 126.3 126.3 127.2 124.5 125.9 125.1 127.3 126.0 125.7 124.2 127.8 129.7 126.7 126.2 127.0 124.7
64.2 61.6 59.8 61.0 61.4 63.9 62.3 65.7 66.9 63.9 57.3 51.6 49.1 51.5 51.0 53.3 54.8 53.6 58.9 57.0 57.3 59.1 58.0 60.6 63.8 64.8 65.3 64.7 67.9 71.1 69.0 73.9 73.0 74.9 74.4 74.8 81.2 75.8 74.5 101.6 103.6 97.8 77.0 79.9 79.5 78.0 81.2 76.8 76.4 77.3 77.1 78.5 75.5 78.6 81.5 79.7 80.1 75.6 75.2 107.9 108.8 108.0 119.0 119.6 116.3 117.2 119.6 118.8 121.5 117.5 122.7 119.2 124.4 123.0 127.1 122.1 124.0 123.6 123.0 126.2 125.2 124.7 125.8 120.5
64.6 63.3 63.6 63.0 62.0 65.4 63.8 67.4 66.6 64.2 55.9 50.2 49.5 47.6 48.2 51.6 56.1 54.8 59.8 54.4 57.3 57.3 58.2 61.1 63.1 64.7 65.4 65.2 67.9 70.4 68.3 70.6 73.4 73.3 72.7 75.8 74.1 72.5 75.9 72.7 82.4 76.5 76.1 76.5 79.3 77.7 73.8 76.8 77.3 76.7 76.8 76.0 76.1 78.3 77.0 77.9 77.1 76.2 76.4 76.5 75.5 74.3 79.1 105.7 76.3 104.3 102.3 85.1 109.6 95.5 112.1 108.6 117.8 106.5 119.1 112.9 120.3 99.4 118.9 109.1 123.6 120.5 125.0 76.8
69.1 69.7 65.4 64.8 62.8 66.4 64.2 66.0 64.6 59.7 48.5 52.0 48.7 45.3 48.8 50.9 54.7 54.5 54.7 57.1 56.8 57.1 59.4 62.1 62.2 65.4 65.0 66.0 66.3 68.5 68.8 69.6 70.0 71.3 71.6 76.1 73.6 75.0 76.1 76.3 75.8 74.8 75.8 77.4 77.8 78.3 77.2 77.9 76.6 77.4 76.7 77.1 75.9 76.5 76.3 77.0 75.2 76.3 73.0 74.2 75.7 73.5 75.1 76.1 73.6 80.7 80.0 78.8 83.2 78.6 74.6 79.3 75.9 77.6 81.7 79.3 87.7 78.1 76.0 79.9 76.6 78.6 73.7 74.8
73.1 70.5 66.6 66.5 64.1 66.6 65.0 67.3 65.0 55.2 50.7 54.1 47.4 45.2 47.9 51.5 53.3 55.1 55.3 57.6 58.7 57.5 59.4 62.0 61.7 64.8 64.3 65.9 66.3 68.5 66.1 69.3 72.5 71.0 71.1 74.6 72.5 73.0 75.6 76.5 76.1 75.8 78.4 78.4 78.1 79.2 76.7 78.0 77.2 78.2 77.0 75.8 76.4 78.7 76.5 76.1 77.4 75.6 72.4 72.9 74.0 72.6 74.2 76.0 72.0 79.6 78.6 76.0 77.9 77.0 75.4 76.4 76.5 79.0 81.5 77.2 76.7 76.8 79.9 75.6 75.4 75.6 73.1 70.9
73.5 71.3 69.7 70.2 66.0 67.2 66.8 65.5 64.6 54.3 51.9 49.2 45.3 44.8 46.3 50.6 51.7 55.7 55.3 58.0 58.6 59.6 59.7 61.7 62.4 63.3 65.7 66.0 66.9 64.5 67.4 67.5 70.3 70.1 70.1 72.9 73.3 73.4 74.4 73.6 76.2 78.7 75.0 80.0 79.6 79.4 78.3 77.4 77.2 77.5 78.7 77.9 77.7 79.0 77.9 76.8 80.0 75.1 72.5 74.7 75.3 73.1 75.3 76.4 75.8 79.0 78.6 76.5 77.5 76.7 72.5 75.1 79.0 78.1 78.1 77.4 79.1 75.5 74.2 77.7 77.7 75.8 72.8 70.9
74.0 72.5 74.3 72.1 67.9 68.0 68.4 64.3 65.2 54.6 53.1 46.9 42.3 44.2 45.6 50.0 52.1 55.1 56.7 58.4 59.5 60.1 61.9 61.5 61.2 63.6 63.7 66.2 67.9 66.7 68.0 67.0 66.2 69.5 69.7 72.0 72.4 73.3 75.2 74.5 77.7 79.4 77.7 78.8 78.1 78.5 78.6 78.9 77.7 78.8 79.2 78.0 76.6 77.6 75.9 75.1 76.7 74.1 74.7 75.6 74.7 73.9 75.9 76.5 77.6 78.1 77.5 78.2 78.6 76.8 77.4 76.7 76.1 76.5 76.8 77.3 79.0 77.2 77.0 76.6 77.3 76.0 75.8 73.2
73.1 73.1 71.1 73.7 69.3 66.9 68.5 62.9 64.5 56.1 55.2 47.2 44.3 44.5 47.8 51.1 53.9 55.8 55.7 59.0 59.7 60.6 62.3 63.2 63.4 63.4 66.3 65.6 66.3 67.8 71.0 68.1 65.7 67.6 71.6 72.8 75.6 72.5 74.4 77.0 76.6 79.1 77.1 78.2 78.4 79.4 77.6 78.0 78.3 79.8 79.4 78.7 80.2 77.6 77.4 75.4 75.8 73.7 74.6 76.1 74.8 73.9 76.3 75.6 76.4 79.1 80.2 80.7 78.9 77.8 80.4 77.4 77.4 78.9 77.7 76.6 79.2 78.1 78.0 77.2 79.4 76.2 75.6 72.9
73.5 72.9 73.9 72.0 72.8 66.3 63.1 60.7 59.3 58.0 56.4 46.6 43.8 47.8 51.7 52.7 53.6 56.9 56.5 59.8 61.3 60.4 60.8 63.7 63.2 62.5 64.5 63.6 67.4 68.4 68.1 69.8 66.8 68.6 70.3 72.8 70.9 72.0 74.8 77.5 80.7 80.3 76.2 78.2 80.9 79.8 81.2 78.6 77.4 78.0 78.1 79.7 79.5 78.3 74.7 76.9 76.3 74.9 75.7 76.6 75.4 74.0 77.0 75.0 78.4 79.0 80.2 81.7 79.0 79.5 78.3 79.1 76.8 76.9 78.0 75.1 75.1 76.0 80.8 76.8 77.5 78.1 75.0 74.0
73.8 73.0 72.6 72.2 71.8 66.4 61.8 59.4 60.6 59.2 61.7 47.9 45.0 49.9 52.7 54.6 54.8 58.1 57.6 60.7 60.9 62.8 64.0 64.0 63.4 63.6 62.8 65.7 66.4 67.2 67.8 69.6 59.8 68.9 69.1 72.7 73.9 72.3 73.9 75.3 76.8 82.8 76.3 81.3 81.3 80.4 79.6 79.8 77.9 79.8 79.6 80.2 80.5 78.6 74.3 75.3 73.5 74.5 77.6 77.6 77.4 75.2 77.1 75.3 75.9 78.7 79.4 80.5 78.6 81.7 79.2 80.0 80.4 78.1 78.8 76.5 78.3 77.2 76.9 77.1 78.1 77.8 75.2 74.0
72.4 72.9 74.8 73.6 71.0 66.5 57.8 60.2 59.2 59.8 62.1 48.7 49.5 54.7 53.8 55.3 58.2 59.0 60.4 63.8 63.1 63.5 65.2 63.6 64.9 65.4 64.9 66.0 66.6 66.3 66.9 68.7 67.2 70.4 71.1 71.1 74.1 71.2 71.1 73.3 77.4 80.3 76.4 80.2 80.4 79.9 78.1 80.5 79.9 79.3 78.8 80.1 79.5 77.7 78.8 77.2 78.4 75.8 76.0 77.2 77.1 76.9 77.3 75.7 78.2 79.2 81.7 81.1 79.3 80.5 79.0 76.9 78.9 78.1 77.9 78.2 77.1 78.0 76.9 77.1 77.7 76.3 73.6 74.2
73.8 72.9 76.2 73.4 72.8 65.5 57.5 63.5 58.3 61.2 60.1 51.7 53.9 56.6 57.0 56.9 58.7 59.8 63.7 62.8 64.2 63.7 64.4 64.7 66.1 65.4 64.8 65.3 65.1 65.8 66.1 68.7 69.2 66.5 71.1 70.5 69.9 70.4 71.1 73.7 75.9 77.8 79.5 81.3 79.3 80.3 81.6 81.0 81.4 79.2 80.2 79.7 80.2 78.8 77.0 77.8 78.4 76.6 77.4 75.9 80.1 80.1 76.4 77.0 77.6 80.3 79.6 80.7 80.6 80.1 79.7 77.8 81.0 77.7 77.1 78.1 77.4 78.6 78.3 78.8 76.9 75.7 81.0 75.8
72.1 74.0 75.8 73.1 68.9 64.1 61.5 63.7 60.5 59.8 59.2 56.0 56.9 57.9 60.5 58.6 60.0 60.5 62.3 63.8 63.1 64.8 64.5 64.3 64.4 64.9 63.3 65.5 67.3 65.5 68.0 68.4 69.9 70.1 70.0 69.2 75.4 71.3 75.0 75.5 75.2 76.3 79.9 81.4 81.3 81.3 79.6 80.9 79.2 78.4 82.3 79.3 78.6 80.6 78.1 77.3 75.6 76.8 78.0 79.3 78.9 79.6 80.5 78.3 79.4 80.4 79.3 81.4 81.9 81.2 77.6 76.7 78.0 76.7 79.6 78.2 77.8 77.7 77.2 79.9 79.0 75.0 78.7 76.6
72.3 71.7 74.5 73.2 66.9 64.4 61.1 61.9 61.7 61.1 62.4 57.1 56.5 58.8 60.1 60.2 61.6 62.3 64.3 65.3 66.2 66.1 63.4 64.4 65.7 64.7 64.1 65.4 65.8 64.6 67.3 68.3 73.4 69.8 70.3 70.2 73.2 71.6 74.0 74.8 73.3 75.2 80.4 82.5 82.8 81.4 78.7 81.8 81.5 80.3 79.5 78.8 79.4 80.4 79.7 77.1 77.2 77.6 79.2 79.4 77.2 78.3 80.0 78.7 78.7 79.7 80.0 81.9 82.2 81.6 77.5 77.6 80.2 78.6 77.8 78.3 77.6 77.7 78.2 79.7 75.4 75.3 79.0 77.3
72.4 70.9 78.8 73.7 69.8 66.0 61.0 61.8 59.7 63.7 63.4 62.1 64.4 63.0 59.3 62.5 61.3 64.5 65.1 65.6 67.3 67.4 67.4 65.4 65.5 65.9 65.8 66.4 66.3 64.4 67.4 68.0 72.6 69.5 69.8 68.8 71.9 71.6 72.4 76.0 75.7 75.0 79.7 82.7 84.9 81.3 84.1 81.9 81.3 79.7 78.8 79.8 79.4 80.3 79.6 78.7 78.6 76.6 79.5 79.9 78.1 80.3 81.0 79.7 76.8 79.4 81.2 81.8 83.1 80.8 80.7 77.5 79.5 78.9 79.3 79.0 76.8 79.0 77.4 79.3 79.3 75.9 79.2 74.9
72.5 71.6 72.6 73.2 70.8 66.5 63.7 60.3 60.0 63.2 63.2 65.0 68.9 65.4 64.0 64.2 64.4 65.3 65.3 66.5 67.0 67.3 66.4 66.6 63.9 65.0 64.2 65.9 68.5 63.8 66.1 67.4 69.6 69.7 67.8 70.9 70.8 72.5 75.4 72.9 74.9 74.6 83.0 81.0 82.7 79.1 82.3 82.4 81.5 79.9 80.2 79.0 78.2 80.2 81.0 77.6 80.2 76.7 79.5 80.5 77.5 79.6 80.2 80.6 79.8 81.2 83.3 81.4 82.9 81.5 79.3 77.0 81.4 77.4 80.9 77.6 78.3 76.1 74.7 78.2 77.6 77.8 78.4 76.0
72.6 70.6 70.8 73.0 71.3 65.7 65.1 61.0 61.8 63.2 65.0 67.6 67.5 67.5 64.7 65.9 67.5 66.6 69.2 68.3 70.2 67.9 65.2 64.4 64.6 63.4 63.9 65.6 65.3 64.4 67.2 67.6 68.8 69.7 68.4 71.1 71.0 72.2 75.1 72.5 74.7 69.2 81.1 82.5 82.0 79.5 81.7 82.0 81.8 80.6 80.0 79.4 79.1 79.8 79.1 77.7 77.7 79.2 78.1 79.6 80.2 77.5 80.6 79.8 80.8 80.2 81.7 80.5 80.5 82.4 78.1 78.0 80.6 77.9 77.6 77.7 77.8 78.7 77.5 77.8 78.7 80.4 77.6 76.8
74.2 70.4 70.9 72.6 73.7 66.8 64.8 62.5 62.4 62.9 67.0 67.5 70.5 70.4 68.5 67.9 68.8 69.6 67.9 67.9 67.5 68.3 66.1 66.2 64.0 63.4 68.8 65.4 67.6 65.8 67.3 67.2 71.9 69.0 69.0 71.1 71.0 72.0 70.8 74.8 72.4 68.8 74.5 81.2 83.9 79.7 79.1 81.6 79.8 81.6 80.1 79.1 80.5 79.8 79.9 78.1 79.3 79.1 76.6 75.7 80.6 77.3 78.8 80.8 80.6 80.8 80.3 80.3 82.6 82.7 81.0 77.7 77.0 80.2 79.4 78.7 77.5 79.4 78.7 78.7 78.4 79.6 77.3 76.3
74.3 71.0 68.7 71.5 71.9 66.1 65.1 62.3 67.6 62.4 67.4 67.9 71.4 72.8 68.2 67.6 68.6 68.9 68.6 67.4 66.2 66.7 65.7 65.2 64.9 65.2 65.2 66.3 70.2 65.8 66.1 66.8 68.0 68.8 69.9 71.1 70.6 71.9 72.7 74.8 73.6 73.3 73.0 81.1 81.5 80.4 81.5 81.6 80.9 81.2 79.0 79.2 79.5 79.9 78.8 79.4 80.0 80.2 78.5 76.6 80.4 78.4 79.9 82.6 79.6 81.4 81.3 79.8 82.1 81.1 80.4 77.0 81.8 78.5 78.3 77.9 80.9 79.7 79.3 80.0 77.7 78.3 78.1 76.9
73.2 72.6 70.7 72.8 73.1 64.4 66.5 65.0 66.1 62.4 69.1 71.4 72.3 74.1 68.8 67.4 68.8 68.7 65.0 65.1 67.2 67.0 64.7 65.8 65.6 65.6 63.9 67.3 64.9 67.5 69.7 66.3 65.7 70.0 68.9 72.5 72.5 72.6 75.1 73.7 73.8 73.6 70.7 80.1 80.9 80.3 80.1 81.3 81.4 80.9 79.1 79.7 80.5 79.5 79.4 81.0 78.8 79.6 79.7 79.1 80.3 79.4 80.3 80.0 77.8 81.7 80.7 81.4 81.1 80.9 78.2 76.2 80.0 79.8 77.9 77.0 78.6 79.4 78.8 79.6 77.9 78.8 79.4 78.1
73.6 71.9 73.2 73.8 74.7 64.0 66.4 66.8 64.8 63.6 68.1 73.9 74.9 74.0 69.0 66.8 66.7 66.4 65.5 69.9 68.5 67.9 65.8 69.3 66.1 66.1 65.7 66.7 67.5 68.3 67.4 69.2 68.2 70.2 67.5 70.1 72.3 72.4 73.4 73.5 74.3 74.4 69.3 78.0 81.5 80.5 81.5 80.6 79.9 80.7 80.6 80.7 81.7 79.9 79.0 79.6 78.6 77.8 80.3 81.9 82.6 77.6 80.5 79.7 80.3 81.1 80.5 82.0 79.2 81.3 77.9 75.3 80.7 80.0 82.1 77.7 77.9 79.7 79.1 79.6 79.3 79.1 77.7 79.6
