morphological_analysis/input_data/survey/q07_9/matrix_q07_9s2.txt
north:            -537.50
south:           -1267.50
east:             2691.00
west:              -93.00
rows:                 148
cols:                 278
null:              -999.0
[rows 0 to 37 of 148, columns 84 to 167 of 278]
49.2 60.4 95.9 118.7 54.1 58.1 55.7 60.7 57.0 57.2 58.1 55.0 53.9 51.6 57.0 49.0 51.1 52.7 57.5 -999.0 53.9 49.4 49.6 62.4 52.3 51.7 -999.0 59.8 49.1 53.4 59.5 58.4 59.3 63.1 58.2 61.5 60.5 65.7 68.6 70.0 67.5 64.2 62.1 58.2 59.7 68.4 61.6 59.4 56.8 51.1 54.3 51.9 56.1 60.3 59.3 65.7 68.3 72.1 68.6 62.7 63.7 67.3 64.2 66.8 66.3 66.8 65.1 70.5 70.0 62.1 61.9 61.2 64.6 64.4 66.1 67.7 62.4 64.8 62.0 54.2 63.1 61.8 69.3 67.2
46.9 59.9 92.1 119.0 56.4 57.7 55.0 60.7 58.5 57.2 57.6 55.0 53.8 51.7 57.1 49.2 53.0 52.8 57.5 -999.0 54.8 49.5 50.1 62.2 50.7 51.7 52.3 60.0 51.3 53.1 58.9 58.5 59.1 63.6 61.0 61.5 59.9 65.5 68.2 70.2 67.0 64.4 61.9 58.3 59.0 69.3 61.0 59.4 56.8 53.2 54.3 52.8 58.2 61.0 61.1 65.6 68.3 72.1 70.9 62.9 63.0 67.1 64.3 66.9 66.2 67.9 68.3 70.4 70.0 63.3 61.7 61.3 64.6 64.4 65.9 67.7 61.7 64.8 61.1 54.3 63.1 61.8 69.3 67.0
59.6 94.8 120.9 118.8 61.7 63.4 58.6 60.7 61.4 58.8 59.2 56.0 54.7 52.8 57.0 49.1 56.2 54.0 58.8 60.7 56.7 52.3 51.3 67.0 55.0 54.2 52.7 60.1 53.6 59.4 63.6 58.3 61.3 63.3 63.8 63.6 62.7 67.4 70.1 73.3 67.6 66.4 64.0 60.0 61.4 69.9 64.0 60.7 60.8 57.5 57.2 55.3 57.5 62.6 62.3 67.8 69.1 72.1 73.9 64.8 66.3 70.2 66.8 69.4 68.8 68.3 72.0 74.0 75.6 65.9 63.2 62.7 64.2 63.9 65.7 68.4 65.1 66.6 61.8 54.0 63.8 62.3 70.0 70.9
95.0 119.5 120.4 121.0 89.6 102.8 64.7 61.3 62.9 59.5 61.1 59.9 55.6 55.5 58.4 50.5 57.2 57.2 58.6 60.7 58.2 54.2 52.9 69.9 56.3 55.3 50.7 62.8 54.5 60.6 65.8 59.5 64.0 67.1 67.6 65.9 64.9 67.7 71.6 75.1 70.8 70.2 65.4 62.6 62.5 69.2 66.1 63.2 61.4 60.5 76.8 66.4 79.8 74.0 65.6 69.2 72.4 72.4 75.2 66.6 68.3 71.5 71.0 71.9 71.8 72.6 76.3 77.6 76.0 68.8 62.7 64.9 64.3 63.9 65.8 69.5 64.8 68.9 63.8 56.5 67.0 63.3 68.8 75.8
117.3 121.2 121.3 121.2 97.6 112.9 89.6 62.1 66.6 61.0 62.8 60.9 58.2 56.5 59.2 54.5 58.5 61.8 60.7 60.4 58.6 55.4 58.6 72.8 62.0 58.9 49.9 63.6 56.5 63.1 65.4 61.2 63.5 69.5 69.4 69.7 68.9 70.0 74.2 76.8 73.1 73.0 66.7 64.5 64.4 72.4 68.6 63.8 61.7 84.1 113.5 118.6 118.8 119.5 93.2 70.9 72.8 76.1 78.0 69.8 72.8 73.8 75.2 74.0 72.9 76.1 79.9 79.7 79.0 70.8 65.7 65.3 65.6 63.7 66.7 71.3 69.1 72.7 67.5 58.1 68.9 65.1 71.6 79.5
117.8 121.0 121.2 121.4 119.8 116.8 114.6 71.8 79.6 65.6 65.3 62.4 60.5 59.8 59.3 56.2 61.2 63.1 62.9 60.1 60.6 56.0 61.9 75.7 66.7 65.3 55.2 64.0 58.4 64.5 68.7 63.3 64.3 72.0 72.3 72.8 71.7 70.8 76.1 77.6 74.1 74.3 73.6 65.4 65.7 72.7 71.0 66.8 69.8 108.4 118.8 120.4 118.3 122.8 107.6 75.0 72.7 78.2 79.7 71.9 72.6 76.2 77.3 76.0 74.9 79.7 81.5 81.2 83.2 73.1 65.7 67.5 66.7 66.3 67.7 74.9 71.2 75.9 68.7 59.3 70.7 67.2 72.1 81.4
118.8 119.9 121.4 119.6 118.0 118.7 119.3 119.2 102.8 70.5 67.8 68.1 62.0 64.1 60.5 60.9 63.8 65.0 65.4 65.6 64.0 60.4 63.4 81.9 67.6 72.9 54.8 67.6 64.4 66.9 69.2 64.9 65.6 79.2 74.9 75.4 73.1 73.3 77.6 78.2 78.7 77.4 73.2 69.0 68.4 75.6 69.2 70.1 85.8 118.5 120.8 119.9 120.3 122.8 114.9 90.2 72.6 78.7 80.3 76.2 76.2 78.6 77.4 78.1 79.8 81.8 83.8 81.8 83.9 77.0 68.0 68.9 70.9 66.2 68.6 78.2 75.4 76.3 71.0 61.6 71.2 69.3 73.8 83.3
125.1 122.0 120.9 121.6 122.1 119.3 119.3 122.1 115.4 113.3 89.5 109.0 70.8 93.4 61.2 72.3 72.0 97.6 66.1 74.4 63.5 72.8 67.3 106.7 71.9 110.7 59.8 71.8 68.4 83.0 73.3 71.1 68.6 86.3 81.2 80.9 73.8 76.2 79.9 79.9 78.6 80.6 74.5 75.5 69.9 79.5 70.9 96.6 111.5 120.1 121.4 120.5 120.3 121.3 119.3 105.3 77.7 81.8 81.2 86.5 80.0 82.5 78.7 83.4 81.5 84.5 84.8 84.8 84.9 80.2 71.0 71.8 70.1 72.9 70.5 80.9 78.1 80.2 74.1 66.5 72.7 73.4 75.9 84.8
129.6 122.6 122.1 121.5 121.9 121.0 122.2 124.8 117.7 120.6 111.3 119.7 115.1 120.7 91.3 117.3 78.6 119.8 86.6 115.2 63.6 115.3 116.8 112.6 78.1 117.2 56.3 95.8 107.3 103.9 91.7 73.9 92.1 114.1 100.8 81.9 82.9 93.5 94.1 98.8 102.4 100.3 74.5 106.5 107.6 106.0 100.8 113.9 121.3 121.1 119.1 120.6 119.9 121.3 121.1 118.3 113.7 107.6 105.5 107.8 106.5 91.4 92.0 87.5 83.4 89.3 85.3 94.8 86.1 84.4 73.6 76.7 69.8 87.9 73.5 93.7 79.6 83.2 77.0 75.6 78.7 76.0 78.3 86.3
125.8 122.4 121.9 121.4 122.0 119.9 122.5 123.6 124.2 122.4 123.4 123.6 121.6 121.9 121.3 121.4 108.1 122.1 119.0 120.6 84.7 122.0 122.0 122.6 110.9 121.6 119.8 123.5 114.9 122.4 103.8 120.8 122.4 122.4 120.6 120.7 121.3 119.2 118.2 121.9 119.5 114.0 74.5 121.4 120.5 121.7 115.8 121.4 124.8 124.1 120.6 121.1 122.0 120.8 124.4 124.7 122.1 120.3 119.7 120.3 120.6 117.7 121.1 116.7 117.4 118.0 117.9 117.5 115.6 118.9 119.9 114.9 119.6 113.7 109.9 115.6 116.0 108.6 114.6 109.8 113.1 101.3 106.6 93.5
124.6 121.8 120.6 121.4 122.5 121.1 123.9 123.1 126.4 123.9 123.2 123.4 122.5 122.4 122.6 121.7 121.7 122.9 122.4 122.4 122.3 123.4 122.4 123.0 116.6 123.1 122.2 124.6 122.5 124.5 123.9 124.7 122.6 121.5 122.0 121.0 120.3 121.9 120.7 122.6 119.9 122.7 113.9 123.0 121.9 122.8 123.8 124.7 124.2 123.8 120.7 120.7 121.1 120.1 124.7 127.4 125.3 123.4 121.5 120.5 120.1 119.8 120.9 119.6 121.0 119.8 119.2 120.0 120.1 120.3 120.3 119.9 121.2 120.0 120.3 120.8 121.0 120.1 120.3 116.8 117.1 117.5 115.6 115.3
128.3 121.1 121.6 120.5 122.5 121.8 122.8 122.9 126.6 122.8 122.0 122.9 122.3 122.4 122.9 121.5 123.4 122.7 122.2 121.8 122.4 123.3 122.5 123.0 123.6 124.3 123.9 123.9 124.2 123.7 122.9 124.2 122.2 123.3 122.5 120.8 121.2 123.0 120.8 123.2 120.0 122.7 111.7 122.6 122.3 122.6 124.8 124.7 124.8 124.7 120.8 121.3 119.9 120.3 122.6 127.4 125.1 124.1 121.7 120.5 119.7 119.8 119.2 120.1 120.1 119.8 120.3 120.4 119.7 120.2 121.5 119.7 119.2 120.8 119.8 120.9 121.7 120.1 119.1 117.3 117.1 118.0 118.1 117.5
122.2 115.5 116.6 111.4 121.1 121.9 122.4 122.2 120.2 119.3 121.9 121.4 122.0 120.4 121.1 119.6 121.8 122.3 122.1 121.1 121.7 123.0 122.7 123.1 122.8 122.9 122.4 124.0 124.3 124.3 124.0 123.5 123.7 124.0 122.1 120.6 122.0 122.5 121.5 123.1 120.7 121.8 123.0 121.7 123.0 122.6 123.7 124.6 125.4 125.2 121.1 122.0 121.7 120.9 124.0 126.6 124.6 124.2 123.2 121.0 122.1 120.4 119.9 121.5 121.0 119.5 120.2 121.8 121.1 119.8 121.5 119.4 118.9 120.7 121.0 120.8 122.3 119.8 120.1 117.6 117.7 118.1 117.4 118.0
118.4 80.0 120.8 82.6 88.3 114.6 108.5 103.3 120.8 115.2 116.4 100.1 120.1 118.0 120.4 107.1 121.6 111.0 116.3 119.8 118.5 120.3 122.3 121.5 123.0 119.8 120.0 124.6 124.6 122.3 124.6 121.1 123.7 123.4 120.0 112.6 120.2 115.8 121.7 118.4 121.7 108.1 124.5 119.8 120.6 120.6 123.3 124.7 124.4 122.3 120.9 120.1 121.9 119.8 123.1 124.0 124.1 121.5 122.1 120.2 121.0 119.4 121.7 116.0 121.3 119.0 120.5 117.0 119.2 117.6 119.4 120.7 116.5 120.3 120.4 120.6 121.4 120.5 119.3 116.6 116.3 116.8 119.1 117.3
70.1 72.4 71.9 74.8 79.5 77.5 75.4 78.6 75.8 84.5 75.7 77.7 105.9 104.8 80.2 75.2 118.2 92.8 106.7 115.7 110.1 111.7 121.3 114.1 121.1 75.5 120.9 116.7 122.2 108.8 121.8 103.2 122.3 114.0 121.8 71.1 111.4 103.6 121.7 116.0 113.6 89.5 120.8 107.0 120.1 94.1 120.1 114.9 124.5 114.5 119.6 109.5 119.8 115.5 115.0 99.9 118.4 100.5 115.4 114.6 111.3 102.9 117.2 113.0 120.2 87.8 118.0 71.9 116.6 111.9 121.4 117.6 119.5 111.0 120.6 119.2 120.9 120.8 117.8 114.6 117.7 114.1 119.2 115.4
71.3 71.7 70.8 74.5 79.0 73.1 78.3 76.5 79.5 75.3 75.8 76.2 78.1 75.6 77.2 73.8 73.5 79.2 76.1 73.4 73.0 76.0 117.0 80.0 118.9 88.1 81.8 111.2 91.9 84.0 93.1 80.4 75.2 76.0 74.3 65.1 65.8 71.1 70.5 69.8 73.0 72.8 68.1 69.3 70.5 73.4 73.3 78.7 72.9 72.7 74.1 75.2 78.4 75.5 76.7 80.0 92.5 82.0 78.3 79.2 85.2 75.3 74.2 72.7 71.3 71.7 76.3 70.2 69.3 76.3 69.3 102.7 95.7 104.5 113.1 112.8 113.5 112.6 66.3 95.7 59.3 94.2 78.6 108.9
71.2 70.3 70.3 72.4 76.6 73.5 76.0 77.3 75.5 74.7 77.6 77.1 76.5 75.5 75.6 73.5 74.2 72.8 74.2 72.9 75.8 73.2 78.0 77.7 83.8 77.4 79.0 80.1 77.6 78.0 77.2 75.7 78.5 74.6 73.3 66.5 64.9 64.4 65.6 66.3 68.0 65.0 66.9 64.6 69.9 68.2 72.6 71.0 71.4 69.9 71.2 71.4 73.0 74.2 74.4 74.8 78.5 78.8 77.8 79.5 77.0 77.4 75.3 75.0 72.8 71.9 71.0 70.2 69.1 67.9 69.0 73.1 66.1 75.8 70.3 72.4 70.4 69.4 67.3 63.6 58.6 64.3 63.6 64.6
72.8 70.2 69.6 72.2 72.3 73.7 73.6 75.7 76.1 73.2 76.1 77.4 77.0 75.5 73.1 72.8 72.1 72.5 72.3 72.3 72.7 74.2 73.6 75.9 75.7 77.7 79.1 77.9 75.6 78.0 76.2 75.7 75.9 74.5 73.3 68.6 65.5 64.6 65.0 67.9 68.4 66.0 66.7 63.4 70.3 68.8 69.7 68.1 70.6 69.9 70.7 71.5 71.8 73.1 73.0 74.3 77.1 77.3 77.3 81.0 79.4 78.8 77.3 78.5 75.9 74.2 73.1 72.7 73.2 70.8 66.4 70.5 67.4 71.4 70.5 71.1 70.0 70.0 69.7 66.1 61.9 63.4 65.9 62.5
71.9 70.5 68.5 71.9 71.0 72.3 74.6 75.9 77.1 73.7 74.8 77.2 77.6 75.3 76.6 73.3 72.2 72.7 75.0 71.9 70.4 75.6 73.2 75.2 76.3 77.5 78.3 76.6 77.3 76.9 76.5 75.7 77.4 74.8 72.8 68.2 67.7 64.6 65.6 68.4 65.8 66.1 70.5 65.9 68.7 68.5 68.6 68.6 70.0 68.2 70.3 71.2 71.1 73.6 70.7 71.8 74.7 76.1 75.2 78.8 80.6 77.4 80.8 81.0 78.6 78.3 74.1 74.1 75.0 73.9 73.7 72.6 67.3 71.6 70.3 72.5 69.2 69.8 72.1 68.5 66.5 66.8 66.8 64.4
71.3 71.1 70.7 72.4 71.7 70.9 75.4 76.1 77.1 77.3 75.1 77.8 74.1 74.0 74.4 73.6 71.4 71.5 73.4 71.1 72.7 75.6 72.9 75.4 76.8 77.7 78.0 78.1 77.0 77.2 75.6 75.7 76.2 73.9 72.8 70.9 70.0 71.0 67.0 70.0 69.9 69.0 68.8 68.5 70.1 70.6 70.0 67.8 69.1 69.0 70.0 70.2 70.1 74.5 68.4 70.7 72.7 74.5 74.7 77.2 76.8 76.2 76.5 80.9 79.4 80.4 79.1 77.0 78.4 76.2 77.2 75.6 70.8 72.3 72.0 74.0 72.2 71.0 72.6 71.5 70.4 70.5 69.1 67.4
71.7 71.5 72.9 73.5 71.9 72.8 74.7 75.7 77.4 77.9 76.9 76.6 75.3 75.7 73.2 73.3 73.5 73.1 73.1 73.3 73.2 76.3 74.4 77.5 74.5 78.8 77.7 78.7 76.1 78.4 77.8 75.8 76.4 73.4 74.8 72.0 69.2 72.0 71.2 72.9 71.0 69.7 70.4 69.8 72.9 71.3 71.4 70.3 72.4 69.0 69.0 69.9 72.0 73.2 71.2 71.0 70.9 72.4 74.3 76.0 75.7 76.1 75.3 80.7 79.2 81.2 78.2 76.5 80.2 77.4 79.2 76.6 73.4 73.0 74.0 74.0 73.7 72.0 70.4 76.3 72.1 73.6 74.7 70.9
71.4 70.7 73.2 73.7 71.7 73.6 75.7 75.7 77.4 77.5 75.2 76.4 74.5 74.7 73.7 72.9 72.7 72.9 72.8 74.4 73.9 76.6 74.8 76.5 77.4 78.0 77.1 77.9 76.9 79.3 77.1 76.3 75.9 74.1 74.8 74.4 69.0 76.5 72.1 74.9 71.5 70.8 70.9 74.9 72.6 72.5 73.0 71.4 72.0 69.6 71.2 71.9 70.7 74.1 70.5 72.0 70.8 74.7 71.5 74.8 74.3 76.2 76.7 79.8 79.4 79.0 78.1 77.8 79.2 77.7 78.7 78.4 78.5 76.2 75.9 73.7 74.4 72.3 76.8 76.5 76.1 74.3 72.4 73.2
72.8 71.6 72.4 73.9 72.2 73.3 75.7 77.3 77.2 75.5 76.3 76.3 74.2 73.4 74.5 73.5 76.0 72.1 75.3 74.6 73.8 76.6 74.5 76.9 75.4 76.1 77.0 78.0 77.9 79.3 76.4 77.5 74.8 74.8 76.6 74.3 70.6 76.4 73.7 75.2 70.4 71.3 71.8 73.5 72.2 71.2 72.9 73.1 71.1 70.5 71.1 70.4 70.5 73.1 69.3 71.8 71.6 73.7 73.9 73.5 73.2 74.5 75.1 79.6 81.3 77.8 78.3 79.1 77.6 78.3 79.3 79.3 78.3 78.5 77.1 76.9 75.7 75.9 76.3 76.4 74.4 74.3 69.7 73.5
74.4 71.1 72.3 70.9 69.5 73.2 74.7 77.4 78.1 75.9 77.1 78.2 75.5 75.6 75.3 75.4 75.3 72.2 75.6 72.9 74.8 75.3 79.6 76.0 76.7 76.5 77.0 77.1 77.9 79.2 76.2 79.1 77.1 75.6 75.6 74.9 72.0 76.1 75.1 76.8 77.4 73.4 73.4 73.2 71.8 70.9 72.1 71.3 69.4 70.0 71.6 71.8 71.7 72.8 71.9 71.8 72.6 71.7 74.4 71.2 72.7 73.6 77.1 77.7 75.4 76.8 77.1 78.3 79.4 78.5 79.4 76.8 79.1 77.4 77.1 76.3 74.6 75.3 76.1 76.0 73.6 74.1 68.6 73.9
71.0 70.9 73.7 71.3 71.3 73.4 74.7 78.4 78.6 77.8 77.6 77.8 76.0 76.1 75.3 74.9 75.6 73.1 77.6 74.0 73.7 76.2 76.0 75.6 76.9 77.0 76.7 78.0 79.2 79.2 75.6 79.8 76.6 76.3 74.8 74.7 73.2 75.8 74.3 77.1 77.3 71.6 74.2 72.8 71.3 71.9 71.6 68.7 67.7 70.3 70.0 72.3 72.2 72.1 71.0 71.6 73.1 72.0 75.8 71.8 73.7 73.0 73.7 74.1 74.4 75.8 76.7 77.7 78.3 76.8 80.9 76.7 78.3 80.0 76.7 76.8 75.9 75.6 78.1 75.5 73.4 73.8 69.7 73.9
70.0 71.3 72.6 71.7 71.7 73.4 74.5 76.0 77.2 77.7 77.8 78.7 77.5 78.6 75.4 77.7 77.2 75.4 76.7 75.6 71.5 76.2 76.5 75.9 76.4 77.5 78.1 78.4 77.8 78.5 76.4 78.9 75.4 75.9 77.5 74.8 75.6 75.4 75.7 77.4 77.7 74.0 71.8 71.6 68.0 72.3 71.3 68.7 70.8 67.0 68.8 72.3 70.7 74.0 72.1 71.3 73.3 73.7 73.5 72.5 71.6 71.5 73.1 71.0 73.3 73.4 75.3 76.2 76.5 77.5 79.0 77.0 77.4 79.7 76.3 76.1 75.9 77.0 75.0 74.7 72.2 74.4 71.8 72.5
70.1 72.8 71.3 72.7 73.4 73.5 74.2 75.4 77.8 77.4 77.7 78.9 77.5 78.9 77.4 78.3 78.1 76.8 75.6 75.0 72.0 76.1 77.7 76.7 75.7 78.5 77.4 79.6 79.6 78.4 78.0 77.2 75.9 76.4 75.4 74.5 74.3 75.1 76.7 78.1 79.4 74.4 71.2 69.8 69.4 70.4 70.9 68.8 69.1 69.0 69.8 71.4 71.2 72.9 72.6 70.0 72.9 72.7 73.2 72.1 71.7 71.3 76.5 67.5 71.9 74.2 74.9 76.5 76.3 76.1 78.2 77.5 78.5 78.4 75.4 76.4 76.7 75.4 74.2 74.6 72.7 74.5 66.8 72.9
71.7 72.8 73.0 72.9 74.0 73.6 73.6 73.8 78.8 76.4 80.1 78.6 77.3 79.2 78.8 78.2 79.3 76.7 75.6 75.8 75.6 76.1 76.5 78.0 76.5 78.7 79.0 79.2 78.5 79.2 77.4 76.3 74.6 75.9 76.4 73.2 75.8 75.3 76.5 78.3 77.2 73.9 71.4 69.4 67.0 69.9 70.2 69.0 72.2 70.2 68.2 70.9 71.5 69.6 70.6 71.2 71.5 71.7 73.3 71.6 73.1 70.5 70.0 67.6 72.0 73.7 72.1 74.7 76.1 75.4 78.9 77.8 76.6 77.6 79.1 76.1 75.1 74.5 74.1 75.4 71.0 74.7 72.7 72.5
72.4 72.3 72.5 72.3 72.0 73.6 73.4 73.7 77.7 76.3 79.8 78.4 76.9 78.9 80.2 78.5 79.0 80.3 76.8 77.1 76.4 76.1 76.5 78.1 77.2 78.9 77.9 78.8 78.1 78.0 79.6 72.1 73.0 75.6 76.3 72.8 76.7 77.4 75.5 76.7 74.7 71.4 72.0 72.4 69.4 70.2 70.3 69.8 74.6 71.0 70.3 70.8 70.1 69.4 72.3 70.4 68.4 71.0 67.9 70.5 74.5 72.2 73.6 68.9 71.6 72.4 70.1 71.3 75.6 74.8 75.7 76.8 75.2 77.9 78.3 75.1 75.8 74.3 74.3 74.8 72.5 76.1 74.8 72.3
74.4 72.4 72.4 74.8 73.2 73.8 73.7 76.0 78.0 77.1 78.9 80.0 78.5 78.6 79.9 79.9 79.9 81.7 77.6 78.4 77.8 77.4 76.0 77.0 78.0 78.7 75.7 79.6 79.8 79.5 78.7 74.9 76.2 75.3 76.7 73.5 75.8 76.4 76.3 75.9 75.0 70.5 72.0 72.8 71.1 71.6 69.5 71.5 74.9 71.6 73.1 70.6 70.0 70.7 71.5 69.8 69.6 71.3 66.2 73.3 72.8 72.3 70.1 70.4 71.4 71.2 68.0 69.7 73.0 74.0 75.4 76.2 74.1 76.2 75.8 75.0 74.6 73.3 71.0 73.6 71.9 73.4 73.1 72.1
73.3 72.3 72.0 74.2 74.8 73.6 73.6 75.9 78.3 77.3 76.9 80.0 78.3 78.7 80.6 79.2 78.5 82.0 78.0 78.8 77.5 77.2 77.5 77.3 78.8 78.5 77.8 79.7 80.8 79.4 75.8 75.6 77.9 75.3 75.4 74.3 75.8 76.3 76.3 75.8 74.3 70.6 72.1 73.5 73.0 71.1 71.4 73.8 74.6 72.5 72.7 72.8 72.0 71.4 70.2 71.5 69.5 70.6 66.3 72.8 70.1 70.9 70.8 70.4 71.0 70.5 69.3 68.5 71.0 73.8 73.9 74.7 73.4 75.6 73.9 74.9 74.2 73.1 75.2 72.8 72.7 72.9 72.3 71.8
72.2 73.6 70.9 74.0 72.4 75.3 76.2 75.7 78.1 78.8 79.5 80.6 78.9 80.4 81.0 80.0 80.5 80.6 79.5 79.5 77.2 78.8 78.4 79.5 78.1 79.5 78.4 79.2 79.6 78.7 74.5 75.4 75.0 76.2 77.4 76.2 77.8 77.9 74.0 75.7 74.9 71.2 73.1 73.3 74.0 71.5 72.4 75.1 75.8 73.7 72.1 74.3 72.8 74.5 73.2 72.6 70.9 71.0 67.4 70.8 71.8 70.8 69.4 70.5 71.8 69.9 69.3 67.8 72.1 73.4 75.0 74.0 72.2 75.0 73.5 75.0 74.1 73.0 74.9 72.1 70.7 72.6 74.7 71.2
71.8 74.4 70.6 73.3 73.6 75.6 75.2 75.3 77.8 78.5 80.3 80.6 78.9 81.0 81.6 80.4 80.0 81.8 79.8 79.5 78.5 80.4 78.9 78.9 78.0 79.4 77.3 79.1 80.3 78.0 73.6 74.9 76.2 76.4 78.6 76.5 75.1 77.6 74.9 74.5 74.5 71.2 74.7 72.3 73.2 73.8 72.3 75.4 77.3 73.8 75.8 74.8 73.9 75.7 74.5 74.1 71.5 71.3 69.9 71.3 71.2 71.2 70.8 71.2 68.0 67.7 68.2 70.9 70.9 72.1 73.4 73.5 73.1 74.1 71.3 72.6 71.8 75.3 73.5 73.0 68.4 70.9 76.0 71.1
75.8 74.2 74.7 74.5 75.0 76.0 75.0 76.5 76.6 78.0 81.1 79.8 79.4 80.6 78.8 80.0 80.2 82.4 80.1 79.3 78.7 79.4 79.2 78.7 78.7 80.1 78.6 79.9 78.0 77.4 73.3 74.8 77.5 75.0 78.2 75.6 75.1 76.5 74.7 75.5 75.0 71.9 72.2 71.7 73.7 74.8 74.8 76.7 76.4 77.0 75.2 75.6 76.0 76.7 74.1 74.6 72.8 72.7 72.2 71.6 71.6 72.0 72.0 70.6 70.9 71.4 68.9 72.0 67.8 70.2 71.9 73.9 69.6 73.1 70.2 71.5 74.3 73.5 74.9 73.2 72.5 71.9 73.4 72.1
75.6 73.5 76.4 75.6 74.2 75.6 76.1 76.4 77.1 78.3 80.1 79.6 80.3 80.5 79.8 80.1 79.1 81.0 81.8 79.4 79.0 77.2 74.5 76.5 78.8 80.0 78.6 79.9 78.7 75.0 72.2 76.0 76.7 76.4 77.8 76.6 77.4 75.1 75.1 75.0 73.9 72.2 73.1 71.9 74.1 76.8 76.9 77.5 78.4 76.5 77.7 76.5 74.9 78.0 75.4 75.0 74.0 73.1 74.5 72.0 72.9 71.9 72.1 69.8 70.5 71.3 68.3 72.5 70.5 69.6 71.1 73.5 69.4 72.7 68.9 71.4 73.6 74.5 76.7 74.3 71.2 72.5 72.9 71.5
76.5 75.1 78.7 75.1 74.9 75.5 75.5 76.4 79.2 78.3 79.8 80.0 78.8 80.2 78.9 80.7 80.6 80.2 80.0 78.4 78.2 72.1 73.7 74.0 75.9 78.5 79.1 77.5 78.1 72.1 75.6 75.5 76.0 76.7 77.5 77.8 77.4 74.8 74.8 74.5 74.1 72.2 74.4 80.5 77.8 79.3 77.1 77.8 80.5 76.0 76.9 77.2 76.2 77.3 76.1 73.8 76.5 74.0 76.8 72.0 72.1 71.4 73.8 68.9 68.2 70.2 69.0 72.6 69.1 69.4 72.4 72.9 68.0 71.3 71.1 70.3 72.3 72.8 75.2 73.8 71.2 74.2 73.6 71.6
77.5 76.6 79.4 77.0 75.9 76.2 75.4 76.6 79.2 78.3 80.6 81.5 81.4 80.6 80.0 80.8 80.4 81.3 78.4 77.0 77.1 74.6 72.7 72.8 70.7 76.6 77.5 75.1 77.1 72.7 75.4 75.8 76.8 77.2 77.8 76.5 76.9 74.0 73.0 73.4 73.8 72.9 76.3 78.6 77.1 79.6 77.4 77.7 76.5 77.1 77.4 77.2 78.0 77.4 77.3 75.7 74.8 76.0 79.1 72.5 74.1 74.7 75.1 68.8 70.1 70.1 68.0 71.0 70.4 69.0 68.1 72.0 69.2 70.6 71.2 70.2 72.3 72.9 75.4 73.4 72.5 73.4 71.9 71.9
78.5 78.0 81.7 78.1 76.9 77.3 75.3 76.6 80.2 78.8 81.5 82.2 82.0 80.8 80.4 80.9 80.7 80.5 80.7 76.7 76.6 74.9 72.7 74.9 72.2 74.1 73.2 74.4 74.3 75.0 75.7 77.9 76.8 76.2 79.7 76.0 73.5 74.5 74.4 74.5 72.4 73.9 77.2 79.7 76.7 79.5 79.6 77.8 77.4 78.0 78.2 77.1 77.2 78.9 77.2 77.1 77.7 75.4 76.9 72.9 76.6 75.5 75.7 71.1 72.4 70.2 66.7 68.2 67.9 68.3 67.6 71.4 69.3 69.9 70.1 70.2 73.5 72.5 75.2 73.0 71.2 74.4 74.0 74.8
