morphological_analysis/input_data/survey/q07_9/matrix_bed_q07_9s7.txt
north:            -537.50
south:           -1267.50
east:             2691.00
west:              -93.00
rows:                 148
cols:                 278
null:              -999.0
[rows 76 to 113 of 148, columns 0 to 83 of 278]
85.8 84.1 84.8 83.9 84.0 84.3 80.5 79.5 76.7 77.4 77.8 78.5 73.4 72.0 79.9 80.2 80.1 82.9 81.0 79.7 84.6 85.9 82.8 84.5 82.5 80.0 82.7 79.5 80.1 78.9 79.1 76.5 70.7 82.1 79.8 80.1 82.6 82.9 82.0 80.4 79.2 82.7 80.7 70.1 78.6 78.2 76.9 78.0 79.4 77.4 76.8 80.4 81.5 79.4 83.6 81.7 82.9 83.3 82.2 83.9 82.2 84.3 88.5 85.7 85.6 85.5 85.9 84.7 85.4 84.1 81.5 81.5 82.8 80.9 79.3 76.4 73.2 71.7 71.5 73.8 79.9 84.6 85.0 81.8
86.7 84.3 84.4 83.3 82.6 83.0 77.8 79.0 75.7 79.0 78.0 79.2 75.2 72.8 77.1 80.2 80.8 83.5 79.3 79.9 84.9 85.2 82.8 82.9 84.1 81.3 82.6 80.3 79.9 78.0 80.4 76.3 70.2 82.3 80.4 80.5 80.4 81.8 80.8 80.5 80.4 79.8 80.7 70.7 76.0 77.7 78.4 79.5 78.0 77.0 77.5 80.3 80.3 79.2 81.7 82.3 83.2 84.1 84.2 83.5 83.7 85.7 87.0 86.3 85.6 85.3 84.6 85.2 85.3 81.6 83.5 81.8 81.9 80.9 77.1 75.2 72.3 71.9 72.4 76.2 80.4 83.9 84.0 80.0
83.8 84.2 84.4 83.3 83.8 83.1 80.7 80.2 75.9 80.7 80.4 78.7 72.7 73.5 78.7 79.9 81.2 81.0 81.0 79.2 82.8 85.1 84.0 82.3 82.9 81.6 81.6 80.8 78.5 77.5 78.5 76.0 75.5 80.7 80.1 81.1 79.3 82.2 81.4 80.4 78.9 79.7 80.7 72.1 72.8 78.0 77.8 78.8 78.2 77.0 77.0 80.5 80.2 80.1 80.9 82.3 82.9 84.0 82.0 84.3 81.7 86.6 88.4 85.9 86.1 85.4 81.6 85.5 83.8 81.5 80.8 80.3 80.6 80.2 76.5 74.3 73.2 72.0 74.4 77.2 85.1 82.1 81.7 79.9
86.3 84.0 85.3 82.6 82.5 84.0 83.2 80.4 77.5 82.1 79.6 77.7 79.4 74.4 76.6 80.0 80.3 78.6 80.3 78.9 84.8 84.9 84.2 83.3 82.2 82.0 82.2 81.9 77.6 76.8 79.7 75.3 72.2 77.3 79.4 81.2 81.5 81.8 82.0 80.6 80.3 83.0 81.6 73.2 74.2 77.7 76.7 78.6 78.3 75.7 77.5 81.5 78.4 79.4 79.8 81.3 83.9 83.7 84.2 84.0 83.0 84.7 86.3 85.0 86.2 85.0 85.4 85.2 82.4 81.0 81.5 80.5 81.5 79.2 73.7 73.8 72.4 72.3 74.5 79.5 86.2 82.7 79.4 79.5
85.0 83.5 84.8 82.7 82.8 81.6 77.4 80.6 77.2 80.5 76.4 75.5 80.2 74.8 74.4 78.8 79.4 79.3 80.3 79.9 82.6 84.5 82.8 84.4 85.1 81.8 81.8 82.3 78.2 75.6 80.5 74.8 68.7 75.4 81.3 80.4 80.8 81.3 82.0 81.1 77.2 83.4 82.1 74.2 75.0 77.0 77.4 79.4 77.5 75.4 78.0 81.0 80.7 79.1 80.9 81.9 83.0 83.9 84.7 83.7 84.0 86.3 84.1 84.9 84.4 85.0 83.8 85.1 81.6 80.2 83.3 79.5 80.4 77.6 74.3 73.3 70.3 74.1 76.9 81.1 84.4 82.8 79.0 78.7
84.5 83.6 84.1 84.0 83.8 79.5 76.4 80.2 81.0 80.6 74.6 72.1 75.6 75.4 73.2 78.9 78.4 80.1 81.7 78.9 79.9 84.2 84.7 85.7 83.1 82.7 83.0 82.1 75.9 75.7 77.6 74.5 71.2 72.5 79.5 80.3 80.4 81.3 82.7 81.4 79.9 82.7 80.7 75.8 74.4 77.8 79.5 79.4 77.4 76.2 79.7 80.4 79.3 80.5 82.9 82.1 83.7 84.1 83.0 83.8 83.6 86.6 87.0 85.2 86.3 84.9 84.2 85.4 81.6 79.9 78.1 79.0 79.1 76.0 74.5 73.0 71.6 74.3 77.2 81.7 86.5 83.2 82.9 78.5
85.4 84.2 84.6 83.4 82.6 79.2 78.1 80.3 80.6 80.5 77.6 70.1 69.2 74.8 73.2 78.3 79.7 79.7 82.6 78.9 82.2 83.6 83.0 85.8 83.3 83.1 81.6 82.0 79.0 74.8 76.9 76.0 71.9 71.6 79.1 78.7 78.3 82.3 81.8 81.2 81.0 82.4 83.5 77.8 77.1 77.8 77.6 78.7 75.6 77.2 80.3 80.7 79.2 80.7 81.8 82.5 81.9 84.4 85.0 84.4 84.0 86.3 86.0 86.1 86.5 84.4 83.0 84.7 79.9 79.9 77.7 78.7 77.1 74.9 72.4 73.2 72.6 75.6 78.5 84.2 85.2 83.5 85.4 78.8
84.3 84.1 82.4 83.3 82.9 80.8 78.8 80.6 81.6 80.5 80.4 74.6 68.2 73.5 73.7 75.5 78.7 80.1 79.2 80.1 81.7 81.8 84.3 85.2 84.2 82.1 83.7 82.7 75.9 73.9 76.8 77.2 71.9 71.2 80.6 78.2 80.1 81.9 82.5 81.5 80.7 82.0 85.2 80.4 76.0 77.0 78.0 78.5 75.4 78.7 84.5 80.7 82.2 82.1 83.3 83.1 84.5 83.5 83.0 84.8 84.0 84.9 86.6 85.5 87.6 84.8 84.6 83.8 78.6 79.4 79.7 77.6 77.3 73.4 75.4 73.5 72.7 76.4 79.9 86.5 86.0 83.5 83.5 78.6
84.0 84.1 84.8 83.6 81.6 83.3 84.1 80.9 82.0 80.0 79.3 79.5 68.6 70.5 74.9 73.1 78.7 79.6 77.4 79.8 81.6 79.7 84.1 84.5 83.7 81.0 83.2 82.5 73.7 71.3 75.3 76.0 72.1 71.7 79.2 78.2 75.6 81.1 83.1 81.9 80.7 82.5 83.1 82.3 78.6 74.7 75.8 78.2 77.3 79.1 84.4 80.6 81.3 83.4 82.4 83.1 84.3 82.9 83.0 84.1 82.3 85.5 85.2 85.8 86.1 85.0 84.4 82.1 78.7 78.4 78.2 76.3 75.4 73.2 72.8 74.4 74.3 77.0 79.9 87.6 84.5 83.4 84.9 78.3
84.6 84.0 84.0 83.9 82.0 82.2 81.6 82.8 81.7 80.3 80.3 80.2 71.7 68.0 72.8 70.6 77.7 79.4 77.2 79.5 81.6 80.9 82.2 83.2 85.1 81.3 83.4 79.7 76.9 69.8 73.9 74.8 71.5 71.8 79.8 78.0 75.5 80.6 82.9 82.3 81.1 83.3 84.1 83.8 78.9 75.6 75.8 77.6 79.6 79.6 80.4 81.4 80.4 82.5 83.4 83.4 83.9 83.6 83.0 83.3 84.5 85.6 84.7 85.6 85.2 84.8 82.9 80.5 79.5 79.0 77.2 76.5 76.5 73.4 75.7 75.4 76.2 78.1 83.0 87.5 83.7 84.5 81.9 78.3
84.0 83.7 83.5 83.2 82.3 82.4 82.0 83.3 80.6 80.9 80.7 80.0 75.6 68.8 73.7 68.0 77.0 79.3 79.6 80.1 79.7 81.5 81.2 82.8 85.6 82.6 82.8 76.7 71.5 68.2 68.0 75.1 72.6 71.2 74.1 78.7 74.0 80.4 83.8 83.6 79.7 83.2 84.7 83.8 80.4 74.7 77.5 77.6 79.1 80.3 77.4 81.6 81.5 81.6 83.1 83.0 83.6 83.8 83.4 81.7 83.2 85.6 86.3 84.0 84.9 83.6 82.5 80.1 79.0 78.9 78.2 75.8 78.1 74.9 77.1 76.1 76.4 79.5 81.5 87.6 86.1 85.1 81.7 80.0
86.4 83.0 84.5 83.7 83.2 83.2 81.8 82.9 81.7 81.8 79.3 80.5 77.0 71.6 70.0 66.8 77.4 79.5 78.7 79.7 80.2 80.8 80.4 82.1 85.3 82.1 83.4 77.5 68.0 66.5 67.1 73.4 74.2 71.2 71.1 78.5 73.6 78.8 82.2 83.9 81.9 84.4 88.7 82.6 81.8 75.3 77.1 79.3 79.9 83.0 80.8 81.8 81.9 82.5 83.8 82.9 84.7 83.7 83.5 81.8 84.0 85.3 87.0 84.2 85.1 81.2 81.9 79.7 77.9 77.6 77.3 75.3 76.1 76.2 75.4 76.9 77.7 80.2 82.9 87.7 86.3 84.9 80.4 79.4
84.8 83.2 85.0 85.2 81.2 84.1 81.7 83.8 81.9 82.8 79.6 81.2 79.1 73.6 70.2 67.1 75.2 79.2 79.9 79.5 80.3 80.6 78.0 81.1 84.0 81.6 81.4 76.7 68.9 66.9 64.9 71.1 73.6 71.5 70.2 77.8 75.2 79.1 80.7 84.5 82.4 85.3 84.1 83.9 80.9 77.9 75.3 79.6 81.0 83.7 82.4 82.0 81.4 83.0 82.5 82.5 84.1 84.5 83.0 82.9 84.8 84.9 82.3 84.7 82.5 81.3 81.4 79.0 78.6 75.8 76.8 75.7 76.6 76.9 76.0 77.0 77.6 79.8 82.7 87.4 86.8 83.5 83.7 81.0
84.8 83.6 83.5 85.6 81.8 83.2 83.7 85.4 80.7 82.4 80.3 81.1 77.5 76.3 70.1 66.5 73.2 77.4 79.5 79.8 78.0 80.2 77.0 81.2 84.4 80.8 79.1 72.1 67.7 67.3 64.9 69.1 74.2 71.2 71.2 75.8 74.8 79.4 79.9 84.7 82.5 85.4 81.6 83.4 80.4 75.7 74.3 79.7 80.6 82.2 80.8 82.5 82.5 82.7 82.3 82.7 83.2 84.0 82.1 83.3 82.3 84.6 83.4 84.4 83.2 81.4 80.3 78.7 77.9 75.8 76.1 76.7 77.6 77.6 77.0 77.6 78.0 80.1 84.1 84.9 86.2 83.0 81.8 80.4
83.9 84.1 83.6 84.5 82.4 81.9 83.1 85.2 82.9 82.0 82.0 80.5 80.0 78.9 71.6 66.4 70.3 78.3 78.8 79.0 79.0 79.7 76.4 79.4 81.2 78.3 75.3 69.4 68.0 67.5 66.1 67.3 73.7 70.5 70.3 72.3 77.7 78.1 77.9 84.7 83.6 84.8 82.4 82.2 80.4 74.2 79.3 80.0 81.9 81.7 80.0 82.1 82.5 82.2 82.5 83.0 84.3 83.6 81.7 81.7 81.9 83.2 83.1 82.5 82.2 81.0 78.5 77.1 74.9 75.2 77.8 76.7 76.5 78.4 78.3 78.1 78.8 81.0 80.6 82.7 85.5 84.2 82.5 80.3
83.4 84.0 83.8 83.4 82.1 82.3 84.5 83.5 81.4 82.3 82.0 79.9 80.9 79.9 74.5 66.6 67.6 78.5 78.6 78.3 78.2 80.4 75.8 78.4 81.8 75.5 73.4 68.0 68.3 68.0 66.6 66.5 74.7 69.9 71.8 70.0 77.0 77.6 81.6 86.2 83.5 84.3 85.0 81.6 77.0 73.5 81.2 79.5 80.3 81.7 82.1 81.6 80.9 83.3 82.6 82.9 83.6 82.0 82.6 81.9 83.4 82.8 82.2 81.5 82.0 80.3 79.3 76.7 75.0 74.8 75.8 77.3 77.7 78.9 78.4 78.8 78.4 81.7 81.6 81.0 84.8 87.6 80.7 80.9
85.1 84.0 83.1 83.3 82.5 82.2 84.6 83.6 82.5 81.7 82.0 81.1 80.7 80.1 75.3 67.2 65.5 78.5 80.1 76.9 77.0 80.9 76.4 78.1 79.4 72.2 69.1 68.2 69.0 68.7 66.5 68.7 74.8 68.9 70.9 69.0 77.3 76.7 79.1 84.8 83.9 83.7 85.4 80.1 74.2 73.3 79.8 78.8 81.5 81.0 82.5 82.0 82.9 84.7 83.2 82.8 82.0 81.4 81.8 81.5 82.6 81.6 81.6 81.0 79.8 80.3 78.8 75.5 75.0 76.2 75.6 77.5 78.5 78.3 77.1 79.5 80.7 81.6 81.5 81.1 85.8 87.3 84.6 81.9
84.8 83.4 85.4 82.9 82.0 82.8 84.5 84.7 83.0 81.5 81.2 81.8 80.6 80.3 77.1 67.4 65.9 77.7 79.8 76.5 76.8 79.2 79.3 76.4 73.9 71.4 67.8 69.0 70.1 69.7 66.5 69.6 72.0 70.1 69.9 67.3 73.8 75.2 78.4 83.6 83.9 82.9 78.0 77.3 71.7 76.0 82.0 78.9 81.0 82.1 81.7 82.6 80.2 83.0 81.1 82.8 82.7 80.5 81.7 81.9 81.3 80.9 80.9 80.6 78.3 79.5 76.8 74.5 75.2 77.3 76.6 77.0 77.2 78.3 81.5 79.9 81.0 81.2 80.5 81.6 84.5 86.5 84.1 82.2
82.9 83.6 83.1 82.0 82.5 84.8 83.8 86.4 82.6 81.7 82.1 82.4 80.5 79.8 78.4 68.5 65.2 74.4 77.8 76.8 74.9 77.1 79.0 74.2 70.7 70.8 72.5 69.9 72.8 71.3 65.5 67.0 69.0 70.1 69.2 66.9 71.8 75.4 77.7 80.5 84.5 81.6 76.7 74.5 68.8 77.8 79.9 79.5 79.3 81.6 82.4 82.0 81.9 80.8 83.2 81.5 81.6 80.4 80.2 82.1 79.9 83.1 80.8 80.3 79.6 77.4 75.3 74.8 75.1 77.3 76.0 77.2 78.1 78.7 79.0 80.7 81.9 80.8 80.2 81.1 82.9 85.5 82.4 82.3
80.7 84.6 85.0 83.4 81.4 84.9 84.8 87.9 84.1 82.5 82.4 83.0 79.8 79.2 77.7 69.3 64.9 72.4 78.4 76.4 72.1 76.4 76.2 72.6 71.6 71.9 72.3 70.2 71.2 72.5 70.7 63.1 68.4 70.8 68.5 67.0 70.7 76.1 77.1 80.9 83.9 81.0 76.1 71.3 70.8 78.4 79.0 79.6 80.5 82.3 83.4 81.7 81.6 80.0 82.2 81.1 81.6 80.8 80.2 81.1 79.7 81.0 80.1 79.5 78.5 73.4 74.3 74.5 74.5 77.6 77.6 78.9 79.0 78.2 79.4 81.2 80.9 80.4 80.1 81.3 78.9 83.4 85.4 81.8
84.6 84.0 85.3 83.7 82.8 85.2 84.7 87.7 82.5 83.4 82.9 82.3 80.3 78.2 71.9 69.7 65.9 71.7 76.7 77.0 66.7 75.5 74.9 74.2 74.3 71.7 72.3 71.1 73.6 75.1 76.1 64.1 64.9 71.0 68.7 67.3 69.6 75.9 78.1 80.8 82.1 81.5 76.1 68.6 69.8 78.0 79.5 80.0 81.2 81.6 81.8 80.8 81.2 81.5 81.7 80.8 80.2 80.3 81.2 80.6 80.5 81.4 78.6 77.6 75.6 71.8 75.4 74.5 76.0 77.4 78.3 78.0 81.3 78.1 79.2 80.8 78.6 81.5 79.5 79.6 78.0 84.4 83.4 81.9
85.2 83.2 84.7 83.3 84.0 83.9 84.7 86.8 84.0 84.1 82.5 81.4 81.8 77.9 74.4 69.8 68.5 71.2 77.3 75.4 65.0 73.5 75.7 74.6 79.4 71.0 73.2 72.9 72.8 77.2 79.2 67.2 65.7 69.2 68.1 67.8 67.7 74.8 77.2 79.4 82.9 81.9 75.2 67.0 72.4 78.7 79.8 80.4 78.8 82.2 81.0 79.8 81.6 83.1 80.7 80.1 79.6 79.3 79.1 80.6 79.2 79.3 78.1 76.2 75.2 72.5 75.8 75.2 75.5 78.4 75.5 77.0 78.9 78.5 81.0 80.1 79.5 81.9 80.2 79.2 78.3 84.8 82.6 82.1
84.6 82.4 83.8 84.6 83.4 83.2 83.6 84.8 83.6 83.7 83.4 81.8 80.8 77.9 77.2 71.0 70.0 70.0 74.3 73.5 68.3 70.9 74.9 74.0 73.1 72.4 72.7 73.1 74.2 79.0 81.3 71.8 65.8 67.6 68.4 68.8 68.6 73.2 74.7 78.5 79.4 82.0 77.6 67.8 76.3 78.2 78.8 80.4 80.5 82.6 81.7 79.3 80.2 80.8 78.5 79.5 80.5 78.1 79.7 79.4 78.8 76.0 77.1 75.3 73.5 76.1 74.4 75.3 76.0 80.7 78.2 77.9 78.3 79.2 78.9 79.7 81.0 79.1 80.4 79.3 78.6 84.5 85.0 81.8
80.3 81.7 82.9 83.9 84.4 82.1 84.9 82.9 83.1 83.2 81.9 82.2 83.9 78.1 79.5 73.3 72.6 70.1 71.3 72.5 68.9 69.0 74.5 74.2 72.5 74.0 74.0 73.3 77.4 79.7 80.1 76.7 64.8 65.8 70.3 70.3 65.5 71.9 73.4 78.8 78.5 82.9 77.8 68.9 77.0 77.0 77.4 79.9 80.4 80.4 80.0 79.8 79.7 77.0 82.6 79.2 79.8 78.1 77.8 76.7 75.4 73.1 73.7 74.5 74.7 77.8 73.6 75.2 76.4 77.8 77.3 78.0 79.0 80.2 80.2 80.4 82.0 77.0 79.3 79.1 78.0 80.8 84.2 82.0
78.4 80.0 82.5 83.0 85.3 81.2 84.1 82.3 82.8 83.7 82.8 82.3 80.8 79.4 80.3 76.9 73.4 71.7 70.8 73.4 71.9 67.4 74.7 73.9 73.5 73.3 73.7 74.6 78.4 79.5 80.9 79.4 66.8 65.0 68.9 70.2 67.4 70.3 73.7 78.3 78.8 82.0 76.9 71.0 80.1 77.0 80.5 79.2 80.6 80.4 81.1 79.8 80.5 76.0 79.1 78.3 76.6 79.6 77.3 75.1 73.1 73.1 72.2 73.1 73.3 75.8 75.1 75.8 77.8 73.3 78.0 78.2 80.4 81.9 80.1 80.3 82.0 79.3 80.2 79.0 76.6 78.9 82.6 82.0
78.3 79.1 80.6 83.5 84.4 81.6 84.1 82.8 83.3 83.2 84.0 82.8 82.4 80.5 80.4 79.9 75.8 74.0 72.8 74.6 73.9 66.6 72.2 73.2 74.3 73.5 73.6 75.5 78.7 79.2 79.6 79.7 71.3 64.6 67.4 68.3 63.9 68.9 71.3 77.7 80.4 79.2 78.8 74.3 78.8 76.7 80.0 79.1 79.5 79.7 78.4 79.4 77.2 76.9 77.9 76.9 75.9 78.0 76.3 73.8 71.9 74.0 72.4 74.5 72.7 74.0 76.2 76.1 77.6 74.4 78.1 79.1 80.2 83.5 82.0 80.7 81.6 80.6 78.9 78.2 75.7 77.6 83.0 82.3
79.9 79.3 79.2 82.2 83.0 83.7 83.3 83.1 82.6 82.3 81.8 83.1 84.3 81.1 80.9 80.5 73.8 76.0 72.9 75.4 73.4 67.5 71.2 72.5 73.2 74.2 73.5 75.3 79.6 78.0 80.3 80.2 77.1 66.1 67.0 66.2 64.6 67.4 70.4 77.0 80.3 76.8 79.1 76.0 77.8 76.5 78.6 78.2 79.0 78.4 79.3 79.2 78.2 75.9 77.2 75.7 74.2 74.1 74.6 73.6 75.1 73.0 74.0 74.5 74.4 74.5 75.9 76.9 76.5 76.7 78.0 79.3 81.0 86.3 79.4 82.6 84.4 81.1 80.6 78.1 76.9 76.6 78.2 81.6
80.3 79.2 77.9 79.5 82.6 84.7 82.9 82.4 80.9 81.4 83.3 82.2 81.6 81.1 81.4 79.1 72.0 77.8 76.4 76.5 74.1 71.2 72.5 71.6 71.8 73.3 76.2 75.6 78.3 77.6 78.7 79.4 77.9 69.9 67.1 66.4 65.1 65.1 67.2 75.2 79.4 74.8 78.4 76.1 76.3 77.4 78.1 78.5 79.1 78.3 79.5 78.7 77.4 75.3 76.2 75.3 74.6 73.1 73.8 73.8 74.4 72.1 73.9 74.7 76.5 76.9 76.2 76.6 76.7 78.2 78.5 78.9 79.8 84.6 80.3 81.0 80.7 80.0 80.2 79.6 76.2 75.9 77.1 79.8
80.3 79.0 77.9 78.9 78.8 85.7 83.3 81.5 83.0 80.9 80.5 80.7 82.2 80.5 78.8 78.4 75.9 77.4 75.5 76.8 75.3 76.0 70.2 70.6 70.8 73.6 74.4 76.0 77.2 78.1 78.1 77.1 78.3 72.5 66.6 67.7 65.4 62.4 66.6 72.9 77.9 72.5 78.1 77.0 75.4 77.3 79.3 78.4 78.6 77.9 77.7 76.4 74.4 74.5 73.7 74.3 74.2 74.3 75.3 73.7 74.7 72.2 74.2 75.3 75.3 77.6 76.6 76.5 76.7 75.8 78.4 79.0 81.4 81.5 81.2 81.5 79.4 79.5 77.4 79.9 76.8 75.6 75.9 78.8
81.0 79.6 80.3 80.3 77.7 83.6 80.7 81.6 79.3 80.4 80.1 79.7 79.9 78.9 80.2 77.3 75.0 75.3 75.4 75.8 74.4 77.7 72.9 71.1 72.9 75.1 78.2 75.5 76.4 77.5 76.4 76.1 77.8 75.1 70.7 67.1 65.5 60.8 62.2 69.4 77.6 71.9 73.1 76.0 76.6 77.4 79.4 78.1 75.9 77.0 78.6 75.4 74.7 72.8 74.9 73.9 73.4 75.7 73.6 73.8 73.3 72.2 74.9 75.9 76.5 77.5 75.7 76.4 78.2 74.4 77.9 79.2 78.4 79.8 81.5 81.3 82.6 79.6 81.2 79.7 77.7 75.7 74.0 78.5
79.5 80.0 79.1 82.1 77.9 79.5 79.8 80.9 78.8 79.6 77.5 78.7 76.0 77.6 79.5 76.3 75.0 74.2 74.5 74.0 74.4 76.0 73.4 71.5 74.0 74.8 75.0 74.6 74.7 75.4 76.7 77.2 78.9 77.3 70.9 65.7 65.4 61.5 57.2 66.2 75.2 72.7 73.3 73.6 80.7 76.9 76.4 77.8 77.7 76.1 76.9 75.0 71.9 73.0 74.1 74.2 75.5 75.7 74.9 74.6 75.4 73.6 74.7 76.3 75.6 76.2 76.0 77.7 75.2 74.7 77.3 79.6 78.5 81.5 80.9 80.7 83.5 81.0 80.2 80.3 76.7 75.9 73.9 76.2
79.5 80.5 80.1 81.1 76.4 77.8 77.2 78.1 77.6 77.9 75.9 77.4 76.6 76.8 74.2 76.3 76.2 74.0 71.9 70.7 70.9 70.9 71.6 70.8 71.0 73.9 74.0 73.2 74.2 73.8 76.1 76.0 76.9 77.8 73.8 66.3 66.7 62.7 57.1 62.9 69.7 72.6 72.8 72.3 78.3 75.5 76.2 77.0 76.5 74.8 73.7 72.2 72.7 73.3 75.4 74.1 74.9 75.2 76.4 75.5 75.5 74.1 74.0 77.3 76.0 75.5 75.2 76.9 77.6 75.8 78.3 78.8 80.0 81.7 81.6 81.1 79.0 79.8 78.5 80.5 76.6 77.9 75.3 75.1
79.7 80.1 80.5 78.5 77.7 76.5 74.1 75.6 77.4 75.6 76.6 76.6 74.8 75.2 73.5 75.8 75.2 73.4 70.4 66.8 67.4 67.8 68.8 69.1 71.5 73.2 72.4 72.8 73.0 73.5 75.3 75.1 78.4 76.4 75.7 69.4 65.4 64.4 61.2 61.6 66.6 71.3 71.1 72.0 75.1 74.5 76.3 75.8 72.4 74.0 72.8 70.9 73.3 72.5 74.1 73.9 71.8 75.6 74.4 75.0 73.8 73.2 75.1 76.4 75.4 76.8 75.5 76.4 78.0 77.1 77.5 79.1 81.3 79.5 79.7 82.0 79.2 79.5 79.3 80.2 77.6 76.7 74.3 71.8
78.6 79.3 81.0 77.4 77.1 74.9 75.6 74.8 76.6 74.9 76.4 76.1 74.2 74.7 71.8 75.5 74.6 73.1 70.2 65.3 67.5 68.1 68.7 67.5 67.3 70.8 71.6 72.0 72.6 74.5 74.1 75.3 76.7 76.3 76.5 72.8 67.5 64.7 59.9 61.0 64.2 69.9 72.5 70.9 77.2 74.0 74.3 74.3 72.5 73.2 70.2 71.8 72.0 72.5 71.6 74.0 71.2 76.1 74.2 73.5 73.5 73.9 73.6 74.8 72.4 77.2 76.8 76.5 77.7 76.8 78.9 78.8 80.2 79.0 83.3 81.2 78.3 79.2 79.7 79.9 78.7 77.3 75.1 70.8
81.0 79.0 80.8 78.1 76.8 74.1 74.9 75.3 73.3 74.4 73.2 74.8 74.1 73.9 74.4 76.1 73.9 73.2 69.4 66.4 67.1 68.6 66.7 66.1 65.8 69.6 70.5 70.8 71.7 74.1 74.2 75.4 76.8 76.1 75.0 73.7 66.8 64.9 60.6 58.5 61.7 65.7 72.0 71.0 73.4 72.2 72.6 73.4 72.4 72.0 72.3 71.6 72.9 71.5 75.9 73.3 73.5 75.4 73.0 73.4 74.9 73.8 72.9 75.1 76.3 75.5 75.4 76.3 76.9 75.5 77.2 77.7 79.3 79.4 81.3 80.0 80.1 78.9 76.7 79.6 78.7 79.5 75.9 71.3
81.8 79.0 78.6 79.4 76.8 74.3 73.3 75.0 70.2 72.7 74.1 73.4 72.8 73.4 77.5 76.0 75.4 73.7 69.1 67.9 66.9 68.5 66.3 66.0 66.1 70.0 70.7 71.0 74.5 73.3 74.0 75.0 77.4 74.5 76.3 74.8 69.7 66.3 59.6 57.9 59.5 63.5 67.7 70.3 70.8 70.4 72.8 72.8 71.7 71.3 70.8 71.3 69.8 71.1 71.8 72.0 70.8 74.3 74.7 74.0 71.2 73.1 74.4 75.4 73.6 74.8 76.8 75.1 76.7 75.8 78.5 78.1 78.8 79.3 79.7 79.8 79.1 79.2 77.1 77.7 78.8 78.8 76.4 72.0
79.7 79.7 79.2 78.3 75.4 75.3 74.3 74.7 71.8 72.2 74.1 72.7 73.8 73.7 73.8 74.5 76.9 74.5 72.0 69.1 67.1 67.8 67.8 65.9 66.2 69.2 69.3 71.6 73.5 74.2 75.6 75.6 75.9 74.6 75.6 75.7 70.6 67.9 62.1 58.6 59.5 62.0 67.0 68.2 67.7 69.2 69.5 71.9 69.9 70.4 68.7 70.6 70.7 70.3 72.2 70.9 71.8 73.7 74.3 74.3 74.3 72.5 73.6 74.6 73.9 75.2 76.4 75.3 77.3 75.5 77.9 77.9 78.5 78.2 76.7 79.5 79.4 78.4 80.1 79.9 77.9 78.6 78.8 72.3
81.6 79.7 82.1 74.9 75.6 76.6 74.5 75.2 76.6 74.7 73.4 74.1 76.0 74.6 75.4 73.8 75.9 75.3 70.4 70.2 68.7 67.7 68.4 66.4 67.1 69.0 69.5 73.2 72.5 74.0 73.9 75.8 76.1 75.9 73.8 75.4 72.0 69.0 65.0 58.9 58.3 60.3 64.7 66.0 66.2 68.1 69.1 71.0 70.8 69.8 69.2 69.7 71.5 70.0 71.6 71.4 71.0 72.5 71.7 75.0 74.1 72.2 73.9 74.6 75.9 75.7 75.6 75.9 75.4 74.7 77.0 77.3 78.2 79.0 78.1 78.3 80.3 77.3 79.3 80.0 79.0 79.2 74.6 72.0
