morphological_analysis/input_data/survey/q07_9/matrix_bed_q07_9s7.txt
north:            -537.50
south:           -1267.50
east:             2691.00
west:              -93.00
rows:                 148
cols:                 278
null:              -999.0
[rows 0 to 37 of 148, columns 0 to 83 of 278]
69.0 62.1 67.0 62.6 63.4 61.6 58.6 59.0 62.8 62.9 62.8 61.7 64.4 66.7 67.2 68.7 65.2 68.3 65.4 -999.0 63.3 59.9 58.1 57.1 55.6 57.2 55.3 55.0 56.5 55.6 54.3 55.4 55.9 62.6 80.3 -999.0 -999.0 -999.0 -999.0 -999.0 -999.0 87.8 60.8 51.4 55.3 48.2 48.1 46.7 46.7 45.9 48.9 47.7 60.9 66.6 58.6 58.3 55.9 54.2 64.0 65.3 63.4 62.1 62.5 64.8 57.2 53.5 55.7 62.8 63.4 57.0 61.4 49.0 51.7 68.8 56.7 54.6 52.1 56.9 50.2 48.6 51.1 52.0 49.1 42.8
64.6 61.7 67.4 63.0 64.3 61.9 57.3 59.1 61.9 63.1 61.0 60.7 64.7 65.9 67.8 68.4 66.8 67.7 66.5 -999.0 63.3 59.8 58.3 57.1 52.6 57.6 56.0 55.5 55.3 56.1 54.6 55.4 56.1 67.5 84.1 -999.0 -999.0 -999.0 -999.0 -999.0 -999.0 87.8 60.1 51.9 55.8 48.1 49.0 46.6 46.3 46.3 48.9 47.7 60.6 66.4 59.3 58.9 57.4 54.0 63.1 65.2 62.4 62.3 62.0 64.8 56.7 53.5 54.7 63.2 65.8 56.6 60.2 49.0 52.0 68.8 56.6 54.8 51.3 57.0 49.5 48.7 50.9 51.8 49.5 43.1
86.9 67.8 70.6 66.3 67.8 64.9 67.0 67.4 71.6 73.3 77.9 74.4 80.9 76.9 83.1 82.8 82.7 80.6 79.9 -999.0 82.1 77.6 73.5 71.6 72.3 69.5 70.6 68.3 72.1 69.4 71.7 65.9 70.0 81.1 81.8 -999.0 -999.0 -999.0 -999.0 -999.0 -999.0 87.8 92.0 61.7 56.5 53.7 49.1 49.1 48.6 48.3 49.1 51.9 63.5 69.0 59.6 58.9 60.0 55.1 66.1 67.7 67.0 60.5 65.1 66.0 59.0 55.6 56.2 63.1 68.0 61.4 64.4 49.2 54.7 67.9 59.0 54.6 53.8 57.6 52.3 49.8 51.8 54.9 49.8 45.5
82.9 68.3 69.5 88.5 93.8 87.5 94.4 91.0 68.8 89.2 90.3 75.2 75.5 77.3 77.8 83.5 77.7 81.3 75.2 -999.0 76.2 95.8 96.5 90.7 90.6 89.4 94.7 91.6 89.4 90.8 66.3 87.0 90.6 91.8 81.5 -999.0 -999.0 -999.0 -999.0 -999.0 -999.0 -999.0 81.8 80.7 71.8 62.7 55.6 49.6 51.6 50.1 51.4 54.7 64.8 68.0 62.2 62.1 63.3 51.0 66.6 68.9 67.5 63.7 65.5 66.7 62.1 59.5 58.4 65.4 68.9 60.6 63.3 52.4 53.8 65.5 59.6 59.5 54.4 60.3 54.3 50.7 52.8 58.5 50.9 49.9
87.0 -999.0 70.6 89.4 88.2 88.4 89.1 91.9 71.7 90.2 88.1 -999.0 80.9 -999.0 83.1 -999.0 82.9 -999.0 79.9 -999.0 82.2 96.8 91.9 91.5 87.3 90.4 90.0 92.5 88.5 91.6 71.8 88.1 87.1 92.2 -999.0 -999.0 -999.0 -999.0 -999.0 -999.0 -999.0 -999.0 92.1 81.6 93.1 81.2 81.0 62.0 58.5 59.1 50.9 59.8 66.1 67.4 63.4 63.2 64.3 53.4 68.5 69.2 68.5 65.0 66.4 68.3 64.6 58.8 60.4 67.8 69.5 60.5 66.8 54.3 55.0 65.5 60.2 60.0 55.0 61.7 55.5 51.9 55.2 60.2 90.0 51.2
-999.0 -999.0 -999.0 -999.0 94.2 -999.0 94.4 -999.0 -999.0 -999.0 90.4 -999.0 -999.0 -999.0 -999.0 -999.0 -999.0 -999.0 -999.0 -999.0 -999.0 -999.0 96.5 -999.0 90.7 -999.0 94.8 -999.0 91.1 -999.0 -999.0 -999.0 90.8 -999.0 -999.0 -999.0 -999.0 -999.0 -999.0 -999.0 -999.0 -999.0 -999.0 -999.0 89.3 82.3 76.2 62.6 92.5 79.3 51.0 74.0 71.9 68.8 65.6 64.4 65.5 61.2 68.2 73.1 69.0 70.3 66.9 67.6 65.9 59.9 60.4 67.8 69.4 62.5 69.6 56.0 57.8 69.0 62.1 60.3 54.6 64.6 56.3 56.6 58.0 85.1 82.7 -999.0
-999.0 -999.0 -999.0 -999.0 -999.0 -999.0 -999.0 -999.0 -999.0 -999.0 -999.0 -999.0 -999.0 -999.0 -999.0 -999.0 -999.0 -999.0 -999.0 -999.0 -999.0 -999.0 -999.0 -999.0 -999.0 -999.0 -999.0 -999.0 -999.0 -999.0 -999.0 -999.0 -999.0 -999.0 -999.0 -999.0 -999.0 -999.0 -999.0 -999.0 -999.0 -999.0 -999.0 -999.0 93.2 -999.0 81.1 -999.0 85.6 84.4 50.9 75.3 70.9 68.9 65.2 64.5 65.5 86.1 68.3 78.5 80.9 71.7 69.3 67.5 67.5 62.6 62.1 66.6 72.5 65.4 85.6 58.8 80.6 67.6 89.0 70.6 90.3 79.0 56.1 90.1 58.5 86.5 90.2 -999.0
-999.0 -999.0 -999.0 -999.0 -999.0 -999.0 -999.0 -999.0 -999.0 -999.0 -999.0 -999.0 -999.0 -999.0 -999.0 -999.0 -999.0 -999.0 -999.0 -999.0 -999.0 -999.0 -999.0 -999.0 -999.0 -999.0 -999.0 -999.0 -999.0 -999.0 -999.0 -999.0 -999.0 -999.0 -999.0 -999.0 -999.0 -999.0 -999.0 -999.0 -999.0 -999.0 -999.0 -999.0 -999.0 -999.0 -999.0 -999.0 92.5 -999.0 -999.0 -999.0 72.0 -999.0 65.6 -999.0 65.7 87.1 68.2 78.8 79.0 71.8 68.9 67.5 67.1 62.7 61.8 66.5 71.9 65.6 79.7 58.9 76.3 67.5 83.5 71.3 84.5 80.3 56.3 91.7 58.8 -999.0 -999.0 -999.0
68.0 -999.0 -999.0 -999.0 -999.0 -999.0 -999.0 -999.0 -999.0 -999.0 -999.0 -999.0 -999.0 -999.0 -999.0 -999.0 -999.0 -999.0 -999.0 -999.0 -999.0 -999.0 -999.0 -999.0 -999.0 -999.0 -999.0 -999.0 -999.0 -999.0 -999.0 -999.0 -999.0 -999.0 -999.0 -999.0 -999.0 -999.0 -999.0 -999.0 -999.0 -999.0 -999.0 -999.0 -999.0 -999.0 -999.0 -999.0 -999.0 -999.0 -999.0 -999.0 -999.0 -999.0 -999.0 -999.0 -999.0 -999.0 -999.0 -999.0 81.1 -999.0 69.3 -999.0 67.5 -999.0 62.1 -999.0 72.5 -999.0 85.6 -999.0 80.7 -999.0 89.0 -999.0 90.8 -999.0 -999.0 -999.0 -999.0 -999.0 -999.0 -999.0
67.8 66.3 64.1 64.5 66.7 69.6 69.7 69.2 70.5 74.4 73.1 72.7 76.2 -999.0 80.6 -999.0 78.9 90.4 79.2 84.0 80.6 -999.0 82.4 -999.0 90.8 -999.0 86.3 84.9 81.7 80.1 79.1 84.4 -999.0 -999.0 -999.0 -999.0 -999.0 -999.0 -999.0 -999.0 -999.0 -999.0 -999.0 -999.0 -999.0 -999.0 -999.0 -999.0 -999.0 -999.0 -999.0 -999.0 -999.0 -999.0 -999.0 -999.0 -999.0 -999.0 -999.0 -999.0 -999.0 -999.0 -999.0 -999.0 -999.0 -999.0 -999.0 -999.0 -999.0 -999.0 -999.0 -999.0 -999.0 -999.0 -999.0 -999.0 -999.0 -999.0 -999.0 -999.0 -999.0 -999.0 -999.0 -999.0
68.0 66.1 64.4 64.6 66.5 69.4 69.7 69.1 70.7 74.1 73.1 72.9 75.6 78.4 79.8 80.3 79.2 88.5 79.8 83.3 81.1 83.2 81.8 81.2 89.3 83.4 85.6 84.4 82.0 79.5 78.8 83.3 78.4 81.4 79.3 81.4 81.1 83.5 81.7 84.3 83.1 81.8 80.6 -999.0 85.0 -999.0 -999.0 -999.0 81.9 85.3 75.8 83.8 76.7 -999.0 -999.0 -999.0 -999.0 -999.0 -999.0 -999.0 -999.0 -999.0 -999.0 -999.0 -999.0 -999.0 -999.0 -999.0 -999.0 -999.0 -999.0 -999.0 -999.0 -999.0 -999.0 -999.0 -999.0 -999.0 -999.0 -999.0 -999.0 -999.0 -999.0 -999.0
67.2 66.0 64.1 64.6 66.7 69.2 69.7 69.1 70.5 74.2 73.1 72.9 76.2 78.2 80.6 80.2 78.9 88.7 79.2 83.2 80.6 82.8 82.4 81.6 90.8 83.6 86.3 84.4 81.7 79.7 79.1 83.7 78.9 81.2 79.9 81.5 81.3 83.4 81.3 84.1 82.7 81.8 80.4 79.0 83.9 78.0 -999.0 75.6 81.3 84.1 76.1 82.8 77.0 76.4 76.0 78.1 76.6 71.1 70.1 68.8 55.1 55.7 56.6 -999.0 85.1 -999.0 -999.0 -999.0 -999.0 -999.0 -999.0 -999.0 -999.0 -999.0 -999.0 -999.0 -999.0 -999.0 -999.0 -999.0 -999.0 -999.0 -999.0 -999.0
64.8 64.9 65.3 65.0 65.7 67.8 69.8 68.9 71.5 72.4 73.0 73.8 73.3 78.2 76.8 80.1 80.5 80.2 81.8 79.1 82.8 82.8 79.5 81.6 83.4 83.6 83.1 82.2 83.1 77.1 77.4 78.1 78.4 81.2 79.3 81.5 81.1 83.3 81.7 84.1 83.1 81.8 80.6 79.0 85.0 78.3 78.8 75.8 81.9 83.9 75.8 82.7 76.7 76.9 76.3 78.0 76.8 71.0 69.9 68.8 55.8 55.7 56.9 56.1 81.2 62.2 63.7 66.2 66.9 62.4 63.0 64.8 69.6 69.1 69.8 -999.0 76.3 -999.0 72.0 -999.0 61.4 77.2 -999.0 60.8
61.8 63.3 64.3 64.1 67.8 67.5 69.8 69.6 72.2 72.5 72.1 73.7 73.6 77.1 77.9 79.2 80.3 80.9 81.5 79.8 80.5 80.5 83.6 83.6 83.4 84.8 85.3 85.9 84.8 82.7 81.0 78.4 80.7 80.2 82.1 82.0 82.0 82.2 80.0 83.4 81.0 82.0 79.6 79.1 79.8 78.2 78.7 76.0 79.1 76.8 77.2 77.1 78.1 76.8 76.0 77.9 76.6 70.8 70.1 68.7 55.1 55.7 56.6 56.0 85.1 62.3 64.1 66.0 68.1 62.7 63.4 64.8 69.3 69.1 69.4 70.6 75.6 63.4 69.3 56.5 60.8 74.0 56.9 60.1
62.3 61.5 63.7 66.6 68.0 68.5 69.7 70.5 69.3 72.1 74.5 75.0 74.5 76.7 77.5 78.6 81.4 81.0 81.6 80.8 80.0 80.0 83.1 83.7 82.6 85.6 85.7 86.2 86.2 84.9 81.1 78.7 79.9 80.7 80.8 80.6 80.7 80.9 81.8 84.1 82.8 82.7 79.9 79.3 80.7 78.9 79.1 77.4 78.2 76.9 76.2 77.8 77.7 79.2 77.5 77.1 77.6 70.7 69.3 68.0 58.6 57.7 58.1 56.1 66.0 62.1 63.7 66.1 62.9 62.8 63.0 64.7 69.6 69.0 69.8 70.5 76.3 63.2 71.9 56.7 61.4 74.0 56.9 60.1
61.4 62.5 61.4 68.6 68.0 68.6 71.7 70.6 70.9 72.0 75.0 74.2 73.8 76.3 75.5 78.0 78.6 81.2 82.2 82.5 82.9 83.0 81.8 84.3 85.3 86.1 87.2 86.5 87.6 85.0 84.2 79.9 83.7 81.0 78.7 81.9 81.8 81.4 82.6 83.7 83.5 83.3 78.9 80.6 77.2 78.7 77.0 77.9 77.2 75.7 74.7 78.4 76.6 77.6 78.0 76.3 73.5 72.6 72.0 64.3 60.9 58.7 59.6 56.1 63.7 63.2 65.7 65.7 64.5 64.5 64.9 64.1 68.1 68.5 67.6 70.5 73.1 62.2 60.2 57.9 58.2 57.6 56.9 57.2
60.5 63.1 63.0 65.9 68.1 69.2 72.7 70.0 73.6 73.2 71.9 74.6 75.7 78.4 76.7 79.6 79.7 81.0 82.0 83.3 87.4 83.0 82.4 83.7 85.4 85.0 86.3 86.4 85.9 85.9 85.8 81.9 83.2 83.7 80.7 81.6 82.6 81.5 82.0 84.5 80.9 82.6 77.3 79.2 78.3 78.6 77.4 76.7 78.5 76.2 76.0 79.1 78.1 79.6 78.8 76.9 78.8 73.6 74.4 62.4 62.9 62.2 63.2 58.9 64.4 64.1 67.5 67.9 63.1 65.6 64.8 62.2 68.4 67.5 67.7 69.6 71.7 60.3 61.1 59.9 58.6 58.6 58.1 59.1
62.3 63.5 64.1 63.7 69.5 69.6 69.0 71.4 72.4 72.3 74.2 74.9 76.6 77.7 77.8 80.9 80.8 81.3 81.4 82.8 82.0 82.3 82.6 83.0 83.1 85.8 87.6 87.9 86.9 88.2 84.8 84.4 84.5 84.6 82.4 81.5 83.2 81.3 82.8 83.4 82.5 81.9 80.3 79.8 78.6 77.6 77.1 78.5 74.7 77.6 76.1 79.2 76.4 78.4 78.1 76.6 76.4 73.7 73.4 60.1 67.3 64.0 63.9 60.6 66.1 65.2 67.6 71.3 65.0 67.5 67.4 63.9 65.2 67.6 68.1 68.1 64.9 58.8 62.6 58.0 56.4 60.2 59.6 60.0
64.9 64.5 64.0 68.1 70.9 73.9 72.4 70.6 74.5 73.5 74.8 74.0 76.4 76.7 74.3 79.4 79.6 80.5 83.2 81.8 81.7 83.5 84.7 84.3 82.6 85.0 86.5 87.0 87.5 87.1 86.4 85.5 87.1 85.4 83.6 83.7 82.6 80.9 82.7 86.5 82.6 83.6 79.6 79.1 76.1 78.4 77.0 76.0 77.1 76.4 75.1 78.0 80.4 79.1 79.9 77.1 78.8 75.1 70.9 61.5 68.3 68.5 64.2 62.0 64.0 64.9 67.3 69.1 67.6 66.8 66.5 67.2 65.9 67.7 68.4 67.3 61.6 60.0 62.7 59.5 60.1 64.2 59.7 61.3
64.0 65.7 63.7 72.0 69.2 72.6 71.9 71.1 71.2 72.9 73.6 75.1 75.2 77.5 77.4 80.3 80.7 81.1 82.8 82.4 83.6 83.9 86.8 85.0 82.7 84.4 86.4 85.7 85.4 88.0 88.7 86.9 84.1 84.1 83.5 84.2 82.9 83.3 84.3 85.0 84.5 82.1 78.2 79.1 77.7 77.7 76.5 75.9 77.0 77.4 77.3 79.3 77.9 79.1 78.1 78.7 78.1 76.4 72.3 63.8 70.7 69.9 61.1 62.7 65.7 66.0 69.1 72.5 70.3 69.2 68.4 66.5 69.7 70.0 70.5 70.3 64.1 60.8 63.4 62.2 63.9 66.0 63.7 64.2
68.0 67.6 68.8 72.5 72.8 74.4 72.6 71.5 69.8 70.4 74.1 74.8 74.9 77.5 79.2 77.8 81.0 81.7 82.8 82.2 84.3 83.9 85.9 83.7 81.1 83.9 85.6 86.7 87.5 88.3 87.8 87.0 84.6 84.1 82.1 84.7 81.9 84.4 82.1 82.0 84.8 82.0 78.5 79.3 79.1 76.9 77.7 76.2 75.4 78.6 76.4 79.9 79.4 79.3 79.2 78.7 79.1 75.2 71.9 66.5 68.0 68.1 61.9 65.3 67.6 66.2 70.5 75.6 67.9 69.9 69.8 71.0 70.2 71.4 70.1 69.0 66.2 64.6 66.2 65.2 66.0 67.6 62.3 66.3
72.6 70.7 74.4 73.3 75.2 74.9 73.5 72.3 74.4 70.4 74.5 76.0 76.0 78.2 79.6 78.7 81.2 81.6 83.0 81.2 84.5 83.1 84.6 83.2 82.5 82.5 85.1 86.7 88.4 88.1 90.2 87.0 86.5 85.1 84.8 84.1 83.8 84.3 81.9 82.6 83.4 82.8 81.4 78.8 78.5 77.6 79.2 77.3 79.6 79.2 76.1 78.0 78.8 80.9 80.8 79.0 74.8 73.4 71.2 68.0 70.0 66.6 61.4 64.4 65.7 67.9 71.2 72.4 64.4 70.5 70.3 70.9 75.6 69.8 69.8 67.7 65.3 68.6 68.1 69.0 69.5 68.9 68.4 69.3
73.5 75.4 77.3 75.2 75.8 75.0 76.3 73.2 75.2 72.8 74.3 75.4 75.6 77.8 79.0 81.5 80.0 80.4 82.6 82.8 84.0 83.7 81.8 84.6 82.6 82.3 83.4 85.9 86.7 88.2 87.4 86.7 86.5 86.1 84.6 83.9 81.8 82.6 84.1 83.6 83.6 83.1 79.8 80.7 80.0 79.6 79.4 78.4 81.9 78.8 77.9 78.6 80.1 81.6 81.1 78.1 77.0 73.9 69.8 67.5 66.5 67.3 63.3 63.5 64.8 68.7 69.5 68.5 63.4 71.4 70.0 70.8 73.5 70.2 68.4 67.5 61.4 70.3 74.2 71.8 72.8 72.3 73.0 72.0
74.9 77.3 77.7 77.8 79.6 76.6 75.3 74.4 73.3 74.7 74.5 74.9 75.1 77.9 79.4 81.7 79.1 82.3 82.8 83.5 82.3 83.0 81.6 85.3 82.7 82.3 81.4 84.2 88.6 87.4 87.4 86.9 87.4 85.6 82.6 84.6 84.0 84.6 84.5 84.3 82.9 83.8 81.7 80.0 79.3 80.4 79.7 79.9 80.6 79.9 78.1 79.9 82.6 80.3 78.4 77.5 78.1 73.6 69.3 66.2 65.6 67.1 66.1 63.4 67.1 69.1 71.2 69.8 67.5 68.8 71.4 70.5 67.5 67.8 67.1 67.4 62.4 71.3 77.2 75.1 79.0 75.1 74.8 75.8
76.4 77.6 79.9 78.7 79.9 77.2 78.8 76.4 75.6 73.7 74.1 75.5 77.0 78.5 79.8 81.0 79.6 81.6 82.1 82.8 85.2 82.7 83.2 84.8 84.4 83.3 82.4 82.1 85.9 86.0 89.6 86.0 87.0 86.0 82.0 84.7 83.7 82.5 83.7 85.0 81.8 83.8 82.1 81.9 82.1 81.6 83.1 82.1 82.4 80.1 76.6 78.6 80.8 80.9 81.6 77.3 80.7 76.1 70.2 66.4 67.6 68.9 66.8 63.8 69.3 68.3 69.1 68.6 67.0 68.1 69.9 70.0 67.1 67.8 65.8 68.7 70.4 75.1 79.6 78.4 81.1 77.2 77.4 75.6
75.8 78.4 76.8 79.9 77.7 77.7 80.2 78.7 77.0 75.0 75.4 76.0 76.4 78.3 79.0 80.1 81.4 81.3 82.9 81.4 86.6 84.5 85.6 84.4 82.3 81.6 82.2 80.2 86.6 84.8 89.9 87.5 86.5 87.2 83.9 84.9 82.8 82.2 82.3 83.2 85.0 83.9 82.8 82.4 83.1 82.5 83.6 82.5 84.0 80.4 74.9 76.6 78.3 81.4 79.7 78.3 80.6 76.7 69.9 68.7 72.8 71.2 73.0 65.1 66.0 65.9 70.5 66.6 64.1 67.4 67.9 66.7 67.6 68.8 67.1 68.5 72.6 77.8 83.9 79.9 81.7 78.6 76.6 74.7
77.9 78.9 75.2 79.2 78.9 78.1 80.8 79.3 78.2 77.1 77.4 76.6 76.1 80.2 80.0 81.6 81.1 80.7 83.1 83.0 88.0 84.1 84.5 84.0 83.0 81.0 80.9 80.3 83.7 86.4 86.3 87.6 87.3 86.8 85.6 83.4 81.9 83.1 82.4 84.3 83.7 84.0 84.5 82.0 82.7 83.7 83.4 83.0 83.0 83.4 72.4 77.4 81.4 82.0 79.5 78.0 76.1 77.6 68.9 68.9 70.2 75.1 76.0 71.2 67.4 65.4 68.1 64.0 63.4 66.6 66.7 63.8 65.0 65.5 64.6 67.9 75.5 78.1 82.7 81.5 81.3 78.4 76.3 75.2
78.5 77.8 77.9 77.7 79.9 79.3 81.2 80.3 81.3 79.2 77.1 79.3 78.4 81.1 81.1 81.2 82.0 81.2 84.6 84.1 81.4 84.3 86.1 85.1 84.0 82.6 81.9 82.4 83.8 85.3 84.7 86.2 86.3 86.9 89.6 81.6 84.1 83.5 82.9 83.2 84.7 84.3 83.1 84.2 83.4 83.5 83.7 82.9 85.7 82.9 73.6 78.3 81.3 81.2 80.1 76.0 79.5 76.3 69.2 69.4 71.2 77.6 75.4 72.8 71.4 64.1 65.2 65.5 63.9 65.6 64.5 64.0 65.7 63.3 66.0 67.2 77.0 79.5 82.5 82.0 80.4 79.3 77.3 75.9
79.3 75.9 82.7 79.3 80.3 80.2 80.4 80.4 80.1 79.3 82.2 79.3 78.3 81.8 79.3 81.7 80.8 81.1 82.5 84.0 80.4 83.4 83.7 84.3 82.4 83.7 80.2 81.7 84.3 84.5 83.9 86.5 87.9 86.7 85.5 82.9 81.8 82.5 82.5 82.9 83.6 85.1 83.8 85.4 84.6 82.2 83.5 83.3 83.8 83.1 74.9 78.0 79.0 79.7 79.5 78.1 79.2 75.2 70.7 70.0 74.8 77.9 79.7 74.8 72.4 65.1 64.8 66.0 65.4 63.8 65.5 64.1 64.7 64.2 67.8 68.2 79.4 81.5 85.0 82.4 84.7 79.9 78.7 75.6
79.8 76.6 80.5 79.6 80.1 79.8 82.0 80.2 81.8 81.2 81.3 79.6 78.5 82.2 82.1 81.8 81.7 82.2 84.8 84.2 84.0 83.3 84.5 85.3 84.0 83.2 80.8 79.7 82.1 85.0 87.2 86.0 86.0 87.0 85.9 83.1 82.4 84.1 81.9 82.4 84.6 84.3 83.9 84.2 85.5 83.6 84.7 83.8 83.4 82.8 73.9 77.8 75.9 79.0 79.5 79.6 79.6 73.8 70.0 70.3 76.1 77.6 80.0 75.7 71.8 69.3 66.4 67.4 63.6 63.9 64.5 63.2 64.1 63.2 72.6 70.1 82.0 80.7 84.5 82.2 84.8 81.9 78.0 76.0
78.0 76.5 77.1 80.1 83.0 81.4 82.2 81.7 82.9 81.8 81.5 81.4 79.0 82.4 80.9 83.3 83.6 82.1 83.6 84.6 84.1 81.9 84.5 84.6 84.0 81.7 81.6 81.5 80.9 85.6 86.1 85.2 86.3 85.8 86.8 83.1 80.4 83.6 83.0 82.2 84.9 85.4 82.9 85.5 85.0 83.0 83.6 83.2 83.3 81.6 74.4 77.5 73.7 78.1 79.4 77.1 80.8 71.3 67.9 70.1 75.4 78.4 81.0 75.9 76.0 70.5 68.0 69.7 64.1 64.0 63.3 63.9 63.4 65.3 72.0 71.2 80.8 81.5 85.8 81.7 82.4 80.7 80.1 78.5
77.1 77.4 78.6 78.9 81.4 80.3 82.3 81.7 82.2 81.4 82.5 81.7 80.2 82.5 81.6 82.3 83.1 83.6 83.7 84.1 83.0 81.9 81.4 83.8 80.9 80.2 79.8 81.4 81.3 85.5 85.7 83.5 85.6 85.5 86.0 83.6 84.7 83.6 82.8 82.7 84.6 85.3 86.5 88.2 83.7 82.5 83.7 84.9 81.7 80.8 74.3 77.4 80.7 79.8 79.8 77.5 81.2 71.4 69.7 71.1 78.4 80.1 79.9 77.1 79.7 75.7 69.1 71.0 65.2 68.4 66.5 64.8 63.2 67.0 71.9 74.3 82.6 82.4 82.8 82.1 80.5 80.6 80.7 79.6
76.8 77.8 80.2 79.7 80.2 80.4 83.9 81.6 82.7 82.6 82.0 81.7 80.0 81.6 81.5 83.6 83.3 82.8 83.5 82.0 82.6 84.0 82.9 83.7 83.7 81.8 80.3 81.2 82.8 84.5 84.7 85.3 84.5 85.4 86.3 84.1 82.2 83.2 82.7 82.5 82.7 85.5 84.2 87.5 82.2 83.1 83.9 82.7 85.4 78.1 77.0 78.4 83.2 80.4 80.1 80.8 78.5 73.5 72.1 71.5 76.6 80.4 79.1 79.3 83.7 77.9 72.0 71.5 68.4 69.6 68.6 65.4 66.0 69.0 74.8 76.1 82.5 82.1 81.6 83.0 79.9 82.7 80.4 79.9
75.1 77.4 78.4 79.6 76.2 81.6 82.3 82.3 82.9 83.2 82.9 83.3 81.2 83.2 82.0 83.8 84.3 83.0 84.2 84.1 84.0 84.7 83.3 84.0 84.1 82.6 81.9 80.3 81.4 83.9 84.9 86.0 84.2 84.8 87.0 84.3 82.7 82.0 81.9 81.9 84.7 85.6 84.5 85.3 81.8 83.7 84.5 80.6 85.7 77.8 77.0 79.3 79.4 80.1 80.8 82.1 80.5 73.8 69.8 69.0 78.2 80.4 79.3 80.4 83.1 79.9 74.2 72.7 68.1 73.2 70.4 67.4 67.4 70.5 74.2 77.0 82.1 83.0 83.1 82.4 80.5 81.1 78.9 80.6
77.6 78.2 78.3 80.5 79.7 81.3 84.5 81.8 82.8 82.8 83.5 83.0 80.2 83.5 82.5 83.3 83.0 83.9 84.7 84.0 83.3 83.3 83.3 84.2 81.8 85.3 82.5 80.8 81.1 83.4 88.4 85.3 84.9 85.2 84.9 83.9 83.8 80.9 81.2 82.6 82.2 86.0 85.0 84.1 81.8 83.0 84.5 81.4 81.9 78.2 77.3 80.1 80.4 81.5 83.0 80.9 80.2 73.5 68.2 70.8 76.4 79.1 79.3 80.8 82.3 82.5 77.6 74.4 69.5 75.8 75.4 69.5 68.0 71.5 75.7 79.8 83.1 82.7 84.6 81.4 81.4 80.2 79.1 81.6
79.9 78.3 79.5 80.2 80.7 82.1 84.0 82.4 84.6 83.2 83.3 83.7 82.7 83.5 83.8 83.2 83.2 83.9 85.1 83.8 84.1 83.6 83.1 83.6 82.9 84.2 79.6 80.3 81.2 81.4 87.7 85.1 84.9 85.1 85.1 84.1 84.1 79.5 82.4 81.8 83.2 85.9 84.5 83.6 83.9 83.3 84.3 83.3 82.5 78.6 77.3 79.9 79.4 81.2 81.3 80.5 79.9 74.1 70.3 72.1 76.9 78.7 79.3 79.7 83.3 82.1 80.7 75.2 76.3 77.3 76.5 70.6 73.0 75.9 76.0 80.2 83.6 83.2 82.6 81.8 80.7 80.9 79.6 82.0
80.9 78.5 79.0 79.6 80.8 81.6 82.6 84.7 84.1 83.0 84.2 83.0 81.4 83.4 80.3 83.5 84.1 85.1 83.1 84.7 84.6 83.6 83.4 83.9 82.6 83.6 78.4 79.7 82.6 82.0 87.3 85.5 82.9 84.8 83.7 84.2 83.6 80.1 81.2 81.6 83.6 85.4 85.1 83.2 83.7 83.2 81.9 82.9 85.1 77.3 79.1 79.9 81.0 80.9 82.3 80.8 80.3 73.4 70.7 71.0 79.4 79.5 80.4 79.8 83.7 84.4 82.0 77.9 78.0 79.2 78.7 72.0 77.1 78.8 75.3 82.6 84.1 83.0 83.9 81.5 79.5 80.5 80.4 80.2
82.2 77.5 79.8 80.8 81.9 82.6 84.4 83.5 82.4 82.2 83.5 82.9 80.7 83.7 82.8 84.0 83.1 85.7 84.1 84.4 85.3 84.0 84.1 84.0 83.7 83.4 80.2 79.8 82.4 82.4 88.1 85.9 85.6 85.0 84.7 82.2 83.1 80.4 77.9 81.4 85.5 85.4 83.9 84.7 85.3 82.6 83.2 83.1 87.1 78.1 81.1 81.0 80.6 80.4 81.3 80.1 76.2 71.7 71.5 73.6 79.0 79.1 80.9 80.2 83.1 84.1 82.5 80.3 80.1 80.7 77.0 74.7 78.7 81.1 76.9 82.9 82.8 82.1 84.2 81.3 81.6 79.6 79.1 79.2
