morphological_analysis/input_data/survey/q07_9/matrix_q07_9s2.txt
north:            -537.50
south:           -1267.50
east:             2691.00
west:              -93.00
rows:                 148
cols:                 278
null:              -999.0
[rows 0 to 37 of 148, columns 0 to 83 of 278]
73.9 70.9 74.2 68.4 71.2 66.2 67.2 72.4 70.4 70.4 70.6 72.4 74.0 74.4 75.3 75.7 72.3 71.5 71.3 71.8 68.7 65.3 60.0 60.2 56.6 58.2 63.2 63.5 62.3 60.6 58.5 56.1 56.8 64.1 81.9 104.1 -999.0 -999.0 -999.0 -999.0 112.3 88.1 57.4 59.5 62.4 63.4 66.2 59.0 53.4 49.4 46.3 53.3 50.8 57.7 64.9 60.8 67.1 74.9 61.5 57.9 54.7 62.0 61.7 62.8 61.1 62.3 65.3 61.5 62.9 63.7 62.7 55.0 53.5 57.3 53.8 -999.0 50.8 51.9 49.9 54.7 57.4 49.9 56.3 62.5
69.0 70.0 73.5 67.9 70.1 66.2 65.9 72.2 69.9 70.7 70.2 71.3 74.1 74.3 74.2 75.6 70.2 70.9 72.2 70.9 68.9 64.9 59.3 60.6 56.7 58.3 63.4 63.7 61.0 62.4 58.6 56.7 54.5 64.3 84.9 104.1 -999.0 -999.0 -999.0 -999.0 114.1 88.3 57.8 59.7 62.6 63.4 65.0 58.9 52.5 49.6 45.6 53.3 51.2 58.2 68.1 61.1 66.8 75.0 65.6 58.0 54.6 62.1 60.9 62.7 60.7 62.2 64.6 61.3 63.7 63.8 62.5 55.1 53.5 57.3 54.8 55.1 53.1 52.3 51.7 54.9 60.0 49.8 56.3 62.5
92.6 83.2 83.9 79.1 82.3 77.3 83.6 80.1 84.6 82.8 89.6 85.0 89.6 85.6 89.1 87.0 87.9 87.4 87.8 85.9 85.3 78.6 75.6 74.6 72.6 70.8 71.6 70.1 73.4 74.4 68.8 72.4 73.0 83.9 97.9 104.1 -999.0 -999.0 -999.0 -999.0 113.0 107.1 57.8 64.2 63.3 63.0 66.2 61.7 54.8 51.9 50.8 55.3 52.4 58.2 67.9 64.0 70.2 75.0 69.6 59.1 58.6 63.7 66.4 66.8 62.0 63.3 67.8 64.2 63.6 65.3 64.2 56.4 53.9 59.1 53.8 55.3 54.5 52.7 52.0 54.3 59.3 51.9 59.9 76.6
87.9 84.0 80.6 79.6 78.6 78.4 78.1 80.4 80.2 83.3 83.5 85.6 84.8 97.3 102.0 87.8 82.1 101.3 82.4 99.7 104.2 95.0 98.8 93.0 95.4 89.6 96.0 91.4 99.1 93.3 95.9 92.3 92.5 94.3 111.4 -999.0 -999.0 -999.0 -999.0 -999.0 112.8 114.8 105.3 75.6 69.4 65.5 69.2 63.7 56.1 54.4 51.6 57.2 56.7 61.2 71.7 66.2 72.2 75.7 71.2 64.7 62.5 66.5 67.6 66.9 61.0 64.8 68.4 66.2 67.3 68.0 64.9 59.3 57.8 61.8 59.5 55.3 54.6 54.0 54.5 56.3 60.7 57.8 56.9 104.9
92.6 -999.0 83.9 -999.0 82.3 -999.0 83.6 -999.0 84.7 -999.0 89.7 -999.0 89.7 97.8 99.5 -999.0 88.9 101.9 87.8 100.3 100.7 95.9 94.2 93.7 90.9 90.3 92.0 93.2 94.2 95.0 90.5 107.8 111.0 103.7 108.8 -999.0 -999.0 -999.0 -999.0 -999.0 -999.0 115.3 114.4 94.2 91.1 82.3 79.6 72.1 61.9 59.1 56.0 62.6 59.2 65.6 71.5 69.4 75.9 77.7 74.5 66.6 65.4 69.2 71.1 74.4 63.3 69.2 68.4 70.0 69.6 69.6 69.6 59.1 60.8 63.1 61.2 57.9 55.0 55.4 55.5 59.2 60.6 77.7 94.4 108.7
-999.0 -999.0 -999.0 -999.0 -999.0 -999.0 -999.0 -999.0 -999.0 -999.0 -999.0 -999.0 -999.0 -999.0 102.0 -999.0 -999.0 -999.0 -999.0 -999.0 104.3 -999.0 98.8 -999.0 95.4 -999.0 96.3 -999.0 99.2 -999.0 95.9 108.6 107.5 104.2 111.7 -999.0 -999.0 -999.0 -999.0 -999.0 -999.0 -999.0 112.8 114.4 110.8 100.4 107.0 102.4 101.5 90.2 102.5 90.8 86.9 83.3 73.1 76.9 78.4 83.4 79.6 70.6 67.3 71.9 74.3 72.8 64.9 71.6 69.1 71.7 70.8 71.9 68.3 69.0 63.0 69.3 62.3 109.7 61.3 62.5 52.8 63.4 60.2 86.1 103.9 117.5
-999.0 -999.0 -999.0 -999.0 -999.0 -999.0 -999.0 -999.0 -999.0 -999.0 -999.0 -999.0 -999.0 -999.0 -999.0 -999.0 -999.0 -999.0 -999.0 -999.0 -999.0 -999.0 -999.0 -999.0 -999.0 -999.0 -999.0 -999.0 -999.0 -999.0 -999.0 -999.0 111.0 -999.0 -999.0 -999.0 -999.0 -999.0 -999.0 -999.0 -999.0 -999.0 114.5 115.2 106.7 101.1 101.4 117.8 95.1 91.6 86.3 119.9 81.8 110.8 111.7 103.5 102.7 86.7 77.7 122.0 105.5 82.3 97.8 121.0 62.9 87.5 71.5 78.5 87.4 81.0 105.0 98.0 95.0 111.3 97.8 120.4 95.2 98.4 94.3 95.9 62.6 110.4 113.2 120.2
-999.0 -999.0 -999.0 -999.0 -999.0 -999.0 -999.0 -999.0 -999.0 -999.0 -999.0 -999.0 -999.0 -999.0 -999.0 -999.0 -999.0 -999.0 -999.0 -999.0 -999.0 -999.0 -999.0 -999.0 -999.0 -999.0 -999.0 -999.0 -999.0 -999.0 -999.0 -999.0 -999.0 -999.0 -999.0 -999.0 -999.0 -999.0 -999.0 -999.0 -999.0 -999.0 -999.0 -999.0 110.8 -999.0 107.0 118.6 102.0 -999.0 103.2 121.0 87.0 120.6 122.2 120.5 122.2 120.3 121.3 122.5 121.9 121.4 123.8 113.3 119.3 117.0 121.7 118.9 120.0 120.0 116.9 118.6 121.5 116.9 116.4 122.6 108.7 118.4 111.6 117.4 119.7 121.2 120.4 120.8
80.0 91.0 87.5 -999.0 -999.0 -999.0 -999.0 -999.0 -999.0 -999.0 -999.0 -999.0 -999.0 -999.0 -999.0 -999.0 -999.0 -999.0 -999.0 -999.0 -999.0 -999.0 -999.0 -999.0 -999.0 -999.0 -999.0 -999.0 -999.0 -999.0 -999.0 -999.0 -999.0 -999.0 -999.0 -999.0 -999.0 -999.0 -999.0 -999.0 -999.0 -999.0 -999.0 -999.0 -999.0 -999.0 -999.0 -999.0 -999.0 -999.0 -999.0 -999.0 -999.0 121.1 120.6 122.7 122.1 122.0 122.3 123.5 123.5 123.5 123.5 122.5 121.9 122.0 121.2 125.8 123.2 123.4 124.1 122.5 122.6 124.1 123.0 123.1 123.1 123.6 119.2 123.0 122.3 123.5 122.0 124.2
79.3 89.0 84.9 75.3 77.3 78.7 77.7 79.0 79.4 79.4 80.6 77.7 -999.0 81.4 79.7 75.5 73.0 74.0 75.6 74.9 77.1 89.0 77.9 103.2 100.2 -999.0 85.8 88.9 82.8 79.6 79.6 80.1 -999.0 -999.0 -999.0 -999.0 106.8 -999.0 -999.0 112.8 -999.0 -999.0 -999.0 -999.0 -999.0 -999.0 -999.0 -999.0 -999.0 -999.0 -999.0 -999.0 -999.0 121.7 121.8 122.8 123.5 122.9 122.6 123.6 123.6 123.7 123.9 123.7 120.3 123.2 124.0 125.7 123.3 123.3 124.9 124.3 124.4 124.6 125.6 124.4 124.8 124.7 125.4 124.5 125.1 125.6 123.6 125.2
80.0 88.9 87.5 75.7 77.7 78.7 78.0 79.1 79.5 79.7 80.8 77.9 -999.0 81.0 79.9 75.7 73.2 74.1 75.8 74.8 77.1 87.2 77.9 99.7 100.2 83.6 85.2 88.1 82.8 79.9 79.7 80.8 87.3 79.9 -999.0 81.4 101.8 81.7 84.5 108.4 -999.0 80.1 78.9 83.7 81.3 78.2 80.5 94.4 77.5 79.0 76.6 78.7 -999.0 121.2 121.6 122.5 122.8 122.7 123.6 123.8 121.4 122.4 125.0 123.5 123.9 124.1 124.3 125.4 122.2 119.9 124.9 123.7 124.9 124.6 125.9 124.5 125.8 125.5 125.1 125.4 125.5 126.0 124.7 125.3
76.8 77.5 75.5 75.7 77.3 78.7 77.7 79.2 79.4 79.7 80.6 78.0 79.6 81.1 79.7 75.7 73.0 74.1 75.6 74.8 77.1 87.3 77.9 98.6 100.2 83.8 85.8 88.2 82.8 80.0 79.6 78.1 87.3 80.0 78.5 81.3 106.8 81.2 85.5 107.7 -999.0 80.3 78.9 82.5 80.3 78.2 80.0 91.9 77.7 78.8 76.3 78.6 76.7 103.1 105.4 115.2 122.5 121.4 122.0 122.7 122.5 120.8 124.5 122.2 125.0 123.5 123.2 123.4 119.1 118.4 125.1 122.5 122.9 124.8 125.0 124.1 124.2 124.7 125.4 123.1 125.5 124.0 123.3 123.6
77.4 77.0 78.1 78.0 79.3 78.7 79.1 80.0 79.8 81.3 81.6 79.6 79.6 79.5 80.6 76.9 73.8 74.8 76.6 74.4 76.6 77.4 78.0 80.2 85.4 83.7 82.7 84.6 85.1 82.1 80.3 78.4 81.0 80.0 78.6 81.2 81.9 81.3 81.0 82.6 82.9 80.3 78.9 81.9 81.3 78.3 80.5 92.0 77.5 78.9 76.6 78.7 76.3 95.6 95.4 82.1 117.3 116.7 102.9 117.3 94.5 67.7 122.7 116.1 125.4 121.0 122.8 119.2 123.5 62.2 121.1 120.0 122.4 114.8 118.0 121.2 122.0 121.5 123.8 120.7 121.5 121.8 122.4 121.9
77.2 77.9 79.1 79.7 77.9 79.4 81.2 80.7 79.1 81.3 85.0 82.6 81.9 81.5 83.2 78.4 74.4 76.0 76.6 75.0 75.0 77.7 77.9 79.5 81.7 84.4 84.5 85.5 84.5 85.3 83.7 78.4 80.3 80.6 78.5 80.7 81.6 77.8 84.6 81.7 82.7 81.1 79.7 80.0 76.6 79.8 78.0 78.1 78.5 78.0 75.6 78.3 78.1 76.9 75.4 77.7 119.4 79.1 76.1 79.0 92.5 67.0 58.4 77.1 79.8 107.4 75.7 91.5 57.7 61.0 101.0 107.2 113.8 110.2 121.8 111.9 118.2 111.3 119.1 78.5 119.7 75.6 109.8 111.5
76.9 79.1 78.3 77.6 77.8 81.4 80.9 81.4 80.1 81.1 82.6 84.1 85.0 82.4 84.2 80.3 78.4 76.5 76.7 77.5 78.2 78.3 77.9 79.9 83.0 83.7 86.1 87.7 88.7 85.3 87.5 81.2 80.2 79.8 79.1 81.0 81.1 81.5 83.7 82.3 83.6 80.3 79.4 80.4 79.6 80.1 77.0 77.9 77.3 77.8 75.5 79.0 77.0 76.6 77.6 76.0 76.5 75.1 76.0 77.9 75.6 67.3 62.1 62.4 62.3 58.3 76.3 55.9 58.9 60.7 64.8 63.8 58.5 64.4 63.6 65.9 63.4 68.2 67.0 75.5 69.5 75.9 69.1 71.0
77.1 78.2 77.1 77.5 80.0 81.5 83.0 81.4 82.5 81.9 80.5 85.4 85.5 84.3 86.3 84.1 81.5 80.8 77.3 80.8 77.5 77.3 79.1 80.4 83.8 83.4 87.3 88.0 88.6 86.7 85.8 84.2 80.8 81.0 79.7 80.8 83.3 82.1 82.1 82.6 83.8 80.6 80.4 80.1 79.9 78.5 79.2 76.3 78.1 76.7 74.5 78.6 77.9 76.6 77.8 77.5 75.9 76.7 76.9 76.6 75.2 67.3 59.0 64.9 61.8 58.2 58.1 58.4 60.5 62.7 64.1 61.8 61.6 63.0 62.7 64.2 61.7 65.6 67.5 67.8 67.8 68.7 69.2 69.7
76.5 77.7 76.4 76.7 79.8 81.1 81.8 83.0 81.4 83.5 81.2 84.6 85.1 84.5 87.5 86.0 83.2 82.2 80.2 82.2 79.2 79.5 78.9 81.9 82.9 84.6 88.9 88.1 89.9 86.7 86.8 84.7 84.3 83.9 82.0 82.0 83.8 81.2 83.1 83.9 82.2 81.0 79.9 77.1 79.0 77.3 76.0 77.4 77.1 78.5 77.6 79.7 78.2 77.2 77.7 76.6 76.4 76.2 76.2 76.0 75.1 65.2 62.5 64.4 64.1 61.8 63.5 63.0 61.5 62.9 66.3 64.5 66.7 63.1 65.8 65.6 64.0 67.1 67.1 66.3 68.1 69.7 68.7 70.9
76.1 78.6 77.3 75.9 80.1 80.2 81.2 82.9 82.6 83.0 80.7 81.3 83.6 85.3 90.1 86.2 82.9 82.4 82.4 84.4 83.6 79.7 80.9 81.8 83.3 86.3 88.2 89.1 88.7 86.4 86.3 85.5 83.9 84.0 83.7 84.2 83.0 82.3 82.8 84.2 84.3 80.7 79.2 76.3 78.2 76.1 78.6 76.7 76.3 79.2 77.1 79.1 80.2 77.8 77.6 78.2 80.0 77.1 76.6 76.5 75.4 65.4 64.1 64.0 65.4 66.6 65.6 66.6 64.4 65.0 65.0 64.3 64.8 64.9 65.7 66.4 66.7 68.7 65.9 66.7 66.6 69.3 69.1 71.1
75.4 76.9 77.8 74.7 81.0 79.7 82.8 82.1 83.1 83.4 81.5 81.3 83.7 85.4 89.4 87.0 84.1 84.2 84.6 85.6 85.8 80.5 82.4 83.2 84.0 85.4 87.1 88.4 88.5 88.0 86.0 86.8 85.3 82.9 83.7 84.2 83.8 86.2 84.1 84.8 83.2 81.5 77.4 79.6 77.1 74.2 77.5 75.4 76.6 77.1 76.5 80.0 79.7 78.1 79.2 78.5 78.4 77.3 79.0 74.6 73.2 65.0 67.1 65.9 71.0 69.5 67.6 67.8 63.1 65.6 65.6 63.2 66.1 66.5 66.3 66.6 68.4 68.5 70.7 67.1 69.0 68.8 69.0 71.1
76.4 77.3 76.5 80.2 81.1 81.1 83.8 82.7 82.0 84.4 81.5 80.8 81.0 85.1 88.2 86.8 85.4 84.6 83.4 84.6 84.4 82.9 81.9 83.1 84.3 87.7 87.2 88.0 89.0 88.7 86.5 84.6 84.3 84.8 84.4 84.5 83.7 85.3 81.8 84.1 81.3 82.0 78.9 81.1 77.6 74.7 73.9 74.9 78.7 76.6 76.4 79.8 79.8 78.5 79.3 79.0 77.8 78.2 76.5 75.7 74.8 65.1 68.8 70.3 72.2 69.4 69.6 69.3 65.5 65.3 66.0 64.3 67.9 68.4 66.3 67.3 68.3 67.1 69.3 67.7 69.5 69.1 68.7 70.9
74.7 77.4 78.7 78.2 79.9 79.7 81.4 84.3 83.1 84.9 83.0 80.6 83.0 84.1 88.3 86.3 84.5 85.3 87.8 84.3 85.1 83.5 82.5 84.4 86.6 87.8 87.9 88.7 88.9 87.8 87.3 85.1 86.7 84.3 84.3 84.9 83.8 84.0 81.8 83.1 81.9 83.8 78.9 78.9 78.0 75.7 75.7 77.2 76.4 76.7 77.3 80.5 80.1 78.1 78.3 77.5 77.2 74.2 76.8 74.2 74.5 66.1 72.3 73.7 73.6 71.4 70.2 70.1 66.1 67.5 65.2 65.8 65.6 67.4 64.9 65.2 67.6 66.9 67.8 67.9 69.4 67.8 70.7 70.8
73.5 76.2 77.9 77.2 79.3 80.8 80.8 82.8 82.9 83.9 83.9 81.3 82.1 84.2 87.6 85.0 84.5 84.9 86.0 84.6 83.9 82.8 81.9 84.2 84.1 87.4 86.4 89.4 90.0 86.0 87.3 85.9 86.2 83.5 83.7 85.3 83.8 83.8 81.6 82.7 80.8 82.2 79.6 79.5 77.3 76.7 78.0 77.9 77.9 76.9 76.0 82.2 79.8 79.1 79.6 78.0 77.3 75.3 75.9 73.4 72.0 66.9 76.4 75.9 73.1 70.8 70.2 69.8 69.7 67.3 68.3 67.1 66.5 69.1 68.9 67.5 66.8 67.2 67.4 67.6 67.7 68.6 68.6 70.7
72.6 74.8 76.5 77.7 78.8 80.0 81.8 82.7 82.5 83.7 84.1 81.7 80.9 83.1 87.5 84.4 85.4 85.7 86.5 84.8 86.1 82.2 83.0 84.1 84.9 87.3 87.0 89.6 88.9 85.8 86.8 85.6 86.9 83.5 85.0 84.9 84.4 81.8 83.2 82.1 81.0 82.3 79.2 80.1 78.6 78.4 79.8 78.3 80.0 79.0 76.7 81.4 79.3 79.3 80.7 79.1 72.6 75.3 74.7 75.0 70.7 70.7 80.0 76.2 70.7 70.3 70.1 69.6 69.6 70.1 70.5 67.4 67.4 69.0 69.8 67.7 68.8 68.6 67.7 67.5 67.3 68.9 68.9 71.0
73.1 74.1 74.5 76.6 78.1 79.7 82.7 84.0 82.1 84.3 84.1 84.1 81.4 82.7 85.4 85.5 85.0 84.7 88.2 85.5 85.8 83.9 81.5 83.7 85.5 87.0 88.7 88.4 88.2 86.7 87.1 85.7 85.9 84.9 82.8 84.2 82.2 82.4 81.8 82.3 82.7 81.7 81.7 81.4 79.6 80.2 79.2 82.6 81.6 80.7 77.9 81.1 81.5 79.6 79.6 77.3 74.4 76.1 73.8 75.3 71.7 76.5 79.9 76.3 71.6 70.6 70.8 70.3 71.7 71.1 70.8 67.6 66.1 68.6 66.8 68.2 68.0 68.9 68.7 67.6 66.5 68.9 68.3 70.4
71.6 72.6 74.0 74.9 77.6 79.0 81.4 83.2 83.3 85.3 84.9 83.8 80.6 81.6 83.7 85.1 84.4 83.7 88.9 84.6 85.1 82.9 84.2 83.1 85.2 85.8 87.6 88.0 89.9 87.3 86.2 86.7 85.3 84.5 85.3 85.1 83.8 82.2 81.9 83.6 84.2 81.5 82.7 82.5 82.1 81.3 81.5 82.3 85.7 80.1 75.3 80.6 81.6 78.5 76.3 77.6 76.5 76.1 74.1 76.6 72.6 76.9 79.4 73.5 72.0 70.9 71.0 71.3 75.1 71.2 71.3 67.2 67.7 67.3 67.3 68.2 67.5 69.0 68.6 67.5 67.3 69.8 68.3 69.8
72.0 72.6 73.5 73.9 76.1 79.0 81.1 80.5 80.2 84.5 85.0 85.0 81.0 81.9 84.8 85.6 85.6 84.2 85.1 85.0 86.4 82.4 83.0 83.5 84.3 84.0 87.7 88.7 88.1 87.4 88.0 86.8 83.2 84.0 83.7 85.1 83.0 83.7 80.4 83.1 84.0 82.8 80.6 84.4 84.3 82.7 82.5 82.2 81.8 81.9 75.1 79.4 80.3 81.0 79.7 79.0 79.0 78.9 75.9 76.7 73.8 77.1 80.3 71.5 69.5 70.8 71.2 71.0 74.1 72.8 72.8 68.8 67.8 68.5 68.4 68.3 68.7 67.2 68.9 67.7 68.4 70.6 68.3 70.0
71.7 72.1 71.3 73.6 75.8 78.6 80.5 80.3 81.9 84.1 84.1 86.3 81.6 82.7 87.1 86.3 85.7 86.0 86.4 85.5 84.5 81.8 81.8 84.5 83.8 86.3 89.3 88.6 87.3 86.5 86.8 87.5 84.6 84.2 83.8 84.2 82.8 84.3 81.8 83.5 83.7 83.4 83.8 83.1 84.5 82.5 82.4 83.0 83.4 82.7 73.1 79.3 81.1 78.4 79.6 78.9 79.5 78.2 75.4 77.7 71.1 77.2 78.7 71.6 72.1 70.3 70.6 70.7 73.4 72.8 73.5 71.1 68.9 68.9 68.6 67.6 68.5 68.7 69.1 68.1 70.5 71.7 71.2 71.7
71.4 72.6 70.3 74.0 75.2 76.9 80.8 81.4 83.7 84.2 83.9 86.5 81.0 81.6 85.6 86.2 85.6 85.6 85.0 86.0 85.0 83.7 83.5 83.9 83.0 85.1 87.2 88.6 87.0 87.4 87.8 86.9 86.2 84.0 85.4 84.4 83.9 83.2 81.2 83.5 83.0 82.7 83.4 82.1 85.0 82.6 82.2 84.0 82.9 82.5 74.0 81.0 79.6 78.5 80.6 77.9 79.2 77.6 75.4 77.3 74.0 78.8 74.0 69.6 71.5 71.4 71.9 71.2 74.0 74.0 72.6 70.5 68.5 69.1 68.9 69.1 67.9 69.9 69.2 68.5 67.3 72.0 70.7 71.8
72.6 73.0 71.3 71.5 73.7 74.6 80.6 80.0 81.8 84.4 84.0 85.6 82.5 80.9 82.9 86.5 84.7 86.3 86.7 86.4 84.9 84.3 84.1 84.4 82.4 85.0 88.0 87.9 87.5 86.6 86.3 86.6 86.3 83.9 84.3 84.7 84.2 83.7 82.7 82.4 83.7 83.4 83.2 85.1 84.8 82.2 83.6 83.2 83.8 80.1 73.8 80.0 79.4 78.2 80.7 78.0 79.6 78.6 77.5 78.1 74.4 76.9 72.5 69.5 69.1 72.9 74.3 72.1 74.4 72.4 73.6 69.9 67.5 67.6 68.5 68.8 69.1 69.5 71.6 68.9 69.0 72.4 68.9 70.5
71.5 71.6 69.9 72.3 73.1 74.3 76.4 80.7 83.1 83.7 83.1 86.0 82.7 81.8 82.3 87.6 86.6 86.8 86.4 86.2 85.8 83.2 82.5 83.7 82.5 85.6 86.5 87.0 89.0 87.6 85.0 86.4 86.5 85.0 82.9 83.0 82.7 83.8 82.5 82.8 85.1 85.1 83.2 86.2 85.3 81.6 83.3 82.8 82.3 81.3 75.6 78.7 78.6 77.7 79.7 78.1 79.9 79.7 78.1 78.7 74.4 68.5 68.3 68.6 67.0 73.3 72.5 74.9 75.4 72.9 73.7 67.8 64.6 66.5 67.9 68.7 71.9 71.8 70.9 72.3 70.1 71.7 70.8 72.3
72.3 72.2 69.2 72.2 74.4 72.9 74.5 81.2 82.6 84.1 82.3 84.5 81.1 81.1 80.0 86.5 87.1 86.6 86.0 86.4 84.7 84.0 82.4 83.5 82.5 85.5 87.3 88.2 86.5 86.7 86.3 86.2 85.7 84.3 85.8 82.6 83.3 81.6 82.8 81.7 82.6 84.5 83.2 84.5 86.0 81.5 83.3 83.3 82.0 80.1 73.8 79.2 78.4 77.8 80.2 78.3 80.5 78.3 77.0 80.1 74.6 68.4 68.7 67.8 68.0 73.2 72.6 75.6 74.4 71.7 72.8 68.1 65.5 66.8 68.8 69.7 70.9 71.8 72.0 72.3 72.0 73.3 71.5 72.1
70.2 71.3 70.1 72.4 72.4 72.8 74.2 80.3 81.5 84.7 84.7 83.9 81.3 82.9 80.6 87.4 86.8 87.1 87.4 85.4 86.0 83.8 83.9 82.2 84.9 85.5 88.8 88.9 87.6 86.0 86.5 84.2 84.4 83.7 82.4 83.4 83.7 83.7 83.1 83.0 85.0 85.2 83.8 85.0 84.8 81.6 82.8 82.5 82.0 81.1 75.4 79.9 78.7 79.2 81.3 78.9 79.4 79.2 77.9 81.4 74.8 68.1 68.7 67.5 66.2 73.6 72.3 77.3 74.4 71.5 71.0 67.1 65.5 68.0 68.6 70.6 72.5 71.3 72.4 71.3 74.8 73.7 72.9 72.4
68.8 70.7 70.5 72.3 73.9 71.4 71.3 76.4 81.6 83.8 81.0 83.4 82.1 81.9 80.4 87.4 87.1 87.2 88.8 86.2 85.6 82.5 84.5 83.2 82.4 85.2 85.7 87.4 87.3 85.1 83.4 83.8 85.4 85.5 81.4 83.1 83.8 84.3 84.3 83.9 83.7 84.8 83.3 85.5 84.0 84.4 82.5 82.1 82.9 78.9 76.9 80.3 78.8 78.1 80.6 80.5 79.8 79.6 79.7 81.2 77.5 67.7 64.8 67.4 68.8 74.2 73.7 77.6 74.2 70.2 68.6 68.0 69.0 70.5 70.4 73.4 71.0 72.3 73.2 71.0 73.5 74.4 75.1 74.4
71.9 71.5 70.5 72.6 72.8 70.7 71.8 75.0 81.4 83.3 82.6 81.8 81.9 80.4 80.8 85.9 87.2 87.2 88.2 85.1 84.1 83.1 83.9 83.1 82.1 85.1 86.4 86.9 88.5 85.9 85.6 83.5 83.9 85.0 83.5 82.5 84.3 83.6 82.5 83.5 83.9 84.8 83.8 85.8 84.5 84.9 83.4 82.8 81.3 77.3 78.9 80.8 79.9 79.9 82.5 80.0 79.2 77.9 79.0 81.0 75.8 67.6 66.6 68.2 68.8 74.3 75.3 77.0 73.1 69.2 68.9 69.0 70.7 73.7 71.6 72.6 75.6 73.2 73.7 72.6 71.4 74.1 73.6 74.7
70.7 70.6 70.6 71.0 71.8 72.6 73.3 74.4 78.6 82.8 81.6 80.6 81.8 80.7 82.3 86.4 87.2 86.3 88.7 85.4 85.5 84.5 83.1 83.8 83.0 84.7 86.1 86.6 86.8 85.1 85.3 84.3 83.1 84.4 83.5 82.2 82.0 81.3 82.6 82.3 84.1 84.9 84.7 85.1 82.5 84.8 82.5 83.3 82.5 77.2 80.8 82.1 79.8 78.6 80.2 80.5 82.4 79.0 78.8 81.3 71.8 66.1 65.2 67.2 69.8 76.2 75.4 76.9 75.1 67.7 69.0 70.8 71.2 72.7 74.0 75.2 75.9 75.3 75.8 73.9 76.0 73.7 74.5 76.7
71.6 71.3 69.8 69.5 72.4 71.2 70.2 73.3 75.9 83.7 82.6 79.4 81.4 79.4 81.4 86.1 86.6 88.1 86.9 86.3 84.8 83.9 83.5 82.4 83.3 83.8 84.8 85.4 86.3 85.2 84.4 83.9 83.9 84.4 84.1 81.9 82.2 82.8 81.9 81.1 83.4 84.4 83.1 83.9 83.1 84.5 83.6 82.0 82.0 78.0 79.1 82.2 78.9 79.8 79.5 81.0 78.9 79.2 79.4 82.6 71.0 64.0 65.7 67.9 73.5 74.6 75.8 76.1 71.5 66.4 68.9 72.3 72.1 74.9 75.5 76.7 73.6 77.2 76.3 75.2 74.3 75.3 74.9 78.0
72.3 72.4 70.6 72.0 73.2 71.1 72.1 70.3 74.8 82.1 82.9 79.1 81.9 79.4 82.1 85.3 87.0 88.0 88.1 85.4 85.4 83.0 83.4 82.8 81.7 84.4 86.7 83.4 86.4 85.3 86.3 84.4 82.5 84.3 82.9 81.6 79.9 80.7 81.2 83.2 83.6 84.4 85.0 83.8 83.2 83.1 81.9 82.0 83.1 77.0 80.1 82.0 81.3 78.4 80.4 80.9 81.4 80.1 81.3 79.5 68.7 63.9 63.5 68.1 73.7 75.3 77.1 73.6 69.2 66.0 70.4 71.2 72.3 74.9 76.2 76.2 75.0 78.0 78.4 76.4 75.1 76.3 74.5 78.6
70.6 72.6 71.8 71.3 70.9 71.3 72.9 68.6 71.9 80.7 81.1 76.8 82.6 78.0 80.3 84.4 85.7 87.0 88.7 83.9 84.9 82.3 82.7 83.3 83.5 83.8 86.5 83.9 86.6 84.9 85.8 83.6 83.4 83.6 80.5 82.0 79.2 79.9 81.6 81.6 83.8 84.7 83.1 83.5 84.0 83.5 82.0 82.7 83.1 77.6 81.6 80.6 79.8 79.3 80.7 81.0 80.3 80.8 81.3 75.4 63.6 65.4 65.5 68.5 74.8 75.4 75.3 71.9 70.3 68.4 73.7 74.7 73.4 75.5 74.4 76.5 76.1 77.1 77.7 77.2 76.2 77.1 75.7 77.2
