morphological_analysis/survey/q05_1/matrix_q05_1s3.txt
north:            -537.50
south:           -1267.50
east:             2691.00
west:              -93.00
rows:                 148
cols:                 278
null:              -999.0
[rows 76 to 113 of 148, columns 0 to 83 of 278]
86.3 85.8 84.0 83.5 78.7 82.3 83.3 82.0 81.7 81.8 80.6 87.1 84.5 84.0 82.2 83.8 82.0 79.5 82.4 78.7 78.8 79.4 80.4 83.9 87.6 84.6 85.1 84.9 84.1 82.9 81.1 79.5 80.3 81.8 83.6 82.6 80.4 84.7 83.3 84.6 80.4 80.8 79.2 81.1 81.3 81.9 80.2 77.7 75.2 75.0 70.0 70.6 72.2 76.3 78.6 79.7 81.9 80.2 78.4 81.5 80.5 80.9 81.7 79.3 78.1 80.1 86.6 84.4 84.2 81.7 80.3 81.2 84.6 83.1 83.9 83.6 84.1 81.7 81.7 82.9 83.9 83.8 83.7 81.9
85.4 86.3 84.4 84.4 78.3 80.9 83.6 82.3 82.5 81.0 82.5 86.8 84.5 84.6 82.3 83.3 82.4 78.9 82.5 78.5 79.3 80.1 79.4 85.0 85.5 84.5 86.0 83.8 83.2 82.4 81.3 79.9 79.0 82.1 84.0 83.8 82.1 84.5 82.0 85.8 83.6 80.2 80.2 80.6 81.6 81.7 80.2 80.4 75.5 74.7 70.7 69.9 69.5 74.1 77.6 80.1 82.6 80.6 79.4 79.2 80.6 81.0 80.9 77.9 78.1 80.9 83.2 83.8 84.1 81.1 82.2 80.7 83.0 83.1 83.3 84.6 81.3 83.2 83.9 82.2 84.8 83.9 83.6 81.4
86.5 84.9 85.2 84.5 78.8 80.5 81.5 81.5 80.6 80.4 82.6 85.6 84.1 84.4 80.8 82.7 82.7 77.7 83.7 79.9 77.7 80.4 81.2 86.0 86.9 84.4 85.2 83.7 83.4 81.5 79.4 80.2 81.5 83.1 84.4 83.5 82.4 86.0 80.4 85.6 82.0 79.5 79.0 79.6 82.8 81.5 81.4 82.4 73.5 73.5 70.6 68.9 70.3 71.6 76.5 80.6 80.2 80.9 81.4 82.1 82.0 80.6 83.3 76.9 79.3 83.4 82.8 84.3 84.0 83.8 81.4 80.5 79.6 82.8 84.3 84.6 80.7 82.5 82.3 82.7 83.4 83.9 83.5 82.8
86.8 85.8 83.2 84.5 78.7 80.2 80.7 77.3 81.5 80.2 82.1 84.6 83.5 84.1 82.0 82.1 80.3 77.4 80.4 81.0 79.4 79.6 80.8 85.6 87.4 85.0 85.6 83.9 83.6 81.5 78.6 80.4 81.7 82.3 83.7 83.5 83.2 85.7 83.2 84.7 80.9 79.7 79.1 80.8 83.1 81.3 81.4 83.5 75.9 74.1 70.6 68.7 68.8 67.3 74.9 81.3 81.9 81.6 81.5 82.8 82.6 81.3 79.3 77.2 80.2 84.9 84.0 85.1 84.5 83.4 80.4 81.0 82.9 81.2 84.4 83.7 77.1 79.7 81.7 83.1 81.0 83.1 82.5 82.9
86.0 86.4 83.0 83.6 80.0 80.0 79.7 75.8 79.5 79.9 83.1 83.8 85.2 83.7 81.5 82.4 80.3 77.6 78.0 80.4 78.9 80.1 83.1 85.5 84.9 85.2 85.6 85.1 84.1 81.1 77.0 80.7 81.3 82.5 83.3 83.6 83.0 84.7 81.1 81.9 79.7 77.9 77.7 81.7 80.8 81.8 82.8 83.4 80.3 74.9 71.7 68.6 68.7 66.8 73.2 79.6 81.5 82.3 81.5 82.7 82.3 81.7 76.5 77.1 78.8 84.3 85.9 85.6 84.6 83.1 83.3 80.7 81.8 80.2 83.9 82.3 74.3 77.4 79.1 84.1 84.7 83.0 83.6 82.2
86.7 86.2 84.5 82.2 82.1 80.8 80.5 76.7 81.2 79.6 84.8 84.2 83.1 82.9 80.7 81.2 80.2 77.8 78.0 79.9 79.6 80.1 83.8 85.7 85.1 85.4 86.0 84.2 81.7 81.0 78.6 80.5 83.6 83.1 81.9 84.4 83.0 82.8 82.0 79.4 80.5 77.5 76.9 80.7 83.2 82.0 82.7 83.6 83.0 75.0 71.8 68.4 68.1 63.4 70.6 77.9 81.0 82.5 79.8 81.8 83.2 78.6 77.8 78.7 81.1 84.8 87.4 85.3 84.5 83.4 81.9 80.5 80.5 80.0 83.3 81.0 73.4 75.1 80.9 82.4 84.3 83.5 84.1 80.9
86.2 86.2 82.1 82.8 82.6 81.9 80.7 79.0 80.4 79.5 82.5 84.2 80.7 82.0 80.5 80.8 78.9 77.7 75.7 80.1 78.4 80.5 86.7 86.3 87.2 85.1 84.0 83.4 79.9 81.4 78.8 79.9 81.5 83.2 84.4 84.6 83.6 82.6 80.7 80.3 76.0 77.6 75.6 82.2 81.5 82.2 83.4 83.8 83.8 78.2 71.5 68.5 66.8 64.5 67.5 75.9 80.4 81.8 79.4 79.3 81.1 76.8 77.2 79.9 84.2 84.5 85.6 86.1 84.6 83.9 81.9 80.2 80.4 79.8 81.4 79.1 79.7 72.2 77.4 84.8 83.7 83.2 84.5 79.7
83.0 86.0 83.0 83.0 82.3 81.7 79.8 81.2 79.9 80.7 83.3 83.8 81.3 80.9 81.2 80.1 79.9 77.7 79.2 81.7 80.0 81.5 88.2 85.9 86.4 83.9 87.9 82.9 81.8 81.8 78.7 79.9 82.0 82.5 83.7 84.5 81.7 83.2 80.5 81.1 77.4 78.3 77.0 83.1 82.7 83.0 83.4 84.4 84.0 80.7 73.0 69.2 67.1 65.0 64.4 73.5 78.7 81.2 78.7 78.0 76.3 76.5 78.2 81.7 83.5 83.8 84.8 86.3 84.1 84.1 82.4 80.2 80.5 79.5 81.8 79.1 80.3 74.6 75.3 83.0 84.5 83.4 83.9 79.6
84.3 84.6 83.3 81.6 81.9 81.7 80.6 81.1 81.9 81.6 83.8 84.0 83.1 80.9 81.5 79.8 76.3 77.8 79.4 82.9 79.1 83.0 87.8 85.3 86.3 83.4 85.3 83.4 81.6 81.5 78.2 80.4 81.9 82.5 84.7 84.9 82.1 83.6 78.4 80.7 77.6 78.3 82.7 83.2 84.8 84.5 84.4 85.4 83.8 81.3 75.7 70.4 66.9 65.5 61.9 69.5 76.3 78.6 79.7 77.5 75.6 76.6 80.8 83.6 85.0 85.1 85.3 84.9 85.0 84.2 84.1 81.8 80.9 79.7 81.9 79.7 81.2 78.0 74.2 80.2 85.0 84.4 82.2 80.3
84.5 81.8 83.6 81.5 83.3 82.1 80.9 81.6 82.6 82.3 79.8 83.3 80.4 81.7 80.3 80.0 79.1 78.2 78.7 81.8 80.1 84.2 85.9 85.3 86.9 85.3 86.7 83.7 82.6 80.7 77.8 80.1 82.4 83.4 83.0 83.9 82.0 82.9 80.8 80.4 80.5 79.6 82.3 83.1 86.9 85.0 84.4 84.3 82.9 81.7 81.2 73.2 65.6 66.0 61.9 66.9 72.5 76.6 80.0 79.6 73.9 77.7 82.2 84.4 83.9 84.9 85.9 85.3 85.0 84.5 82.2 82.9 82.2 81.2 84.4 80.0 78.3 80.6 77.9 78.1 84.0 83.6 82.4 79.6
86.4 81.4 84.0 82.3 80.9 82.0 81.2 81.3 82.0 82.8 81.7 82.3 80.0 81.3 79.7 79.5 80.3 78.0 78.3 77.3 79.5 86.2 86.3 85.0 85.7 85.7 85.6 83.5 81.0 79.1 78.8 80.2 81.0 82.6 83.1 83.1 79.9 81.4 83.1 79.9 80.6 80.6 85.7 82.8 85.8 85.2 84.9 83.9 81.2 82.0 79.4 76.5 67.4 67.0 62.7 65.4 69.6 75.0 80.1 81.2 77.9 79.9 84.0 84.5 84.5 83.5 85.5 84.2 83.5 84.6 83.8 82.2 80.7 80.4 81.6 80.2 79.2 81.8 80.0 77.0 85.1 82.5 83.4 79.5
85.4 83.7 84.5 82.2 82.0 82.4 81.9 81.6 82.4 80.9 82.8 81.3 79.1 80.6 80.6 78.6 78.4 77.1 76.8 74.7 82.2 88.0 88.3 85.2 86.6 84.0 82.5 83.4 82.5 77.9 79.2 80.8 82.2 82.2 83.7 82.4 81.3 80.8 80.6 79.1 79.1 81.4 87.3 82.9 84.0 85.3 85.2 84.9 80.9 82.1 81.9 81.5 69.2 66.7 62.6 63.8 69.8 73.1 80.1 81.1 80.5 81.1 84.8 84.6 84.9 81.7 84.4 82.6 85.3 83.8 82.9 81.4 81.0 80.0 81.9 80.6 81.4 81.2 81.8 78.7 82.0 81.2 84.1 80.2
83.4 84.5 83.6 81.8 81.2 82.4 82.8 81.9 81.6 81.0 82.3 81.2 78.5 80.8 79.3 77.9 79.6 77.1 78.4 74.2 82.9 88.3 87.0 85.4 84.7 84.3 84.2 82.9 83.8 77.9 79.3 80.6 81.4 83.8 83.6 80.9 80.1 80.6 80.5 79.0 77.6 81.6 82.8 82.7 83.4 85.2 85.1 84.9 81.7 81.5 80.9 81.5 70.6 65.8 63.7 61.6 71.7 70.9 75.8 80.9 81.9 81.4 84.0 84.6 83.1 82.8 84.7 82.7 85.8 83.0 86.6 84.1 83.1 80.2 82.4 80.9 80.4 81.3 82.1 80.6 80.7 80.6 81.1 80.3
83.1 86.0 83.2 83.1 80.6 82.2 80.2 82.7 82.2 81.5 82.5 80.5 81.0 80.6 77.9 78.8 81.2 77.1 79.3 76.8 84.0 87.8 86.9 84.3 84.8 84.4 84.1 82.5 81.5 78.9 77.2 80.5 82.9 84.4 83.4 80.8 80.4 80.4 81.4 79.1 77.8 81.3 81.3 82.8 83.1 86.0 85.0 82.5 79.5 80.5 81.0 83.0 76.1 65.6 64.7 61.7 67.6 70.9 73.5 80.4 82.9 82.4 83.7 83.1 83.7 83.4 83.8 82.7 84.0 83.9 86.7 84.3 84.1 81.6 83.0 80.6 80.0 80.9 81.8 81.8 79.5 80.0 79.2 80.5
82.4 86.0 83.8 84.2 81.4 82.1 83.5 82.7 82.7 80.3 83.2 80.5 80.5 79.7 78.1 78.7 77.4 76.8 76.5 78.6 84.0 86.4 86.7 83.9 85.6 83.5 83.2 82.7 82.6 78.0 79.2 80.1 81.1 83.6 84.1 81.4 80.3 79.1 78.6 78.9 77.8 81.5 84.3 83.3 83.0 85.7 84.6 83.6 80.4 81.5 81.7 83.0 75.7 67.3 64.8 62.1 67.5 71.8 71.5 78.5 82.1 84.4 83.7 82.5 83.8 83.0 83.1 82.5 83.5 83.5 85.4 82.6 82.5 80.3 82.8 79.9 80.6 79.5 81.2 81.6 80.4 80.2 78.5 81.4
82.7 85.4 82.9 84.4 81.1 82.0 80.8 82.3 81.7 79.5 78.5 80.9 78.5 78.6 78.6 77.5 79.2 77.0 78.7 81.9 85.3 86.2 85.0 85.8 84.4 83.1 84.1 83.3 82.6 76.6 78.7 80.6 81.5 82.1 83.0 82.2 80.8 78.3 79.6 79.4 78.5 80.8 82.7 83.3 84.8 85.6 82.4 83.7 79.8 81.2 79.8 81.0 77.2 71.8 66.6 62.7 64.7 71.4 71.4 75.8 80.0 84.1 82.6 82.2 83.6 84.6 81.4 82.7 83.0 83.3 85.5 83.5 81.9 80.7 81.8 78.7 79.0 79.1 79.9 80.9 81.5 79.6 81.1 80.5
81.2 83.8 83.5 83.5 80.9 82.1 83.1 81.2 81.9 80.0 79.7 80.3 78.4 78.7 78.5 76.9 77.6 77.0 79.2 85.1 85.8 87.0 87.2 83.7 84.3 82.5 84.4 82.6 81.4 76.8 79.0 81.5 82.6 82.5 84.0 83.0 81.1 78.4 78.0 80.2 79.6 81.6 82.7 83.6 84.6 84.7 82.1 82.3 79.7 83.2 80.9 80.4 78.6 76.5 65.7 64.6 63.8 70.0 70.9 73.4 77.6 82.8 83.8 82.4 85.4 82.1 80.0 82.5 83.5 82.8 85.1 83.5 83.1 80.9 80.3 78.3 77.6 78.5 80.4 81.8 82.1 79.1 81.7 79.2
80.5 82.4 82.1 84.2 80.6 82.2 82.9 80.7 80.4 79.1 77.9 81.4 79.1 78.6 77.7 77.3 77.7 76.8 80.6 86.1 87.3 86.5 85.7 83.6 84.0 82.2 81.9 81.7 76.1 77.7 79.7 80.8 83.1 81.8 83.8 83.3 82.1 78.6 78.4 81.0 78.8 81.5 84.4 84.5 85.6 85.1 81.8 81.4 81.4 83.4 81.0 79.9 79.8 79.4 68.2 66.0 64.6 69.2 70.1 72.4 74.5 81.3 83.1 82.6 83.9 81.6 77.0 81.4 81.7 82.6 84.2 83.4 82.9 81.0 79.7 78.7 75.1 78.9 80.2 82.7 80.5 80.7 82.1 81.6
77.0 82.5 83.2 85.1 80.4 82.1 82.3 80.5 79.4 78.0 79.5 80.7 78.2 78.0 78.1 76.7 76.1 77.2 82.6 84.6 86.6 85.6 84.7 83.0 83.3 82.1 83.6 81.2 75.3 77.8 79.1 80.6 83.2 82.5 80.8 83.1 82.5 78.3 78.7 78.9 76.7 81.7 83.5 84.9 83.4 85.4 83.1 81.8 78.9 82.4 81.2 78.1 81.6 80.1 70.8 66.7 62.2 67.9 69.5 72.2 73.0 78.4 81.5 82.7 82.8 81.5 80.0 78.9 79.7 82.1 86.1 83.6 81.4 79.1 77.6 80.5 76.3 78.2 80.9 82.6 83.9 81.6 82.6 81.7
75.0 80.7 83.8 83.8 82.2 82.0 81.7 80.6 78.0 77.8 80.0 80.1 77.9 78.6 77.4 76.4 76.2 78.3 82.8 83.3 86.2 85.0 83.7 82.0 82.9 81.6 82.8 78.9 75.2 77.6 78.9 80.3 82.8 83.7 82.1 82.1 81.7 79.3 78.6 78.6 79.0 81.9 83.6 84.1 85.1 85.5 84.7 81.4 79.1 80.3 81.0 77.0 81.1 80.6 72.9 67.4 63.7 65.1 69.4 71.0 71.5 73.5 81.3 82.1 83.5 82.2 82.1 76.8 79.8 81.6 85.3 84.0 85.0 80.4 80.5 81.5 78.0 79.3 80.8 81.7 82.7 82.4 84.3 81.5
75.6 78.2 82.5 82.8 82.7 82.3 81.7 79.1 78.9 78.8 79.8 79.3 77.2 77.9 77.3 76.6 77.4 80.8 84.1 84.4 85.9 84.7 84.4 83.7 84.5 80.9 80.0 75.4 74.7 78.0 79.1 79.5 81.9 82.0 81.5 81.7 80.1 78.5 78.9 79.5 80.0 83.4 83.5 84.3 86.6 84.3 84.0 81.3 79.9 80.9 83.5 78.1 80.9 80.2 78.9 68.6 64.8 65.7 68.8 70.0 71.4 72.5 79.0 81.2 81.5 82.1 81.2 77.8 78.9 80.3 84.0 82.5 83.0 80.7 81.2 82.0 80.8 81.5 82.3 81.0 82.3 82.1 85.1 81.5
75.7 77.0 82.6 82.5 80.8 82.5 79.8 77.6 78.7 78.2 79.9 79.5 77.3 77.2 75.4 76.5 78.1 80.7 84.2 85.3 86.0 84.6 82.6 82.7 81.8 78.1 78.6 75.5 74.5 78.3 79.5 80.1 80.6 81.6 81.6 82.0 79.1 79.1 77.1 79.8 81.4 82.5 82.7 84.8 85.9 83.2 84.2 80.6 79.7 81.7 81.7 78.9 80.8 82.7 80.1 74.3 64.8 65.5 69.2 69.7 72.5 72.6 74.6 80.0 83.0 82.3 82.8 78.9 78.3 79.0 83.7 83.1 83.1 80.2 80.7 82.3 82.9 82.6 83.7 81.5 84.1 82.7 81.8 82.6
76.3 75.6 83.1 82.3 81.8 82.1 79.3 77.0 78.2 77.6 77.8 79.1 77.3 77.4 76.7 76.1 80.1 81.3 83.6 85.1 86.1 84.7 82.6 82.4 79.0 75.6 75.9 76.1 76.3 78.7 78.5 81.3 82.1 82.7 82.3 82.6 77.0 78.1 75.7 80.7 82.4 83.0 84.5 85.4 87.8 82.6 81.6 80.5 79.3 81.6 82.5 79.5 81.2 82.0 80.3 75.5 65.6 65.2 67.3 69.2 70.0 72.4 72.6 74.8 83.6 82.5 81.4 79.4 79.1 79.6 80.9 83.2 83.2 79.2 81.4 82.2 83.0 82.5 84.0 82.6 83.4 82.9 83.8 83.8
76.5 76.1 80.4 81.9 82.0 79.7 78.6 76.9 78.2 78.1 74.0 78.1 76.3 78.0 75.5 76.9 82.4 82.2 84.4 85.0 84.5 84.2 83.3 81.5 77.7 77.5 75.8 76.2 77.7 78.8 78.9 80.3 80.4 83.2 84.0 81.8 80.3 77.2 75.0 80.0 81.4 84.1 86.0 85.7 85.6 82.5 79.0 79.9 79.9 82.4 82.7 80.2 81.1 81.4 81.2 77.8 67.7 65.8 66.2 67.7 70.8 72.0 70.2 71.2 83.3 81.6 81.0 80.9 79.2 76.2 81.0 81.6 82.1 79.2 82.3 81.9 81.4 82.9 83.2 82.8 82.8 83.7 83.4 84.7
76.2 75.7 79.4 80.7 78.2 78.1 76.6 76.2 78.0 77.5 77.1 77.0 78.4 77.6 72.3 78.4 82.8 82.0 83.8 84.8 85.9 83.6 82.4 81.2 79.7 78.8 79.8 78.3 78.6 78.8 77.5 79.7 82.6 82.9 81.4 80.3 76.8 77.0 77.8 82.1 81.0 84.6 85.7 85.5 84.0 84.0 78.9 79.8 81.5 83.5 81.9 80.5 82.4 81.3 79.7 80.2 73.3 67.6 66.4 68.0 71.5 71.9 72.6 70.4 79.8 80.9 80.8 81.5 77.1 75.6 79.2 79.4 80.8 78.5 82.6 82.2 83.2 83.6 84.9 82.0 82.7 83.9 83.1 85.0
78.2 75.8 76.7 78.8 77.3 77.1 76.0 75.4 78.0 77.7 77.1 77.0 77.5 77.3 75.8 79.8 81.1 82.3 84.6 83.7 85.3 83.9 83.1 83.1 82.7 79.6 79.3 80.4 80.1 79.6 78.2 81.2 82.7 81.9 78.8 79.8 79.3 76.5 79.9 81.0 83.8 84.4 85.9 84.8 85.1 83.8 79.6 79.5 77.7 82.4 82.5 82.0 81.9 82.6 79.5 81.8 75.6 68.0 62.9 67.5 67.7 71.1 70.6 71.8 77.2 81.0 81.2 81.1 76.7 76.4 77.0 78.4 79.6 77.4 81.4 83.0 83.3 82.9 82.9 83.3 83.1 83.2 82.1 82.6
75.9 75.8 74.7 76.1 75.6 74.3 74.4 74.9 77.6 77.1 78.3 77.3 77.0 76.9 75.8 81.6 82.5 82.8 84.4 82.8 85.6 84.4 81.0 83.6 80.8 79.7 79.5 80.5 79.0 79.1 80.1 82.6 82.1 80.0 77.8 79.0 79.8 77.7 80.2 81.6 82.6 83.7 85.0 84.7 84.8 82.4 79.7 78.3 80.2 82.2 80.1 82.3 82.8 82.3 82.9 82.1 77.8 70.0 65.7 65.7 67.3 70.2 70.3 68.9 74.9 78.1 79.7 79.9 76.9 77.9 78.5 77.8 78.8 77.8 81.0 82.0 82.0 83.0 83.2 82.6 84.0 83.9 83.5 80.8
74.7 74.6 74.5 73.6 71.7 72.8 71.8 74.9 77.3 77.2 79.4 77.6 77.7 76.2 75.6 82.7 84.4 83.1 82.9 80.6 83.4 81.9 80.9 81.1 80.9 79.7 80.8 79.8 79.1 79.4 82.1 82.2 81.2 77.1 78.4 78.6 82.8 79.0 82.3 82.6 82.4 84.1 85.8 84.4 82.6 82.4 80.0 77.8 81.2 83.1 83.5 81.0 85.7 81.4 81.2 82.0 79.6 73.0 67.6 64.4 67.0 69.8 71.4 69.2 72.9 74.3 77.8 78.8 79.0 79.5 79.3 76.1 78.4 78.2 80.2 81.4 83.3 83.0 82.1 81.9 83.8 84.7 82.0 77.4
74.7 73.5 71.4 72.1 72.0 73.7 72.2 75.4 77.8 78.4 78.2 78.4 77.7 75.8 78.2 83.5 87.1 82.7 81.4 77.5 79.8 78.6 78.6 78.5 79.6 79.2 80.1 79.7 78.8 80.3 80.9 82.1 80.5 76.0 83.4 80.0 84.5 78.3 83.6 82.7 83.7 84.7 85.7 83.9 84.0 81.9 81.8 78.0 81.2 82.0 82.3 78.4 83.7 81.2 82.9 81.5 80.5 76.5 69.6 65.3 64.6 68.8 71.0 70.6 69.2 72.7 74.6 77.8 80.7 80.4 78.8 79.7 79.1 78.5 79.8 82.3 82.6 83.2 82.7 82.8 84.3 84.9 82.6 75.7
73.6 74.3 70.4 71.4 71.1 73.4 76.4 76.2 76.8 78.3 79.3 79.0 75.8 76.3 80.1 84.3 87.2 82.4 77.6 75.7 75.9 76.2 75.4 77.5 76.7 78.6 80.7 79.7 79.0 81.4 82.6 81.2 77.8 77.2 84.0 82.1 82.1 77.1 80.7 83.9 83.5 84.8 85.5 83.4 81.8 79.8 79.0 78.8 80.8 81.1 82.1 79.5 81.0 82.0 82.4 81.5 79.1 77.8 70.2 67.3 65.4 67.2 69.6 71.7 71.3 72.5 74.3 77.1 77.1 79.8 81.1 79.2 78.0 79.0 80.1 82.5 81.3 81.9 83.1 81.6 82.8 82.9 79.4 76.3
72.4 74.6 71.9 71.3 72.1 72.5 77.6 76.3 79.1 76.6 79.6 79.1 77.8 76.7 80.4 85.1 89.3 83.3 76.0 74.7 74.2 76.7 75.3 76.7 77.1 78.7 80.2 79.4 80.6 80.5 82.2 81.4 72.8 80.2 81.7 82.0 81.9 78.8 81.6 84.9 83.4 84.6 85.1 81.3 79.3 78.9 80.4 79.5 80.1 81.3 79.9 79.6 81.8 81.2 81.0 81.9 77.4 78.8 73.6 68.8 65.7 67.3 72.4 72.0 70.0 69.8 71.7 76.4 78.4 79.5 80.8 79.0 80.4 81.3 81.4 81.8 82.2 81.5 83.5 81.2 82.9 81.0 80.0 77.8
73.6 74.0 73.7 71.1 73.5 72.8 79.8 74.7 77.5 75.6 77.3 79.5 76.2 78.3 84.2 85.4 85.5 82.2 72.2 73.7 76.8 80.0 75.2 76.3 78.2 78.7 79.1 80.0 82.8 82.5 81.7 80.8 75.3 81.0 82.3 80.6 82.4 80.1 82.6 85.7 84.9 85.7 83.6 82.2 80.6 77.6 79.9 81.3 78.9 81.4 76.8 79.7 83.9 81.2 79.4 82.2 81.8 79.0 78.0 71.9 66.0 67.0 67.5 70.4 70.2 71.3 72.8 76.0 78.0 77.5 80.9 78.7 80.2 79.6 82.8 81.6 81.1 81.6 82.0 81.2 80.7 80.1 79.7 80.1
75.9 73.5 73.6 71.7 73.2 73.2 73.6 76.0 76.4 75.8 79.5 80.0 75.1 80.8 82.8 85.3 86.1 80.1 74.1 74.8 81.2 81.7 74.9 76.8 77.2 77.8 79.8 81.6 82.0 84.1 82.1 80.0 77.4 82.3 79.9 81.2 75.4 80.7 83.6 85.6 82.5 83.7 85.6 81.9 80.8 78.8 78.6 82.2 82.5 80.6 73.5 79.8 81.9 80.8 81.6 80.7 77.8 77.4 79.8 75.3 66.0 66.8 70.6 68.8 70.9 71.7 73.7 75.4 76.6 78.9 81.1 78.3 79.0 79.7 81.5 81.0 81.4 81.3 82.6 81.6 80.6 78.6 80.0 81.5
73.3 73.4 73.4 72.2 72.8 73.6 74.4 76.0 77.1 77.8 79.7 79.7 78.9 81.6 84.8 84.5 82.3 78.2 75.8 78.2 82.1 81.9 80.7 77.4 77.2 77.4 79.6 82.7 81.2 82.7 82.5 79.8 80.2 82.6 79.9 81.6 76.3 80.8 82.4 85.1 83.7 83.1 84.0 81.3 80.2 79.5 78.9 83.4 86.6 81.4 76.3 80.1 79.5 80.2 82.6 81.2 79.5 78.4 77.2 77.1 67.3 67.0 72.0 68.6 71.6 71.5 72.3 74.4 76.1 76.7 78.6 77.7 80.1 79.6 81.9 80.8 80.6 80.7 80.6 80.3 80.9 77.0 79.6 79.3
73.4 73.3 73.7 72.7 72.7 74.0 73.2 75.7 77.0 78.7 79.6 80.1 79.6 83.1 84.7 84.9 80.8 77.4 75.9 82.5 84.2 81.0 83.5 79.2 79.2 77.6 78.9 82.1 81.8 82.0 81.6 79.6 82.5 82.3 79.5 81.1 81.4 81.0 82.2 84.2 83.2 82.3 82.6 80.5 80.7 80.1 78.6 84.3 84.1 80.6 76.5 79.1 81.3 80.5 82.7 81.8 80.2 78.3 79.3 79.2 69.8 67.9 69.5 67.8 71.5 72.7 72.7 73.1 75.3 76.4 78.1 77.7 78.0 78.5 82.3 77.9 81.8 80.1 80.1 79.5 81.7 77.0 79.1 79.4
72.3 73.7 73.2 72.8 74.0 73.7 70.2 75.6 78.5 78.6 80.6 80.2 80.3 85.2 82.2 85.2 82.7 77.6 78.5 84.0 84.6 78.7 85.5 82.2 80.8 78.0 82.9 81.6 82.5 82.3 81.2 80.4 84.0 82.6 78.6 81.2 82.4 81.9 80.9 84.5 83.3 81.6 82.8 80.6 81.1 80.9 81.0 84.1 86.6 78.5 77.3 78.9 82.1 80.7 83.8 82.1 82.5 78.1 79.8 80.8 74.3 70.0 70.6 68.0 70.8 71.9 71.7 73.4 75.2 77.0 76.9 76.8 76.7 77.9 80.2 78.5 79.4 79.2 79.3 79.8 80.2 76.8 78.2 77.6
73.8 74.0 73.0 72.8 73.5 73.6 71.4 75.7 79.5 78.7 80.3 80.1 81.1 86.2 83.5 85.6 82.4 79.0 83.8 85.1 84.7 80.1 86.3 83.3 84.2 79.7 83.3 82.8 80.6 83.2 82.2 81.4 84.0 83.2 80.8 81.6 84.1 81.9 79.9 84.0 83.7 80.9 82.6 80.0 80.6 81.0 81.4 83.4 85.1 81.0 79.7 80.0 80.1 80.3 81.3 81.1 82.4 79.3 81.2 81.3 79.2 72.5 70.7 69.2 70.0 72.4 71.2 74.2 74.9 75.3 76.0 76.1 78.0 77.9 79.6 78.8 82.4 79.4 79.7 77.2 78.3 78.1 77.9 75.7
74.2 73.8 72.5 72.3 72.7 73.5 75.0 77.1 80.1 79.0 80.5 80.4 82.4 85.4 85.4 86.7 81.6 81.6 84.2 86.0 85.5 82.1 86.2 84.1 83.6 81.9 82.4 84.1 81.3 82.8 82.2 82.0 83.7 82.7 80.8 82.7 85.3 81.6 81.5 83.3 83.6 81.9 83.9 80.7 82.2 80.2 82.3 81.9 82.9 82.1 80.7 80.0 81.3 83.1 80.0 81.9 81.7 79.1 82.8 81.9 82.8 75.1 71.1 68.7 69.7 72.0 72.9 74.4 73.4 76.7 75.2 76.4 76.5 78.7 78.7 79.7 81.8 79.5 78.0 76.2 76.4 77.4 77.0 74.7
