morphological_analysis/survey/q05_1/matrix_q05_1s8.txt
north:            -537.50
south:           -1267.50
east:             2691.00
west:              -93.00
rows:                 148
cols:                 278
null:              -999.0
[rows 0 to 37 of 148, columns 168 to 251 of 278]
65.5 64.3 72.0 70.7 64.9 64.6 58.8 55.5 54.3 57.9 51.3 53.5 51.9 56.3 52.1 61.8 57.8 59.3 49.7 47.1 52.8 51.5 50.0 101.2 102.7 105.2 107.0 66.6 58.0 48.5 51.5 50.1 45.6 48.8 47.4 61.5 70.6 78.0 83.2 86.2 84.0 74.0 57.9 54.6 55.6 56.3 57.9 60.3 58.9 71.5 72.4 77.4 73.7 72.7 76.2 70.3 62.3 54.6 51.2 52.9 51.4 52.5 53.6 56.6 56.5 64.0 73.4 61.0 50.1 45.2 43.5 43.6 39.8 40.4 45.0 48.4 46.9 57.1 53.5 54.5 51.4 56.5 48.7 59.6
66.5 64.4 72.0 70.8 64.0 64.7 58.7 56.1 53.9 58.7 57.1 56.7 50.7 57.5 56.9 63.6 55.3 59.5 48.1 47.2 52.6 51.5 49.6 101.2 102.9 104.0 108.0 66.5 58.1 48.6 50.7 50.2 45.8 48.8 46.5 61.6 71.0 78.0 83.2 86.2 84.6 73.9 56.6 54.7 55.0 56.9 57.9 60.7 58.0 71.3 72.4 77.3 72.7 73.5 76.2 70.4 61.6 55.0 50.5 53.4 51.1 52.8 53.2 57.5 60.7 65.4 73.1 61.1 51.4 43.8 44.5 44.8 39.5 41.5 45.4 48.4 47.5 57.1 56.6 55.5 51.4 56.4 48.4 59.6
68.5 70.0 72.0 69.5 64.7 65.6 60.0 61.0 58.0 59.8 60.3 62.3 55.0 57.3 65.3 68.4 67.8 72.3 58.7 46.7 53.9 51.7 51.6 99.3 101.4 73.6 73.7 67.1 59.7 49.3 51.1 51.5 48.5 51.1 51.8 57.6 69.7 77.8 83.9 86.6 81.6 74.2 59.6 57.6 56.8 58.2 60.6 63.8 61.6 70.8 72.6 77.1 75.6 76.0 77.8 72.4 65.6 55.9 53.7 54.1 54.5 54.5 55.1 62.2 65.1 68.8 76.2 69.4 52.1 47.3 45.1 47.1 43.1 44.5 43.2 49.1 47.6 57.0 57.5 57.0 53.8 56.7 50.3 60.1
74.7 74.8 71.7 70.3 67.6 67.4 67.1 67.4 63.7 65.1 65.8 70.0 59.2 63.4 72.7 77.7 83.6 76.7 69.4 55.5 51.3 51.9 50.7 93.1 70.1 59.9 66.7 66.5 59.2 52.6 53.6 54.0 52.6 55.1 56.2 58.1 68.0 78.5 86.6 86.5 81.6 72.7 61.6 59.0 59.7 62.5 66.5 67.5 64.2 71.1 70.4 76.2 77.0 78.2 78.2 73.9 68.0 59.5 58.5 57.6 57.1 58.8 58.7 68.1 72.1 72.6 79.0 74.7 59.3 50.1 44.6 47.5 44.0 45.4 47.2 46.0 44.7 56.7 60.6 58.9 54.7 56.2 53.8 60.8
80.6 79.3 76.5 76.1 74.7 73.2 71.9 73.6 69.5 70.3 71.8 73.9 67.1 66.8 78.2 92.0 96.8 92.9 86.8 70.0 54.1 55.8 50.5 53.1 52.2 61.0 65.8 67.8 56.9 56.0 58.9 56.9 55.6 60.1 63.5 62.2 65.7 78.8 85.9 85.5 80.3 72.1 62.4 60.4 62.9 67.6 67.2 72.1 70.6 69.7 72.1 74.6 76.6 78.6 80.7 73.7 69.6 64.7 62.5 61.4 59.0 63.1 65.5 75.3 78.2 81.1 86.6 79.3 65.2 54.4 47.3 47.4 46.2 45.8 47.1 49.8 47.3 56.4 64.0 61.3 56.9 60.5 56.7 64.1
86.9 85.6 84.1 82.6 82.3 80.2 76.0 79.9 77.5 78.1 80.3 83.2 72.6 76.9 84.3 100.1 108.2 106.9 106.9 89.6 49.9 65.6 51.1 53.3 54.8 67.6 67.3 68.1 59.5 61.0 63.1 61.3 65.4 65.0 70.3 70.1 65.2 77.8 84.9 88.0 80.6 74.2 63.7 65.6 67.2 71.0 76.5 73.7 77.6 70.1 71.7 73.1 76.5 78.8 81.5 73.3 73.7 74.5 70.0 66.1 64.7 69.8 69.8 82.0 85.5 89.2 89.5 88.7 74.5 60.2 52.0 48.8 47.7 46.9 49.7 51.5 50.1 55.1 64.2 61.8 59.3 64.1 60.2 65.4
92.3 93.4 91.8 89.0 88.4 87.7 89.6 89.8 86.7 85.5 89.4 85.1 83.4 86.0 92.9 106.3 114.3 113.8 112.6 104.9 88.6 76.4 61.5 61.2 55.5 65.2 69.2 68.2 69.2 68.7 69.6 69.8 75.4 74.3 79.7 77.9 74.0 76.9 85.3 87.7 81.0 79.0 69.7 73.4 71.5 75.4 81.6 75.6 84.1 79.4 74.4 75.5 75.8 78.3 79.9 78.8 79.2 80.1 74.7 74.2 69.4 74.9 76.6 83.7 98.0 98.8 92.4 98.0 86.7 67.5 59.9 50.4 49.0 46.2 50.8 50.6 53.9 57.5 66.9 64.8 63.1 67.4 61.4 66.4
97.6 98.4 97.6 96.3 96.4 96.4 96.8 96.6 94.0 93.7 94.4 93.1 86.5 97.5 99.8 112.0 114.4 113.4 114.3 110.0 98.3 95.0 72.5 68.6 64.3 63.6 71.3 76.7 76.3 78.2 77.8 79.2 83.5 83.8 88.6 83.8 82.8 77.2 85.4 88.2 83.9 86.8 78.6 83.9 80.4 81.9 86.2 80.6 89.7 86.4 81.0 87.0 81.7 86.3 85.8 84.7 84.3 87.0 80.4 80.4 76.2 79.5 85.4 92.6 103.2 111.2 100.6 106.0 98.2 76.8 67.9 56.8 49.7 47.6 51.3 51.3 55.4 61.0 68.0 67.5 65.2 68.8 64.1 66.6
104.7 103.4 105.6 103.4 104.0 104.7 101.9 102.4 100.9 100.6 101.6 99.5 93.3 102.9 108.5 114.2 113.8 113.8 114.7 111.6 103.9 97.1 80.2 83.5 79.3 76.6 85.2 84.7 86.5 89.5 86.4 90.7 93.3 92.7 93.5 91.9 88.7 87.5 86.5 89.2 83.4 93.7 87.5 91.5 86.9 88.0 90.7 88.9 95.7 92.0 86.8 93.4 89.8 92.5 92.2 89.8 92.0 95.4 88.0 87.5 83.4 84.9 94.0 100.5 113.6 121.2 119.6 117.6 104.1 86.6 79.2 66.4 56.0 51.9 53.4 53.8 57.2 62.1 70.8 69.2 66.1 69.6 67.5 67.8
111.1 109.5 111.5 110.8 109.6 111.7 111.0 108.8 108.7 106.8 108.5 107.7 106.9 108.9 113.7 117.4 115.6 114.0 116.2 113.2 108.0 101.0 90.9 94.8 93.0 91.5 94.8 95.2 96.6 100.3 96.8 101.1 100.1 101.5 100.5 100.5 97.6 95.8 94.4 94.7 95.3 100.6 95.1 97.8 97.3 101.2 100.7 96.2 102.6 102.2 95.4 104.7 94.9 96.6 98.6 98.7 99.8 101.0 94.4 94.6 89.5 92.9 103.5 107.7 119.7 122.1 122.1 121.7 112.8 95.7 86.6 78.5 68.0 57.2 55.7 56.9 62.4 65.1 71.9 70.3 66.8 71.8 70.7 68.3
115.0 115.3 115.6 118.0 114.7 114.6 116.1 115.1 114.3 113.1 114.4 113.7 113.5 113.2 117.5 117.3 115.7 114.8 117.4 114.4 111.0 105.6 106.5 105.9 107.0 104.2 108.9 102.9 106.8 110.4 105.3 108.7 105.0 108.5 105.4 109.2 104.9 108.8 104.7 103.6 106.0 105.3 107.0 105.2 103.0 107.2 107.7 104.7 108.0 108.0 104.3 108.0 102.6 102.2 106.1 104.7 104.3 104.5 97.9 100.5 98.0 100.6 112.0 116.6 124.6 125.8 123.7 123.9 120.2 104.3 96.2 94.3 85.2 69.8 60.2 59.3 64.5 68.3 71.4 72.3 70.2 72.8 74.1 70.3
118.3 117.9 117.6 119.6 117.6 116.8 117.3 117.5 118.8 116.4 115.2 116.6 115.8 116.9 118.0 117.2 116.3 116.1 116.1 114.7 113.3 109.5 113.6 112.7 111.6 111.6 112.4 111.0 112.5 113.8 111.9 115.2 111.1 113.9 111.2 114.0 112.5 112.2 112.2 111.4 113.4 112.7 114.5 112.3 113.6 113.1 110.3 109.5 109.5 111.8 111.0 112.4 109.1 109.5 109.2 109.5 111.0 108.2 107.5 108.7 108.4 107.0 114.9 121.3 126.2 126.1 125.9 123.7 124.0 115.9 104.7 107.6 96.0 84.8 76.5 67.6 65.4 71.3 70.8 74.7 70.5 73.5 79.0 73.3
118.1 118.0 119.0 120.3 118.6 119.1 119.3 118.5 118.7 117.5 117.2 117.5 118.0 117.9 118.2 117.7 116.2 116.2 115.9 114.0 115.8 112.4 113.8 114.8 114.8 115.1 116.0 115.3 117.0 116.7 116.8 116.8 113.2 116.4 114.6 117.7 115.4 115.1 115.4 115.2 119.1 117.1 116.0 117.6 117.9 117.1 115.8 113.9 111.0 114.6 116.0 117.7 118.5 116.4 115.4 113.9 117.2 113.9 116.1 116.1 116.3 113.9 120.8 124.0 126.9 126.0 127.8 123.9 124.2 126.6 113.7 115.6 106.9 99.8 102.7 111.4 71.9 75.9 72.4 76.1 73.8 75.7 78.9 75.0
118.4 119.5 119.4 119.8 118.7 119.4 118.8 117.7 117.8 118.1 118.5 117.2 117.6 119.0 119.7 117.9 116.4 115.9 115.9 114.7 115.6 115.7 115.1 114.9 116.4 116.0 117.2 115.2 116.2 116.6 118.0 117.7 115.0 118.4 118.7 117.4 119.5 118.1 119.6 117.7 117.9 118.8 117.2 118.6 120.3 119.5 117.2 117.0 116.5 116.4 117.5 119.4 121.9 118.7 117.4 117.5 117.2 119.2 117.2 119.3 117.5 122.7 124.2 127.2 126.0 126.2 127.2 125.0 124.8 127.6 122.8 122.9 115.3 115.3 114.4 122.0 75.0 96.4 108.2 84.9 72.6 77.0 83.1 85.6
117.8 116.3 119.2 118.9 118.0 118.2 117.6 118.7 119.5 117.1 117.8 118.1 117.6 118.9 118.6 117.5 116.6 115.6 114.5 113.2 116.7 116.6 116.7 114.6 114.8 113.6 116.1 115.5 116.5 116.3 118.4 118.9 117.5 118.2 120.0 117.9 118.6 118.3 118.9 118.4 118.3 118.3 119.0 119.4 119.8 118.8 120.8 117.3 118.6 114.9 118.3 120.4 121.9 118.5 117.2 118.0 119.1 118.7 118.8 119.8 120.1 125.1 124.4 127.6 126.9 126.2 128.5 126.0 126.8 128.9 128.3 125.7 125.5 122.4 123.7 128.0 123.4 120.5 117.2 121.5 120.3 125.6 121.5 119.8
115.8 112.5 112.6 112.2 116.5 104.5 120.0 105.2 116.7 113.0 114.9 114.7 116.1 116.0 117.3 113.9 116.9 113.1 106.0 112.0 113.5 117.3 113.8 114.3 114.1 111.2 116.3 112.5 118.2 116.2 117.5 118.5 114.9 118.4 118.9 116.2 118.8 117.6 118.0 116.9 119.0 118.6 117.3 119.5 120.2 118.8 118.6 117.5 118.1 115.3 118.1 120.3 119.2 118.0 118.6 117.7 120.2 117.6 119.4 119.3 119.1 124.3 125.7 126.9 126.8 126.4 125.9 126.1 125.9 129.8 128.8 127.4 128.8 125.7 128.3 127.6 129.2 125.6 123.9 126.3 124.8 127.4 125.0 126.6
69.0 88.0 72.6 78.1 73.3 81.8 72.1 88.7 73.4 93.5 73.4 104.0 99.7 91.5 103.1 98.3 73.4 102.0 97.2 95.4 108.9 107.5 112.7 109.1 110.0 77.6 114.4 104.0 107.5 111.9 114.9 114.3 111.2 114.8 117.0 113.5 117.0 113.0 117.6 114.7 115.9 118.3 117.8 118.9 117.4 118.4 118.2 114.7 117.5 113.1 116.6 117.2 119.2 102.7 119.5 116.5 117.3 119.1 119.0 119.4 119.3 122.3 126.8 124.3 125.0 125.7 125.7 124.5 126.1 129.0 132.4 127.1 127.6 128.9 128.5 126.7 128.8 126.4 124.1 127.9 127.2 127.9 127.3 127.9
68.0 70.2 79.8 73.0 69.9 73.2 73.7 71.6 73.5 70.1 71.8 69.9 68.7 70.6 69.2 70.9 70.3 72.2 71.3 75.6 71.4 73.5 74.6 76.7 76.7 80.6 75.7 78.6 78.9 93.3 81.5 101.2 78.3 100.1 94.8 99.6 110.9 96.6 112.7 111.4 114.4 116.8 116.5 116.4 116.2 99.2 114.6 85.4 115.2 93.9 113.2 97.2 120.3 71.0 118.2 102.2 114.8 116.1 115.7 119.1 121.4 120.2 124.6 123.5 124.4 124.2 123.7 123.8 126.4 128.1 128.2 123.8 127.2 129.2 129.1 125.9 127.1 126.2 125.8 127.7 128.6 127.1 126.9 127.5
67.2 69.2 70.5 71.0 70.1 71.1 71.7 70.6 71.3 68.0 68.7 66.7 67.5 67.2 67.2 67.4 69.1 68.2 69.8 68.8 70.3 72.4 72.8 76.2 76.9 75.3 76.1 77.0 79.4 79.2 78.2 81.1 77.8 82.3 86.8 78.3 74.8 73.2 77.9 99.0 113.3 89.9 108.3 106.8 80.8 82.5 82.8 82.5 78.0 79.6 75.0 74.4 74.5 68.5 75.1 77.1 73.1 101.7 98.9 110.3 114.7 105.6 122.3 118.0 119.4 118.5 120.4 122.0 126.8 121.3 124.9 117.5 123.5 126.0 123.4 123.5 126.5 123.7 126.4 124.0 126.8 125.9 125.8 125.4
67.9 69.6 70.4 69.5 70.6 70.3 71.6 68.9 70.2 66.9 68.7 65.8 65.6 68.9 67.9 67.4 66.6 68.1 70.0 66.5 68.9 70.3 71.2 73.4 73.8 73.9 76.5 77.5 77.8 77.7 76.8 81.0 80.6 80.9 79.8 78.1 76.9 69.6 75.0 78.5 80.9 86.0 84.2 84.9 82.4 83.5 82.1 78.5 78.2 77.5 73.4 77.3 69.1 68.7 77.6 76.1 74.5 75.5 73.8 77.3 78.4 79.7 105.6 97.6 119.4 110.7 115.8 115.2 115.1 91.6 120.5 77.5 119.9 107.0 120.4 118.5 121.1 114.4 115.4 112.5 124.3 121.9 123.3 117.9
68.6 69.6 69.9 70.6 69.2 70.8 69.8 69.7 69.5 68.1 65.1 66.8 66.8 68.4 67.8 69.3 70.3 67.8 68.8 67.9 69.5 67.2 68.7 72.0 72.9 73.1 77.2 77.7 77.6 77.3 80.0 81.7 82.3 81.6 82.7 78.9 77.0 71.6 77.2 78.8 81.5 84.3 81.7 85.2 84.3 83.1 85.1 83.1 82.1 79.5 77.9 78.9 69.6 70.0 76.0 76.2 72.7 75.5 77.6 75.3 75.5 77.3 75.8 76.1 78.8 79.4 81.6 97.5 93.9 84.0 87.3 74.9 37.1 86.8 36.7 99.7 49.2 85.1 60.5 86.0 104.1 109.6 68.2 93.4
71.0 70.1 70.9 73.2 70.8 71.8 71.7 70.2 70.6 69.5 68.2 70.5 68.0 69.1 67.4 68.0 70.8 68.7 72.1 68.7 68.3 67.8 69.5 71.5 72.5 72.6 74.6 77.6 79.8 78.1 81.6 82.8 80.9 84.2 83.4 79.2 79.7 74.3 78.3 80.0 81.3 84.0 81.7 84.8 86.9 86.0 84.5 86.1 82.0 79.5 79.8 80.2 69.1 70.3 75.0 77.4 75.3 75.1 76.0 75.5 76.8 77.5 77.4 77.8 78.0 78.1 77.0 79.8 76.3 78.1 78.0 73.3 33.1 26.8 40.7 44.2 48.5 56.2 61.5 64.2 65.7 69.9 72.8 74.0
70.0 71.7 71.7 73.7 72.9 72.5 72.8 71.1 72.2 71.5 69.8 70.4 71.4 69.5 70.1 68.5 68.8 68.8 73.1 69.5 71.2 69.0 75.1 72.8 70.6 72.7 73.1 76.3 79.1 78.1 80.6 82.9 83.1 83.7 82.9 81.6 81.8 77.4 79.4 80.3 82.8 83.8 83.6 84.4 87.8 86.3 85.6 85.7 82.1 79.5 79.7 78.5 70.1 72.1 77.0 77.9 77.3 75.9 77.0 76.7 76.7 78.0 76.4 77.7 78.4 78.4 77.7 76.7 79.6 78.9 78.0 74.2 34.5 32.5 41.4 38.8 48.8 53.5 58.2 62.8 66.0 67.4 74.1 74.8
71.2 71.8 73.1 73.9 70.7 72.9 69.1 71.3 72.4 72.1 70.8 69.6 70.5 70.3 70.0 71.5 68.0 68.2 68.3 68.5 68.4 69.8 68.3 73.1 71.1 72.8 72.4 72.4 77.7 77.2 79.8 81.4 84.6 85.0 83.1 81.2 81.4 78.4 80.4 82.2 82.5 84.4 85.6 86.6 86.8 84.5 87.8 84.8 82.5 81.8 79.9 76.7 71.5 76.5 75.5 77.1 77.4 76.2 77.9 77.2 76.6 79.1 75.3 77.7 79.4 78.7 77.2 78.7 76.2 79.5 78.1 74.5 34.6 34.6 40.8 44.4 49.1 56.5 63.1 64.6 67.2 70.6 75.6 75.1
73.8 73.0 74.1 74.3 72.0 72.3 71.0 71.7 72.8 71.9 70.2 68.9 69.1 69.5 69.1 73.1 69.9 67.9 68.1 68.5 67.9 69.7 69.8 71.4 72.8 71.3 72.3 72.2 76.3 77.3 78.2 81.9 81.5 85.5 85.4 83.1 82.2 83.7 81.8 84.5 81.4 84.8 84.3 86.1 86.0 86.0 87.0 84.7 82.2 82.0 80.0 74.3 68.4 78.3 76.3 76.3 77.5 76.5 77.4 78.2 76.3 78.0 77.5 78.2 76.7 77.2 79.3 78.3 78.9 81.7 82.7 74.7 36.4 37.1 41.2 44.1 53.0 58.6 65.4 68.6 70.9 75.0 76.3 74.8
73.9 70.9 72.4 73.4 69.8 71.8 75.9 72.2 71.9 72.0 72.3 69.6 69.7 71.0 69.4 71.0 69.1 69.5 67.1 67.3 69.6 70.2 68.2 70.1 67.2 71.3 72.4 72.0 73.7 75.3 80.0 82.4 83.2 86.4 86.1 85.4 84.1 83.5 83.8 82.7 81.2 84.0 83.5 85.9 87.5 87.5 85.6 84.4 84.3 82.4 79.3 73.2 71.0 79.3 78.5 77.3 77.0 76.4 77.1 78.0 73.7 77.3 76.4 78.8 77.9 78.4 78.0 79.1 78.1 79.8 81.7 69.7 36.4 37.6 47.3 48.4 54.6 60.1 68.4 70.4 71.8 76.8 76.9 75.9
76.4 68.8 71.1 72.4 69.0 71.3 71.0 72.0 74.0 71.5 69.2 69.5 67.7 70.2 69.4 72.1 69.7 68.5 67.1 68.2 67.4 69.2 67.6 69.7 70.4 69.0 71.3 70.5 71.5 73.4 78.8 82.4 81.6 85.5 86.2 84.6 85.0 84.7 85.4 82.7 80.9 84.9 85.8 85.8 86.4 87.4 84.4 84.1 84.4 83.1 78.5 75.1 71.5 80.5 77.3 77.6 82.2 76.0 73.6 78.4 74.8 78.1 74.2 77.9 78.0 77.7 78.9 79.2 78.2 81.1 81.4 70.3 49.3 40.3 45.4 51.3 56.5 63.2 67.6 71.0 73.1 76.2 77.8 77.1
68.8 68.8 70.0 70.7 70.4 70.8 73.4 71.4 72.9 72.2 72.3 69.7 69.1 69.4 68.8 72.9 69.2 67.9 67.1 68.0 66.8 69.1 68.1 69.8 70.3 70.6 69.6 70.9 72.2 72.9 74.7 80.0 83.7 84.3 85.1 84.0 85.7 85.4 85.0 82.6 81.7 83.2 85.5 86.4 88.0 87.0 85.8 83.7 85.1 81.7 78.1 77.2 72.2 81.2 81.4 77.1 76.9 75.9 75.3 76.6 74.8 75.8 75.7 78.0 80.7 76.1 79.3 76.7 77.4 81.2 81.9 68.7 51.4 43.4 54.7 55.6 58.9 65.1 69.2 70.1 71.6 74.4 71.9 78.2
68.7 68.8 71.5 71.5 71.7 73.0 76.3 70.6 72.4 71.5 70.5 69.3 65.4 69.0 69.9 72.7 69.0 67.9 68.1 67.5 69.1 70.5 67.9 70.2 67.4 70.0 71.9 72.2 73.6 70.6 71.0 76.3 82.5 84.8 85.6 85.6 85.9 86.5 86.6 80.3 81.8 83.9 86.4 86.9 87.0 86.9 83.1 82.6 82.1 80.3 76.4 77.3 78.0 79.7 78.6 75.2 77.7 76.6 79.1 73.1 78.2 75.8 74.4 78.1 77.6 75.3 78.8 77.1 76.3 81.7 79.8 67.7 56.2 48.3 57.0 59.7 60.9 65.5 66.4 71.2 69.7 70.4 76.3 75.8
67.1 67.5 71.0 72.5 72.1 72.4 75.9 72.2 73.7 71.2 69.7 68.1 67.5 69.5 68.8 74.4 70.5 69.9 68.7 67.2 68.3 71.0 70.0 70.2 70.3 69.0 71.7 70.7 71.3 70.1 70.5 73.9 80.2 84.0 84.2 86.8 87.5 85.6 83.9 80.1 78.6 84.6 81.5 86.5 87.1 86.5 83.2 83.7 84.9 79.1 76.8 76.7 78.1 80.7 78.0 77.5 81.2 76.5 78.6 73.6 72.5 75.8 76.4 75.8 77.6 75.6 75.3 77.2 76.3 79.8 76.9 65.5 62.7 52.4 59.3 63.6 62.6 65.7 65.4 70.1 71.1 70.6 74.5 78.0
67.1 69.0 71.7 72.1 71.4 72.9 75.9 71.3 72.4 71.0 70.9 68.6 66.1 69.3 69.3 75.5 71.6 70.3 70.0 68.9 69.3 69.9 69.5 70.0 69.8 68.8 72.2 69.8 71.1 69.1 68.4 71.5 79.0 84.1 86.5 88.2 87.3 84.6 86.4 80.3 80.8 84.6 83.5 85.2 85.4 85.1 85.4 81.8 81.4 78.6 78.2 77.3 81.3 81.9 80.8 79.5 76.1 77.0 74.7 75.2 74.4 76.9 77.7 73.5 75.2 75.7 76.5 76.6 76.3 79.6 77.6 66.6 64.3 58.1 61.0 66.5 64.3 68.6 66.9 67.6 68.2 69.6 74.8 77.1
69.7 70.0 69.6 72.3 71.4 74.1 75.7 71.4 71.3 69.9 70.1 68.1 67.1 70.1 69.8 72.7 71.6 69.5 69.2 71.0 72.5 69.0 69.2 69.9 70.1 68.9 73.0 72.5 70.9 68.8 70.0 71.0 79.7 81.8 85.4 88.9 86.8 86.0 85.6 81.3 84.8 82.4 83.3 84.4 86.3 86.0 84.4 80.3 82.1 76.6 78.6 81.5 82.0 81.0 83.9 81.3 79.0 77.5 78.1 78.0 77.1 75.7 76.1 72.5 73.6 75.3 76.3 77.3 76.8 78.2 77.6 64.8 67.8 61.0 62.6 64.8 64.2 68.4 67.0 68.9 67.3 68.6 69.7 76.0
70.9 71.3 71.7 73.0 72.3 73.3 74.6 71.5 72.0 71.1 71.5 68.7 71.4 72.1 72.1 72.4 72.9 68.7 68.3 69.6 70.4 70.6 69.8 70.1 71.1 68.5 71.2 71.2 73.0 69.8 69.2 70.5 71.3 78.3 87.5 89.0 87.5 85.6 83.9 81.8 80.9 81.2 84.0 84.4 86.2 85.4 81.5 80.4 81.9 77.8 77.2 81.5 81.5 81.7 84.1 82.1 82.3 79.3 77.2 80.9 75.6 75.0 75.8 72.1 73.8 75.1 77.0 75.6 75.9 76.7 75.6 65.4 68.0 61.8 65.7 65.2 67.5 67.3 69.4 70.0 69.3 68.4 72.9 75.1
74.3 73.5 72.7 73.7 73.4 72.5 75.6 71.5 72.4 71.1 72.9 71.3 71.6 74.3 70.4 72.9 73.5 69.6 71.2 70.7 71.2 72.2 70.6 71.9 71.6 72.7 72.0 71.2 73.8 69.0 69.3 68.7 71.8 75.3 84.0 86.8 88.6 85.2 83.6 81.3 82.0 81.8 83.4 82.9 85.2 85.1 82.7 82.1 81.1 79.1 81.0 80.8 83.8 81.7 84.8 83.7 85.9 81.0 82.5 82.4 77.7 77.7 77.5 72.7 75.2 75.2 76.5 74.9 73.6 74.8 70.5 65.2 70.6 66.7 68.4 67.8 67.4 68.3 69.3 66.9 69.7 68.8 73.3 72.1
75.5 75.9 74.7 74.5 73.5 71.0 73.4 70.9 73.7 72.9 74.0 73.7 73.4 76.5 76.3 74.5 74.7 71.3 73.4 71.8 74.5 72.0 70.8 73.1 71.0 73.5 71.5 71.2 69.5 70.1 69.9 70.7 67.8 73.1 84.2 86.4 87.3 84.6 84.2 79.5 80.9 82.8 79.6 83.3 84.7 85.2 80.9 83.2 81.6 79.1 80.1 81.0 81.8 81.1 80.5 82.7 87.4 81.7 83.9 84.9 82.2 82.1 77.5 76.0 76.1 74.6 75.6 74.1 71.7 73.6 70.3 65.9 71.6 70.9 71.0 70.0 70.3 70.1 68.7 69.2 68.6 69.4 72.8 72.4
77.7 76.9 76.1 75.0 72.1 70.7 70.0 70.3 74.8 73.2 75.7 76.6 76.2 80.1 76.6 75.2 74.3 70.7 74.2 74.3 72.8 72.5 72.4 73.3 71.3 74.9 74.2 71.7 69.3 71.3 69.6 70.5 69.1 72.6 79.1 86.0 88.3 85.6 84.8 80.4 80.4 83.2 82.6 82.4 85.9 86.5 81.3 82.0 82.5 79.0 81.6 83.9 79.5 81.5 83.0 82.9 89.6 82.7 83.0 86.1 84.9 85.5 79.5 80.2 76.1 76.5 76.2 75.1 74.7 72.9 65.9 66.2 74.0 74.0 75.1 75.3 76.4 72.0 68.1 69.0 66.0 69.7 72.0 69.9
78.5 77.3 74.8 74.9 71.1 69.8 69.2 70.6 73.4 73.2 77.0 76.9 78.1 81.1 78.3 75.5 72.7 70.4 75.4 73.0 73.7 72.8 72.6 75.0 73.6 73.7 74.5 73.2 71.0 69.9 70.3 70.6 64.3 70.5 74.8 85.2 88.0 85.0 84.9 84.2 81.6 83.4 84.1 81.9 85.5 84.8 83.3 81.4 81.4 78.5 80.5 84.9 81.9 80.8 83.2 83.1 85.3 84.7 84.7 87.2 86.1 87.6 85.7 83.9 80.9 79.0 76.7 75.4 74.6 73.5 69.7 66.4 71.9 74.9 78.2 77.7 78.0 74.4 69.4 69.1 70.0 69.8 67.8 70.0
79.3 77.4 77.7 72.7 70.0 71.0 68.2 72.1 72.7 73.7 77.6 78.0 77.9 80.6 78.2 74.8 75.8 72.0 73.3 72.2 73.5 74.7 71.9 75.0 73.5 73.1 77.3 72.8 71.4 69.6 69.4 70.6 65.2 68.1 74.0 80.1 86.3 85.0 84.2 83.9 82.5 82.8 85.4 80.5 84.1 81.6 80.6 81.0 81.7 80.9 79.3 85.3 80.6 81.0 81.0 82.9 84.0 84.2 84.8 87.8 87.3 87.0 83.5 90.3 83.7 81.4 78.0 76.3 73.2 72.7 70.7 66.7 72.5 75.6 82.5 79.2 81.7 77.9 68.8 68.9 70.0 69.0 69.6 70.2
