morphological_analysis/survey/q05_1/matrix_q05_1s1.txt
north:            -537.50
south:           -1267.50
east:             2691.00
west:              -93.00
rows:                 148
cols:                 278
null:              -999.0
[rows 0 to 37 of 148, columns 0 to 83 of 278]
95.2 90.9 89.4 88.4 87.8 88.8 88.3 87.8 87.7 88.0 87.3 86.8 87.1 87.5 84.4 84.3 84.0 84.5 82.2 81.5 78.8 77.9 73.8 74.7 72.6 72.0 71.6 71.7 69.3 70.5 70.5 70.1 72.8 85.8 94.1 105.3 113.0 -999.0 -999.0 -999.0 113.7 111.9 77.4 82.5 72.9 71.2 72.1 67.9 63.3 62.3 58.5 57.2 55.9 54.1 54.0 59.2 61.8 59.8 62.5 63.8 61.0 58.6 58.0 56.0 51.8 45.4 42.1 43.8 43.1 57.0 63.9 58.2 51.1 53.2 49.7 49.9 51.0 53.7 57.3 59.3 47.8 59.1 65.4 74.3
95.2 90.9 91.1 88.4 89.4 88.4 88.8 87.6 87.8 87.1 87.0 86.0 86.7 87.3 83.7 83.2 84.6 83.8 82.9 81.5 78.6 77.8 76.2 75.3 73.4 72.0 71.7 71.1 69.3 70.8 70.4 69.6 72.4 86.0 94.9 104.9 113.5 -999.0 -999.0 -999.0 113.7 111.9 90.1 82.5 72.4 70.6 73.3 68.1 62.1 64.4 60.8 57.3 55.5 53.7 52.5 59.4 62.0 59.9 61.0 63.8 60.1 58.6 59.2 55.9 51.4 45.5 42.7 44.5 43.5 56.7 64.6 58.5 50.1 53.4 48.4 49.1 50.4 53.8 56.1 61.0 53.8 59.8 64.8 74.0
95.2 90.9 90.0 88.4 88.4 96.1 97.5 95.4 98.6 96.0 97.5 96.2 99.7 94.5 96.9 94.3 96.4 92.9 94.1 90.3 92.5 89.7 87.9 88.6 85.9 82.9 86.7 86.3 84.1 83.9 85.0 82.7 85.5 94.7 104.9 110.2 113.2 -999.0 -999.0 -999.0 113.7 111.9 101.6 92.1 82.3 80.2 81.2 78.2 74.5 75.2 71.2 67.7 67.5 65.4 64.7 64.8 61.6 61.4 64.5 64.7 60.3 56.4 57.3 55.6 49.4 48.1 46.6 50.8 45.8 55.6 62.5 55.6 52.5 52.4 51.6 60.4 54.4 57.1 57.8 60.6 65.7 69.6 82.1 90.2
95.2 -999.0 89.9 -999.0 88.2 96.5 94.8 95.8 95.2 96.4 94.4 96.7 95.5 94.9 92.5 94.8 92.4 93.3 90.4 102.2 87.9 101.1 101.0 96.2 101.0 95.1 100.2 98.0 101.6 97.0 101.1 97.3 97.7 103.6 101.6 110.4 113.1 -999.0 -999.0 -999.0 113.7 111.9 110.3 101.2 89.5 89.9 90.7 89.7 85.7 84.4 84.6 83.2 81.1 76.8 77.4 76.0 73.0 69.0 67.9 72.5 61.8 59.3 56.5 58.2 56.5 54.4 56.5 58.2 56.5 55.6 59.7 58.3 58.4 59.2 63.2 69.6 65.2 67.2 69.2 71.0 75.9 85.6 89.1 100.1
-999.0 -999.0 -999.0 -999.0 -999.0 -999.0 97.6 -999.0 98.7 -999.0 97.6 -999.0 99.7 -999.0 96.9 -999.0 96.4 -999.0 94.1 102.9 92.5 101.6 98.1 98.5 98.1 95.6 97.6 98.5 98.3 97.6 97.8 98.0 110.9 111.2 105.0 -999.0 -999.0 -999.0 -999.0 -999.0 -999.0 -999.0 108.6 108.1 101.3 99.8 100.5 100.3 96.8 98.1 97.5 97.3 95.1 89.6 92.1 87.9 88.7 84.9 83.8 82.4 78.2 74.5 72.2 72.7 71.1 70.8 71.0 69.8 70.8 71.7 72.2 73.9 75.4 77.1 79.8 78.1 81.4 81.7 81.4 82.0 86.1 93.6 95.8 108.9
-999.0 -999.0 -999.0 -999.0 -999.0 -999.0 -999.0 -999.0 -999.0 -999.0 -999.0 -999.0 -999.0 -999.0 -999.0 -999.0 -999.0 -999.0 -999.0 -999.0 -999.0 -999.0 101.1 -999.0 101.0 -999.0 100.2 -999.0 101.7 -999.0 101.2 -999.0 108.2 111.5 -999.0 -999.0 -999.0 -999.0 -999.0 -999.0 -999.0 -999.0 110.3 116.1 106.1 108.9 111.5 108.5 109.3 109.2 109.9 106.9 107.7 102.7 102.9 100.3 101.6 96.9 98.9 97.2 92.6 90.2 91.2 87.8 88.6 87.1 89.3 86.0 86.5 88.6 88.2 89.2 91.8 91.5 93.5 92.1 94.6 94.5 91.7 93.9 96.2 100.5 105.1 116.2
-999.0 -999.0 -999.0 -999.0 -999.0 -999.0 -999.0 -999.0 -999.0 -999.0 -999.0 -999.0 -999.0 -999.0 -999.0 -999.0 -999.0 -999.0 -999.0 -999.0 -999.0 -999.0 -999.0 -999.0 -999.0 -999.0 -999.0 -999.0 -999.0 -999.0 -999.0 -999.0 111.0 -999.0 -999.0 -999.0 -999.0 -999.0 -999.0 -999.0 -999.0 -999.0 -999.0 116.4 106.9 109.3 109.5 117.4 118.7 117.0 119.8 116.3 119.8 114.9 114.9 111.8 113.5 109.9 111.7 112.7 111.7 108.7 110.4 105.9 104.5 100.2 102.5 102.5 102.4 114.3 105.6 105.5 105.9 104.1 102.9 105.3 107.2 106.4 106.2 105.4 108.0 110.8 111.7 118.8
-999.0 -999.0 -999.0 -999.0 -999.0 -999.0 -999.0 -999.0 -999.0 -999.0 -999.0 -999.0 -999.0 -999.0 -999.0 -999.0 -999.0 -999.0 -999.0 -999.0 -999.0 -999.0 -999.0 -999.0 -999.0 -999.0 -999.0 -999.0 -999.0 -999.0 -999.0 -999.0 -999.0 -999.0 -999.0 -999.0 -999.0 -999.0 -999.0 -999.0 -999.0 -999.0 -999.0 -999.0 -999.0 -999.0 111.6 117.8 117.3 117.2 118.1 117.6 117.4 119.0 116.6 118.6 120.4 119.2 121.5 121.9 122.6 120.0 120.4 118.0 117.0 114.1 116.6 117.2 118.1 117.2 117.8 117.6 118.7 117.6 109.2 120.3 118.2 117.7 116.7 118.4 119.0 117.2 119.4 121.2
79.6 -999.0 -999.0 -999.0 -999.0 -999.0 -999.0 -999.0 -999.0 -999.0 -999.0 -999.0 -999.0 -999.0 -999.0 -999.0 -999.0 -999.0 -999.0 -999.0 -999.0 -999.0 -999.0 -999.0 -999.0 -999.0 -999.0 -999.0 -999.0 -999.0 -999.0 -999.0 -999.0 -999.0 -999.0 -999.0 -999.0 -999.0 -999.0 -999.0 -999.0 -999.0 -999.0 -999.0 -999.0 -999.0 -999.0 -999.0 118.9 -999.0 119.9 -999.0 119.8 119.4 122.1 122.0 121.1 121.4 122.8 123.5 122.2 123.8 123.5 123.4 123.5 121.5 122.9 122.5 121.8 122.1 122.1 122.6 122.8 123.0 114.1 122.6 121.5 123.3 121.3 120.7 121.6 122.1 120.7 123.1
79.7 81.8 78.5 81.4 80.2 83.8 77.4 85.1 73.3 76.9 79.8 86.8 81.5 -999.0 95.7 -999.0 88.1 -999.0 85.7 -999.0 86.5 -999.0 -999.0 -999.0 -999.0 -999.0 -999.0 -999.0 101.8 -999.0 77.7 -999.0 -999.0 -999.0 -999.0 -999.0 -999.0 -999.0 -999.0 -999.0 -999.0 -999.0 -999.0 -999.0 -999.0 -999.0 -999.0 -999.0 -999.0 -999.0 -999.0 -999.0 -999.0 -999.0 122.1 122.9 121.8 121.8 122.2 123.7 124.7 123.6 125.4 124.9 123.2 122.3 122.2 122.6 120.7 122.5 124.4 123.5 123.2 124.3 125.5 123.6 123.0 124.7 122.6 122.6 122.8 124.3 123.7 123.6
79.6 81.4 79.3 81.4 80.6 83.2 77.4 83.4 73.7 77.1 80.0 86.1 81.5 80.4 92.5 80.5 86.5 81.1 84.7 80.4 85.0 80.5 78.7 79.6 75.2 75.6 67.9 59.4 93.0 56.2 73.9 65.5 67.4 72.9 73.8 82.5 76.4 79.9 77.9 78.1 77.0 87.4 83.8 -999.0 110.1 -999.0 -999.0 -999.0 -999.0 -999.0 84.2 119.6 89.7 -999.0 122.0 122.6 122.4 122.3 122.6 123.8 123.3 123.9 123.5 126.1 123.3 122.8 122.8 121.9 122.9 123.2 123.4 124.1 124.3 125.2 127.9 124.2 124.7 125.7 122.8 124.0 124.9 125.3 125.3 124.9
80.0 81.4 78.5 81.5 80.2 83.2 77.4 83.7 73.3 77.2 79.8 86.0 81.5 80.4 95.7 80.8 88.1 81.2 85.7 80.4 86.5 80.7 79.1 79.5 75.8 75.8 68.3 59.6 101.8 56.3 77.6 65.4 67.5 72.8 73.8 81.2 76.2 79.4 77.3 77.9 77.4 86.1 82.3 80.5 104.7 79.5 81.6 79.6 -999.0 80.3 82.8 113.1 86.9 79.5 113.7 107.7 123.3 121.5 123.8 122.8 123.4 121.2 126.3 124.8 123.9 123.4 123.4 123.7 123.3 123.2 122.8 125.0 123.8 125.1 124.7 124.0 125.1 125.6 123.1 123.8 124.6 125.0 123.7 125.2
80.4 79.3 82.4 82.1 82.3 79.8 77.4 74.3 75.4 78.3 80.8 82.0 81.3 80.4 80.2 80.6 80.3 81.2 80.4 80.4 78.9 80.8 78.7 79.6 75.2 75.7 67.9 59.6 57.3 56.9 59.8 65.5 67.4 72.8 73.8 81.5 76.4 79.5 77.9 77.6 77.0 86.3 83.8 80.5 110.1 79.9 82.0 80.0 80.7 80.4 84.2 114.0 89.6 79.2 121.8 80.2 122.9 115.7 119.0 116.3 123.4 117.0 123.7 123.7 124.5 119.2 123.1 120.4 122.6 121.0 123.3 123.3 124.2 123.8 123.7 123.6 125.6 124.3 122.8 123.5 124.1 123.8 123.9 123.5
79.3 79.8 81.8 84.1 81.9 80.4 77.6 74.5 75.5 78.8 80.0 82.3 83.1 80.6 79.7 81.5 79.6 81.7 81.8 80.7 79.6 82.2 80.5 79.3 77.8 76.0 69.6 60.5 58.4 57.9 60.9 65.4 68.1 71.9 73.8 74.3 75.6 76.9 75.0 76.2 78.7 79.6 76.7 80.4 81.6 80.1 81.6 80.0 80.4 80.4 77.7 78.3 76.4 79.3 80.7 80.2 78.4 80.5 95.2 80.2 74.0 91.1 88.0 116.7 122.2 110.6 122.9 114.3 118.7 111.7 123.5 117.3 119.8 115.8 121.1 119.2 122.2 120.1 122.6 120.6 122.0 120.2 122.0 118.9
80.8 80.2 86.0 83.3 82.3 80.2 80.2 79.0 77.1 78.7 80.0 81.4 85.7 82.3 77.3 77.1 79.7 79.7 80.2 81.6 80.2 83.8 82.0 82.1 77.5 74.5 72.7 60.4 58.7 59.9 65.1 67.8 69.7 71.2 73.6 73.7 73.6 76.8 76.3 76.4 78.9 79.6 72.2 79.8 80.2 82.7 83.4 82.1 82.6 81.0 78.0 76.1 75.8 78.5 80.0 81.1 80.2 80.0 77.7 77.6 78.0 76.8 76.9 78.1 71.6 68.0 61.0 62.3 56.6 51.1 112.6 111.4 111.5 86.0 65.7 102.8 74.4 111.9 121.9 113.2 121.7 110.8 91.0 98.7
80.6 80.4 83.1 82.7 82.0 81.8 81.5 81.8 81.5 80.3 80.4 82.7 82.5 83.0 78.8 77.7 79.5 79.8 78.6 81.5 81.3 82.5 81.8 82.8 76.2 74.0 75.3 61.7 58.7 62.2 69.0 69.3 69.7 72.1 75.4 74.6 76.4 76.3 73.9 76.2 79.9 79.6 77.2 78.0 82.8 82.6 83.1 82.8 83.2 82.3 79.1 76.7 78.1 81.3 79.9 82.3 80.0 79.7 79.4 77.7 78.6 77.1 75.9 74.5 66.9 67.0 62.0 59.1 55.2 50.0 70.2 59.1 61.2 65.6 62.2 64.2 61.1 64.5 69.1 67.3 79.9 68.9 72.8 73.8
82.0 80.7 82.7 83.4 82.7 81.7 81.6 84.1 82.2 81.0 79.4 82.9 84.1 83.9 77.8 76.9 79.4 80.3 79.3 82.3 81.5 76.9 80.5 82.7 76.9 74.1 75.5 64.4 65.8 66.0 69.4 71.5 70.9 74.6 75.7 76.4 78.1 76.7 76.5 76.9 79.7 79.7 81.2 78.8 84.8 84.0 84.1 84.1 82.6 83.8 81.4 79.2 78.2 79.8 79.8 83.4 81.2 80.6 78.4 77.9 75.9 77.6 77.6 74.5 69.4 66.6 63.6 61.0 59.6 53.0 54.0 55.5 62.1 63.9 65.2 62.1 63.2 61.3 61.1 64.0 65.5 66.2 68.2 70.7
82.6 82.4 83.3 83.1 80.5 83.7 83.4 84.6 81.5 82.1 82.7 83.3 84.3 83.0 77.1 78.1 79.5 79.4 78.8 82.6 82.9 76.4 81.2 81.6 75.9 74.6 74.9 67.7 67.4 68.8 73.2 72.9 73.5 74.7 74.8 77.4 76.7 77.2 77.5 77.6 79.7 81.5 81.7 80.5 80.4 84.5 85.6 84.9 84.5 84.7 83.6 81.3 80.6 80.0 81.0 81.1 81.8 80.7 79.3 79.8 78.2 78.3 77.5 73.1 70.6 67.6 64.1 62.7 63.9 57.1 55.6 55.8 61.1 65.1 63.6 65.6 65.0 63.8 64.2 64.8 67.0 68.0 69.5 70.0
82.2 82.7 82.4 84.0 82.1 83.0 83.5 84.6 83.2 80.9 80.2 83.6 83.3 83.7 79.1 80.2 77.4 79.2 78.3 81.3 80.5 81.0 80.8 80.7 77.3 73.5 72.7 73.6 69.8 72.5 74.9 72.9 72.6 73.4 75.3 76.6 77.2 77.5 75.8 78.6 78.4 80.2 80.3 81.8 81.8 84.7 84.6 84.4 84.8 84.3 84.8 82.1 80.9 81.1 81.5 82.5 82.2 81.2 79.3 79.5 78.6 78.8 73.9 72.1 68.8 66.7 66.7 63.6 64.4 59.1 55.7 59.2 63.2 68.2 67.7 71.0 70.6 67.1 65.4 64.7 67.5 67.2 69.3 71.2
81.8 82.9 82.4 83.7 81.9 83.1 83.2 83.8 82.4 81.2 78.2 82.4 82.0 83.1 79.7 79.3 78.4 79.0 80.9 79.5 80.9 84.6 83.1 81.0 77.7 76.7 70.5 75.9 71.4 73.4 74.7 72.8 74.2 72.5 77.9 77.1 77.9 79.5 78.3 80.5 78.7 80.7 79.7 82.3 81.9 85.0 85.4 85.8 84.4 84.0 85.2 81.8 81.9 82.6 80.2 81.7 82.2 80.6 78.4 81.5 78.9 77.9 73.6 72.0 70.0 68.0 66.7 64.7 67.1 62.6 56.9 61.3 67.4 69.9 71.6 69.4 73.6 70.7 67.5 67.5 67.2 70.0 68.6 70.0
84.5 84.0 85.1 83.5 83.2 84.1 86.9 84.4 80.6 79.8 79.3 81.6 80.0 82.1 78.3 78.4 78.9 79.1 80.7 78.7 83.7 84.2 79.6 81.4 76.8 76.5 74.7 76.8 74.4 69.7 72.2 73.9 75.5 74.9 74.0 76.2 76.9 80.0 77.5 80.4 81.4 81.5 81.5 82.4 81.0 83.2 85.3 85.7 85.3 85.0 85.1 83.7 82.2 82.8 81.7 82.3 82.5 80.8 79.9 80.2 79.9 77.9 75.2 70.8 70.4 69.0 68.8 67.0 67.0 67.5 60.4 62.6 67.8 70.5 71.7 69.8 69.9 71.0 69.5 69.3 69.0 71.0 71.1 72.7
83.0 84.2 84.8 83.7 84.0 84.0 85.7 83.8 81.5 78.3 76.8 78.3 82.0 83.3 79.4 78.8 78.4 78.9 79.7 80.1 79.3 83.7 80.4 82.5 78.0 77.0 77.8 79.8 78.4 71.3 70.2 72.8 70.9 73.8 76.2 76.1 76.9 78.6 74.5 80.5 84.7 80.7 80.0 80.5 80.4 84.6 86.3 85.9 85.6 85.4 85.6 84.0 82.0 83.1 83.3 82.3 80.4 81.2 81.7 82.2 80.1 75.0 70.8 69.5 72.7 68.7 71.6 71.4 68.0 69.4 61.8 64.1 67.0 69.7 73.0 70.4 69.8 71.8 70.0 68.4 68.6 69.5 67.3 70.2
84.0 83.1 82.1 82.6 83.7 84.3 85.4 83.2 77.7 78.7 78.1 77.6 80.8 81.4 78.1 78.4 79.5 79.3 76.6 80.3 81.9 83.8 82.1 81.4 77.6 77.3 72.9 79.1 78.8 74.4 70.7 71.4 71.5 75.8 73.9 75.9 76.8 76.7 75.5 80.1 80.5 80.0 81.1 80.2 82.2 84.7 85.1 86.0 86.2 86.5 86.9 82.6 82.3 84.1 83.3 83.6 81.6 82.5 82.0 81.2 79.1 73.7 72.2 70.9 73.6 70.3 69.5 76.5 69.5 73.0 66.8 65.0 67.3 67.8 71.0 70.0 72.9 72.2 73.8 69.7 68.6 68.4 66.1 68.4
79.8 81.4 81.3 84.9 84.4 82.9 85.8 83.5 79.8 79.2 77.4 78.9 78.8 80.0 80.1 78.8 79.7 79.1 77.0 80.8 81.9 82.5 80.3 81.5 76.0 75.7 74.2 78.2 76.9 76.2 73.0 71.4 73.7 75.6 73.9 76.5 76.5 76.9 76.3 78.1 80.0 79.6 80.6 80.2 80.5 83.7 85.1 86.2 84.8 86.2 83.3 82.5 82.1 83.3 82.7 81.9 81.7 81.9 82.1 81.3 75.4 70.8 71.9 73.0 71.3 70.7 72.3 77.9 69.9 75.0 71.4 70.2 67.9 69.1 70.8 70.0 71.6 70.6 71.0 70.3 70.4 65.6 64.4 66.9
75.6 79.1 80.0 84.8 85.2 83.5 85.1 83.4 81.5 80.7 79.0 77.1 79.0 79.8 81.1 79.0 80.2 80.0 83.3 80.6 81.3 81.0 82.2 81.9 75.0 75.0 74.4 79.2 80.0 80.5 75.0 76.1 74.4 74.8 76.0 74.8 75.6 76.0 75.8 77.9 76.3 81.5 81.5 80.7 81.1 83.2 84.1 85.7 84.1 85.1 84.9 82.1 81.4 81.3 80.7 80.6 81.0 81.4 82.0 80.7 71.2 72.6 74.0 74.6 73.5 72.1 76.7 77.7 71.6 74.6 75.0 73.4 69.9 70.2 69.9 69.3 70.7 71.2 67.6 70.2 69.1 69.3 67.7 67.1
78.4 78.2 81.6 83.3 82.5 83.9 85.7 83.1 79.4 81.3 82.7 78.6 80.4 79.0 78.9 79.6 80.5 80.2 86.6 80.9 80.6 80.6 81.7 82.0 75.5 74.8 78.5 79.8 80.6 80.5 81.6 80.4 78.8 75.8 75.5 75.1 76.3 76.7 76.1 78.7 78.7 81.8 80.3 80.7 80.7 82.5 83.5 86.5 85.6 84.8 86.6 81.2 80.2 81.3 82.0 82.4 80.1 82.7 82.5 77.9 72.0 72.7 73.7 74.3 74.9 73.5 77.3 77.3 70.3 74.7 78.1 76.1 73.0 70.8 69.2 69.5 68.1 69.1 66.8 70.0 69.3 70.0 67.1 67.6
76.7 78.4 81.6 82.5 83.8 83.0 85.6 82.8 82.1 81.6 82.8 78.9 78.8 79.3 80.6 78.9 78.7 81.1 80.2 80.5 80.7 78.7 81.0 80.7 75.4 73.5 79.1 79.3 80.0 81.0 82.4 82.7 80.8 80.0 74.7 76.3 74.8 78.3 74.5 77.9 80.4 82.6 80.1 78.3 80.5 81.7 81.8 86.0 86.3 83.1 83.5 81.0 77.1 78.9 81.0 81.9 82.5 82.4 82.6 74.0 73.6 75.0 73.4 78.2 73.5 74.9 78.4 77.9 74.0 74.7 78.4 76.9 75.8 71.9 71.5 71.1 70.3 69.3 67.8 69.9 69.4 70.5 68.2 67.3
75.6 79.4 80.8 81.0 81.4 82.6 84.4 82.0 78.6 82.1 84.0 79.5 80.3 79.7 81.1 79.4 79.9 81.9 81.1 81.7 79.7 81.1 81.8 81.9 75.9 73.4 79.9 79.7 81.1 82.0 84.7 83.8 81.1 81.2 76.7 78.1 77.0 76.7 75.3 77.8 78.9 80.8 79.3 81.0 81.4 81.4 83.9 86.1 83.5 84.2 84.9 81.5 79.6 79.3 79.1 81.0 81.2 82.1 79.9 71.6 71.5 75.0 75.3 78.2 74.1 78.4 79.0 78.1 75.9 77.0 79.1 79.5 76.2 75.9 71.2 71.4 70.6 70.7 72.1 69.1 70.1 68.6 66.7 69.1
78.5 80.2 83.4 79.8 79.0 80.8 82.6 80.5 81.6 81.7 81.7 81.9 81.2 79.9 80.6 80.7 81.2 81.1 83.2 80.5 82.1 81.8 80.4 82.5 73.3 74.8 80.0 79.9 80.6 82.0 83.1 83.7 80.7 81.6 76.7 77.3 76.1 76.9 75.1 76.6 79.8 81.1 80.5 79.3 80.3 81.1 84.1 85.0 86.2 83.9 81.2 78.8 80.6 80.1 80.0 79.6 82.3 82.1 79.4 69.0 74.8 76.6 76.9 77.1 74.5 78.1 80.5 76.4 71.8 77.7 81.2 78.8 77.8 76.4 72.6 73.0 72.5 73.1 73.3 68.8 70.8 69.8 67.7 69.3
79.2 80.8 80.7 80.8 81.9 79.7 81.0 80.3 80.8 81.3 81.3 81.0 80.9 81.2 81.0 81.2 80.6 82.3 81.1 81.5 81.1 82.5 82.6 80.4 74.7 78.5 77.7 80.2 81.5 82.1 83.3 82.6 80.5 80.8 77.3 78.9 77.3 76.0 76.4 76.6 76.5 80.0 78.9 78.4 80.0 79.6 78.6 83.4 86.0 82.4 80.9 81.2 81.8 80.7 80.7 79.4 80.6 82.2 77.7 70.1 74.6 78.4 78.2 77.7 76.9 77.9 79.3 77.7 74.0 76.3 80.6 78.9 77.2 76.0 74.4 73.7 73.1 75.0 76.3 72.6 73.6 72.8 70.3 69.4
80.7 83.8 83.1 83.2 82.7 80.0 81.9 79.7 78.8 80.7 82.5 81.7 79.9 81.4 81.9 80.6 81.1 81.0 81.8 80.8 83.2 82.1 83.8 83.0 75.3 80.9 76.8 80.8 82.1 82.4 85.7 81.4 80.6 79.2 75.5 77.3 76.9 76.9 76.4 76.7 75.8 78.6 80.6 78.1 76.9 74.9 76.3 84.4 85.8 83.5 81.5 81.3 80.6 81.1 81.2 78.4 82.4 82.9 75.7 70.4 80.9 78.0 79.7 77.2 77.7 79.6 78.6 76.5 74.5 78.2 80.2 78.9 75.7 77.6 74.9 73.4 75.6 75.8 79.1 75.2 76.7 73.9 70.4 71.4
82.2 85.3 83.7 82.8 81.9 80.9 81.3 80.5 78.6 79.8 81.7 81.3 79.2 80.8 82.9 82.4 81.1 82.4 82.0 81.9 83.5 82.1 82.7 83.1 74.6 81.2 78.9 82.3 80.3 82.3 84.9 80.5 78.1 78.4 78.0 78.3 76.7 77.1 75.8 77.8 75.9 77.4 80.0 78.3 74.1 70.5 72.0 81.7 86.5 83.6 82.5 80.5 81.7 81.0 82.2 78.6 80.7 81.3 72.4 72.6 80.1 79.6 80.4 77.0 79.2 79.5 79.7 75.5 77.9 78.8 80.4 78.0 75.0 77.0 77.1 74.2 76.9 76.3 78.8 77.6 80.4 78.1 75.5 73.0
84.1 83.6 86.0 81.9 81.8 83.6 82.5 79.5 78.6 80.5 79.4 82.2 80.5 80.2 81.4 82.9 82.8 82.7 82.9 82.9 82.4 82.7 82.6 78.8 72.1 81.5 79.9 81.8 82.7 81.8 84.2 82.0 76.5 80.3 76.8 78.8 78.8 77.3 73.8 77.8 73.6 77.4 75.7 77.2 68.9 67.0 66.9 78.3 87.4 83.3 81.1 78.8 79.6 81.6 81.2 79.5 78.9 80.8 68.8 76.3 79.1 80.0 79.9 77.8 80.5 79.2 80.1 75.5 76.7 77.7 79.9 74.4 75.1 76.5 77.4 76.7 79.7 78.5 78.7 79.6 83.7 81.6 79.3 76.3
84.0 85.0 84.1 81.6 82.7 81.6 82.4 78.9 77.6 81.3 80.6 80.1 79.9 80.7 81.5 81.0 82.6 82.2 83.4 81.7 83.3 81.6 82.8 76.6 72.8 79.7 78.7 81.0 82.0 82.7 84.0 81.9 77.7 80.0 75.8 79.3 78.1 77.2 77.1 77.2 71.6 74.5 73.4 71.9 64.1 64.3 66.5 74.2 86.1 84.0 81.5 79.3 73.5 81.1 81.7 79.7 79.1 80.0 69.9 78.5 80.2 80.4 77.6 77.8 80.5 78.7 76.9 76.7 77.2 79.3 77.9 74.1 76.6 78.5 77.2 78.8 82.1 82.0 81.6 81.7 84.3 83.8 81.6 79.8
84.1 86.2 85.4 84.5 83.6 82.4 84.4 81.2 83.6 81.7 79.7 79.8 78.3 82.4 82.6 81.9 81.2 82.8 82.1 84.9 81.9 83.5 84.0 77.5 75.7 79.8 77.9 82.8 82.3 83.3 85.9 80.4 80.7 83.5 77.1 80.8 75.6 79.2 75.6 76.2 73.6 72.7 70.9 69.7 63.5 63.5 61.0 70.9 83.4 84.3 80.2 79.8 72.8 79.9 79.6 81.3 80.1 78.5 68.9 79.2 80.1 81.5 80.2 77.5 79.1 79.1 79.0 76.6 76.8 81.0 80.0 74.9 75.9 78.5 79.2 79.9 81.8 83.0 80.8 81.4 85.4 84.0 79.7 81.6
84.5 87.0 86.3 85.0 84.7 82.9 85.4 84.4 84.4 83.8 82.0 85.6 80.2 81.3 83.2 81.7 80.9 82.1 84.4 83.4 83.4 83.1 83.1 76.6 76.7 81.2 78.6 83.0 81.8 83.0 84.9 77.3 82.8 84.8 80.8 77.1 76.5 79.9 73.3 75.2 71.5 71.4 69.8 67.6 62.3 62.0 58.8 66.5 79.2 83.8 81.9 79.9 72.9 77.5 80.6 80.5 79.2 74.8 74.0 80.7 81.6 79.5 77.7 78.0 80.4 79.7 78.3 76.9 78.3 81.4 78.2 75.2 75.7 78.2 83.3 83.0 83.4 82.6 81.3 82.0 84.3 83.9 81.4 82.2
85.7 86.7 83.6 84.4 83.3 83.5 83.8 85.0 85.4 83.9 83.1 84.1 80.9 80.4 82.5 83.4 82.1 84.2 83.9 83.3 83.6 82.9 81.7 75.1 78.1 81.0 78.5 82.6 81.9 83.8 83.2 77.9 80.8 82.9 82.2 75.1 76.9 80.2 75.4 71.6 67.1 70.0 67.7 64.5 63.6 61.6 57.7 63.5 80.3 83.2 81.6 80.1 74.3 73.5 81.0 79.6 78.6 74.2 76.3 81.8 82.5 80.3 76.7 78.6 80.3 80.3 75.8 75.2 77.7 82.3 77.5 76.5 76.6 78.9 83.2 84.3 82.5 80.7 79.8 81.8 80.7 83.5 83.6 82.6
84.6 86.2 85.9 84.5 83.8 82.9 83.9 82.4 82.3 84.5 85.0 83.5 83.9 81.8 82.7 82.9 82.3 82.6 82.8 84.7 83.2 83.4 81.0 74.4 79.3 80.9 78.2 84.3 81.7 84.4 82.9 79.1 84.0 85.4 83.8 77.3 77.4 80.0 73.9 68.8 69.0 66.9 67.2 60.7 60.5 60.1 57.5 60.7 75.2 84.3 79.8 80.5 78.2 70.7 78.5 78.6 78.6 76.8 77.4 80.3 81.2 79.5 78.7 79.7 79.9 79.7 78.6 75.8 78.5 81.4 74.7 77.0 79.8 81.5 85.6 84.0 82.9 81.1 80.3 81.1 80.8 82.0 82.7 82.7
