morphological_analysis/survey/q05_1/matrix_q05_1s3.txt
north:            -537.50
south:           -1267.50
east:             2691.00
west:              -93.00
rows:                 148
cols:                 278
null:              -999.0
[rows 0 to 37 of 148, columns 0 to 83 of 278]
93.3 87.6 88.9 88.4 86.9 86.8 86.4 86.1 87.2 85.8 86.7 86.3 86.0 84.6 83.8 83.7 83.3 81.8 80.0 77.8 76.7 86.1 62.0 71.5 69.7 69.5 70.1 69.1 69.9 69.3 68.1 69.0 70.9 82.8 91.9 100.2 111.6 -999.0 -999.0 -999.0 114.8 99.2 87.6 77.2 67.2 64.9 64.7 70.0 58.4 68.8 48.0 53.0 50.2 58.0 49.0 54.8 61.2 57.8 63.9 63.0 61.3 58.3 59.3 59.6 49.7 45.1 43.2 43.6 48.1 59.5 63.9 56.2 55.1 53.8 48.5 48.9 51.7 54.0 54.5 51.2 53.8 59.0 64.5 73.4
93.3 87.6 90.4 88.3 87.1 86.2 85.0 85.9 86.9 85.7 86.7 86.1 85.3 84.6 85.1 83.7 82.6 81.5 80.0 77.5 76.8 88.2 71.0 72.2 68.9 75.2 66.8 69.0 69.6 74.5 67.9 69.0 70.7 82.3 92.3 100.2 113.1 -999.0 -999.0 -999.0 114.9 98.6 86.3 78.6 67.3 67.4 65.2 70.3 58.7 67.6 54.0 54.9 51.0 59.9 49.0 55.0 61.3 58.1 63.8 63.0 61.3 58.3 57.9 58.2 49.7 45.4 42.6 43.8 48.1 59.2 64.2 55.6 54.4 54.1 47.2 49.3 50.9 54.2 54.7 52.4 54.3 63.5 65.4 72.8
93.3 87.6 89.4 95.9 87.0 93.6 96.9 94.9 97.9 94.8 98.1 94.4 97.6 92.1 93.0 92.3 94.3 91.6 94.3 88.4 88.3 87.4 87.5 83.9 84.7 82.7 83.9 86.2 85.0 86.0 83.1 82.5 83.7 93.5 102.7 100.2 112.2 -999.0 -999.0 -999.0 115.0 108.8 99.3 88.5 79.3 79.9 76.9 82.6 67.7 75.7 62.0 67.9 60.5 59.5 49.0 57.8 62.7 60.4 64.4 65.0 59.5 58.5 56.4 57.9 49.7 49.5 46.0 48.7 50.2 57.8 62.7 55.0 54.3 52.0 50.8 51.3 54.0 55.8 57.6 62.0 65.0 71.6 80.3 88.4
93.3 -999.0 89.3 96.3 87.0 94.1 93.4 95.4 94.3 95.5 94.7 94.7 93.5 92.4 92.5 101.3 90.6 100.7 103.7 100.9 103.0 98.5 102.7 96.7 95.2 93.0 96.9 93.7 98.9 96.1 98.7 95.7 97.5 102.4 111.5 -999.0 112.0 -999.0 -999.0 -999.0 114.9 109.2 109.0 98.4 90.4 95.5 88.6 87.7 80.8 83.7 75.7 80.3 67.7 71.1 71.4 71.0 68.1 66.0 65.3 67.4 60.4 59.9 54.6 59.4 56.4 54.9 54.0 57.1 57.3 63.2 60.2 57.3 51.6 57.1 63.0 62.9 63.7 68.0 70.1 72.5 74.7 79.2 89.5 100.5
-999.0 -999.0 -999.0 -999.0 -999.0 -999.0 96.9 -999.0 97.9 -999.0 98.2 -999.0 97.6 -999.0 94.5 102.2 94.3 101.2 101.8 101.7 100.4 99.1 99.7 97.3 95.9 106.3 94.7 96.9 96.2 96.6 108.7 107.5 109.4 108.6 109.8 -999.0 -999.0 -999.0 -999.0 -999.0 -999.0 -999.0 115.8 108.0 101.3 106.7 100.8 105.6 93.4 92.7 92.4 92.6 77.6 84.7 83.3 88.6 81.2 83.3 78.1 80.2 79.5 73.2 73.2 75.1 63.4 71.0 66.9 71.4 70.9 75.1 70.1 73.5 73.8 73.9 80.6 77.8 75.4 79.7 82.7 87.2 86.6 88.5 96.7 109.6
-999.0 -999.0 -999.0 -999.0 -999.0 -999.0 -999.0 -999.0 -999.0 -999.0 -999.0 -999.0 -999.0 -999.0 -999.0 -999.0 -999.0 -999.0 103.7 -999.0 103.1 -999.0 102.7 -999.0 97.3 106.8 97.1 -999.0 99.0 -999.0 107.7 108.0 107.2 108.9 111.5 -999.0 -999.0 -999.0 -999.0 -999.0 -999.0 -999.0 114.7 113.9 112.5 112.2 108.6 113.7 94.1 105.3 101.6 106.5 106.5 101.9 101.2 103.6 97.4 97.4 96.3 102.0 92.8 89.8 89.6 89.4 70.0 86.5 86.4 90.2 86.9 88.8 80.1 96.4 89.6 93.3 86.5 93.7 90.5 93.9 96.2 98.6 98.9 99.1 103.9 117.1
-999.0 -999.0 -999.0 -999.0 -999.0 -999.0 -999.0 -999.0 -999.0 -999.0 -999.0 -999.0 -999.0 -999.0 -999.0 -999.0 -999.0 -999.0 -999.0 -999.0 -999.0 -999.0 -999.0 -999.0 -999.0 -999.0 -999.0 -999.0 -999.0 -999.0 109.3 -999.0 109.5 -999.0 -999.0 -999.0 -999.0 -999.0 -999.0 -999.0 -999.0 -999.0 115.9 115.0 111.2 116.2 117.0 115.9 105.1 116.5 109.9 114.7 116.3 110.0 113.1 116.0 109.3 108.5 109.5 113.1 111.3 119.9 106.8 103.2 103.1 101.1 98.0 109.2 103.0 103.9 93.6 108.2 108.6 106.7 94.5 105.7 105.9 105.7 106.3 107.7 107.4 110.5 111.8 118.9
-999.0 -999.0 -999.0 -999.0 -999.0 -999.0 -999.0 -999.0 -999.0 -999.0 -999.0 -999.0 -999.0 -999.0 -999.0 -999.0 -999.0 -999.0 -999.0 -999.0 -999.0 -999.0 -999.0 -999.0 -999.0 -999.0 -999.0 -999.0 -999.0 -999.0 -999.0 -999.0 -999.0 -999.0 -999.0 -999.0 -999.0 -999.0 -999.0 -999.0 -999.0 -999.0 -999.0 -999.0 113.0 116.5 116.2 116.4 107.7 117.1 110.5 116.3 114.3 111.6 118.4 119.4 119.4 118.6 122.2 120.1 122.4 122.1 119.4 115.6 116.9 114.4 112.3 118.0 116.0 117.7 123.3 116.8 121.8 121.4 106.5 119.2 119.1 118.0 116.5 117.9 120.4 117.7 118.6 120.1
82.9 -999.0 -999.0 -999.0 -999.0 -999.0 -999.0 -999.0 -999.0 -999.0 -999.0 -999.0 -999.0 -999.0 -999.0 -999.0 -999.0 -999.0 -999.0 -999.0 -999.0 -999.0 -999.0 -999.0 -999.0 -999.0 -999.0 -999.0 -999.0 -999.0 -999.0 -999.0 -999.0 -999.0 -999.0 -999.0 -999.0 -999.0 -999.0 -999.0 -999.0 -999.0 -999.0 -999.0 -999.0 -999.0 117.5 -999.0 107.7 -999.0 -999.0 -999.0 116.3 -999.0 121.3 122.8 123.4 122.0 122.5 123.5 122.7 123.2 122.5 122.5 119.6 122.7 122.8 123.9 118.3 122.7 122.1 123.5 121.6 123.8 121.3 122.2 125.9 121.8 120.4 123.1 122.2 121.7 122.3 121.5
82.0 80.5 83.8 80.5 80.3 94.2 78.0 90.8 76.1 78.1 82.6 94.5 87.5 -999.0 -999.0 -999.0 97.4 -999.0 91.9 -999.0 97.6 -999.0 -999.0 -999.0 -999.0 -999.0 -999.0 -999.0 -999.0 -999.0 -999.0 -999.0 -999.0 -999.0 -999.0 -999.0 -999.0 -999.0 -999.0 -999.0 -999.0 -999.0 -999.0 -999.0 -999.0 -999.0 -999.0 -999.0 107.7 -999.0 -999.0 -999.0 -999.0 -999.0 121.7 122.9 123.0 123.2 123.5 124.1 124.5 124.4 124.4 123.5 122.1 123.3 122.6 123.8 121.2 123.1 121.4 123.7 126.3 124.3 122.5 124.2 129.4 124.3 122.4 124.0 123.2 122.7 123.6 123.3
82.9 80.6 83.3 80.8 80.3 91.7 77.5 88.1 76.1 77.8 82.1 92.2 86.3 80.0 80.4 77.6 93.8 79.9 89.4 78.7 94.0 80.4 79.4 79.4 -999.0 58.4 49.3 61.5 65.6 70.0 -999.0 74.6 75.3 81.9 65.9 109.2 67.8 90.9 -999.0 79.3 74.1 102.0 106.7 -999.0 -999.0 -999.0 -999.0 -999.0 -999.0 -999.0 -999.0 -999.0 -999.0 -999.0 122.0 -999.0 123.3 123.6 123.2 123.3 125.3 123.9 125.0 124.1 122.7 122.7 121.7 123.8 122.6 123.9 123.2 123.7 127.2 124.7 122.9 123.8 127.9 125.6 125.1 124.7 125.6 122.9 124.9 124.6
78.7 80.3 83.8 80.9 80.3 91.7 78.0 86.1 76.1 77.7 82.6 92.6 87.5 80.1 80.1 78.0 97.4 80.0 91.9 79.3 97.6 80.5 79.6 79.4 77.9 59.1 49.8 61.1 65.6 70.3 72.1 74.7 75.3 80.6 65.9 103.4 66.9 86.1 67.6 77.5 73.7 96.5 106.7 74.2 76.8 77.1 79.0 80.5 79.8 81.2 99.9 76.8 -999.0 77.3 112.8 104.9 123.0 121.2 122.9 124.5 122.5 122.4 124.6 124.0 123.5 124.1 122.9 123.9 122.7 123.9 121.7 122.7 127.5 124.6 123.4 123.3 126.6 124.3 125.9 124.5 125.5 124.3 125.4 123.6
77.5 80.5 81.5 82.9 80.9 78.4 75.7 75.5 75.7 76.1 80.0 81.1 81.8 81.0 80.4 78.1 79.5 80.0 79.7 79.3 78.9 80.8 79.4 79.5 77.7 59.1 49.3 61.1 65.6 70.3 72.4 74.7 75.3 80.3 65.9 99.9 67.8 83.6 67.4 78.1 74.1 94.4 106.6 73.9 76.1 77.1 79.0 80.2 79.5 80.9 106.2 77.1 77.9 77.7 121.7 103.7 123.1 116.7 124.4 95.8 92.2 117.1 123.9 121.3 124.3 116.4 122.7 122.5 123.0 122.5 120.8 122.4 127.7 123.4 119.6 122.6 121.8 122.3 125.0 123.7 125.6 123.0 123.6 121.1
79.7 80.6 79.3 83.4 81.6 81.0 78.4 74.6 75.4 77.3 79.4 81.5 82.0 81.8 79.0 80.1 81.6 80.5 79.7 82.2 80.2 81.3 80.5 79.7 78.8 62.7 51.4 58.9 65.8 71.8 71.0 75.4 75.4 72.7 65.7 64.1 63.8 65.4 64.8 68.7 71.9 74.3 80.4 73.3 76.8 77.0 78.9 80.1 79.8 79.8 77.4 77.8 78.1 77.6 79.3 88.7 78.4 79.6 85.8 78.2 78.9 90.5 93.8 118.1 115.9 114.3 118.4 108.2 120.9 114.5 122.3 119.0 118.1 117.8 120.2 118.5 118.0 119.9 124.8 120.2 123.6 114.7 114.4 116.4
80.0 80.1 81.3 82.0 82.3 80.3 78.5 76.9 77.7 79.7 80.1 82.0 82.5 82.3 76.5 79.8 79.0 79.0 80.6 81.3 79.7 81.3 83.2 79.7 78.9 62.9 56.2 59.5 66.0 71.3 70.7 74.7 74.9 70.9 66.1 62.5 63.3 62.4 65.1 68.1 69.8 71.8 74.1 71.2 73.1 76.3 76.8 77.9 78.3 77.7 82.7 79.6 78.4 78.9 78.0 77.8 83.6 83.0 77.2 76.7 78.6 76.4 73.8 76.8 93.0 72.4 70.9 76.4 73.6 76.3 119.7 88.2 109.4 79.2 79.9 109.1 109.2 109.6 121.9 111.6 121.2 101.9 77.8 82.0
77.7 80.8 85.2 83.0 81.1 81.7 78.8 80.1 82.4 83.4 81.3 82.1 81.4 81.8 77.5 79.9 79.8 78.4 81.1 79.8 80.0 80.8 83.2 82.2 77.5 65.9 58.8 61.5 66.2 71.3 73.0 74.8 76.3 69.3 66.8 59.6 58.2 62.1 65.2 65.3 67.9 71.7 72.1 71.9 73.9 73.8 75.3 75.3 75.3 76.9 80.0 79.1 81.6 78.9 79.6 79.6 79.9 77.7 78.3 77.1 79.9 74.8 77.2 74.8 70.6 71.2 72.2 72.6 75.0 74.8 79.5 81.6 74.6 76.5 77.6 75.7 72.1 78.3 76.3 84.8 75.5 73.1 69.1 70.6
81.4 82.3 86.0 83.9 80.8 81.1 83.2 83.2 82.1 83.7 81.0 83.2 80.7 83.7 77.4 79.1 79.5 78.1 80.9 78.8 79.7 81.7 81.3 81.7 75.6 69.9 59.4 61.1 67.8 71.7 72.4 75.0 72.9 66.5 67.5 59.9 60.8 61.0 63.4 64.6 67.6 70.7 72.0 71.5 74.8 73.4 74.4 74.4 77.0 75.9 79.8 79.4 79.0 79.8 80.6 79.8 79.1 78.1 78.7 77.5 76.6 76.5 75.9 73.7 72.2 73.1 72.3 71.6 72.7 73.8 76.1 75.6 74.2 74.7 73.9 73.4 75.6 72.9 73.8 73.0 70.5 69.4 68.9 68.4
80.6 81.4 80.6 83.6 82.9 83.7 84.4 83.4 81.3 82.4 82.2 83.1 81.4 83.5 76.7 79.1 79.6 77.9 81.3 80.2 80.5 80.7 81.3 81.7 75.0 71.6 63.1 61.9 70.6 71.3 74.7 74.3 70.9 64.6 64.4 60.4 60.3 62.5 64.5 67.2 69.2 70.1 71.1 71.3 73.9 74.4 74.0 75.1 76.1 76.2 80.3 78.8 81.4 78.5 80.6 78.6 79.5 78.7 77.3 75.6 75.9 77.8 74.7 74.1 71.8 73.8 71.2 74.2 74.1 74.8 73.0 74.3 76.3 75.0 74.6 73.1 72.8 70.9 69.8 73.0 70.1 69.9 69.8 68.1
80.9 82.4 80.3 84.5 83.2 83.4 82.4 83.2 80.9 80.6 81.0 82.7 82.0 82.3 77.6 82.0 79.7 79.5 81.4 80.9 83.6 79.8 82.4 82.7 78.4 73.0 64.3 62.2 73.5 74.1 75.4 71.9 66.6 63.8 63.2 62.0 60.8 62.5 64.0 66.3 69.0 69.9 72.4 71.6 72.7 74.9 73.3 75.1 76.5 77.1 79.3 78.9 81.2 79.1 80.5 78.9 76.1 78.7 79.0 76.3 74.1 77.4 75.7 74.1 70.2 73.3 72.9 74.3 74.5 74.9 75.4 73.0 74.9 75.7 74.2 72.9 70.8 72.1 70.3 71.3 71.2 70.1 69.4 68.3
82.1 82.9 81.4 84.3 81.3 84.0 84.3 83.5 83.6 77.4 79.8 82.0 82.4 82.7 78.5 79.1 79.5 78.2 80.9 80.9 79.8 81.2 79.4 80.9 76.5 73.8 69.0 65.7 76.8 76.6 75.1 70.5 65.8 63.5 66.0 65.5 61.8 63.8 63.9 66.2 67.5 70.4 69.9 73.0 73.4 74.1 74.0 75.3 75.6 77.2 78.9 79.1 80.0 79.3 80.6 78.2 79.1 78.6 77.8 77.6 75.8 76.7 76.6 74.4 73.1 73.6 73.4 74.1 73.5 73.6 75.0 75.3 74.5 73.4 72.7 73.2 70.6 71.0 71.7 69.4 71.0 69.6 70.1 69.6
83.4 82.9 82.0 83.8 81.0 84.2 84.4 83.4 81.7 78.3 81.1 81.1 81.8 81.9 76.3 80.6 80.2 80.2 79.5 80.6 82.6 82.2 82.7 80.4 77.9 74.5 71.6 69.6 77.0 77.9 74.0 69.2 65.3 65.2 68.0 67.3 67.2 64.1 66.1 67.7 70.3 71.7 72.9 72.7 73.6 74.0 74.2 75.4 75.2 76.0 80.5 79.5 79.3 79.2 80.5 79.1 78.6 79.0 78.2 77.7 77.6 77.5 75.3 76.3 73.0 74.9 72.5 74.3 72.7 74.0 74.0 73.8 73.5 72.8 72.1 73.0 70.9 70.4 74.9 70.8 70.5 70.4 72.4 74.4
82.2 81.6 81.6 84.1 82.9 84.4 85.2 82.2 78.7 77.9 80.2 78.9 81.5 82.8 77.9 80.5 80.6 80.1 78.8 81.1 82.0 82.6 85.2 81.7 76.6 76.5 74.2 74.7 75.7 78.3 77.3 69.5 64.7 67.2 71.7 69.0 70.0 67.9 67.2 68.8 68.9 71.3 72.6 72.4 74.5 73.1 76.3 75.7 75.4 75.8 77.4 79.9 80.7 80.5 80.6 78.8 79.5 79.7 78.4 77.4 77.0 77.7 75.1 76.9 74.3 74.4 73.8 75.0 73.4 74.5 77.1 73.3 74.7 74.0 72.9 74.0 69.2 70.3 71.9 69.5 70.9 71.7 73.7 72.6
81.8 81.4 82.8 84.1 84.2 84.2 86.6 82.2 79.3 78.2 76.9 77.1 81.0 81.8 79.4 78.5 77.6 78.8 79.5 80.6 80.9 81.7 87.2 81.1 75.3 77.4 80.0 79.4 79.0 82.5 77.0 72.3 69.6 70.8 72.4 70.9 70.6 70.1 69.6 69.4 69.4 71.8 71.9 73.8 73.6 74.0 74.4 75.5 75.2 75.6 78.5 80.2 79.4 80.3 79.1 78.6 80.8 80.0 78.9 77.3 77.3 75.9 78.2 77.8 74.3 76.2 75.8 75.0 73.9 75.4 75.4 75.3 76.6 76.2 73.1 72.7 72.6 68.8 67.5 67.3 70.9 72.4 74.4 70.7
78.2 81.0 80.5 82.7 85.3 84.7 83.3 82.5 81.9 78.8 75.2 78.2 78.7 80.1 80.9 77.4 79.6 79.4 80.5 80.6 81.2 81.5 84.2 82.0 75.5 78.2 82.7 81.7 80.7 83.9 76.6 74.0 70.5 70.1 73.6 72.8 74.8 72.8 71.9 70.2 70.5 71.9 73.5 74.3 74.4 74.8 75.5 74.2 75.6 76.4 77.6 79.7 80.4 81.5 81.1 79.7 80.7 79.4 79.1 77.7 79.6 77.3 77.5 75.9 76.1 75.5 74.1 75.1 74.5 76.7 74.1 77.0 77.5 75.0 74.9 72.7 69.8 67.4 64.7 66.9 71.3 71.8 75.0 71.8
78.2 77.9 79.2 82.0 82.9 84.3 84.0 83.0 80.9 80.5 77.7 78.4 77.2 79.3 80.4 76.5 80.2 79.4 79.0 81.0 80.1 81.2 83.3 80.2 77.0 78.2 84.9 84.7 81.2 82.1 75.4 71.3 69.8 70.6 73.9 76.4 74.3 75.3 72.7 72.0 74.1 73.8 73.7 74.3 74.3 74.8 75.7 75.4 75.0 76.1 76.8 79.9 79.7 80.7 80.5 82.6 80.2 79.0 78.2 78.8 80.8 77.3 78.4 76.6 76.5 76.1 74.1 75.9 74.6 76.0 75.9 75.8 76.5 74.6 74.4 73.8 68.2 67.7 60.3 66.0 71.7 71.3 73.6 71.8
76.1 77.7 78.9 82.0 83.6 84.9 84.6 81.8 80.5 79.4 82.5 78.5 79.0 79.3 79.5 77.6 81.6 80.7 81.3 81.2 79.3 79.7 82.3 81.2 76.2 79.8 86.4 84.3 80.9 80.9 74.7 73.6 71.4 70.8 75.4 75.6 76.0 78.3 77.0 74.6 73.7 74.4 73.1 74.9 74.1 73.0 74.5 75.9 75.3 76.5 76.1 79.4 80.7 79.4 80.1 83.4 80.6 78.3 79.4 79.8 81.3 77.3 77.8 77.0 79.6 77.8 76.9 76.6 73.8 75.9 75.3 74.8 77.0 76.5 74.3 74.4 69.4 68.8 62.0 67.0 72.2 70.7 73.1 71.4
77.8 77.7 80.5 82.2 82.8 84.1 83.6 81.7 80.7 80.3 81.7 79.8 78.1 79.8 82.0 79.2 81.2 79.7 81.1 80.0 81.9 81.0 82.7 81.7 76.9 82.4 87.8 84.0 81.0 79.0 74.8 75.5 72.2 72.4 76.6 77.3 79.4 80.2 78.1 77.0 78.0 74.7 76.2 75.5 74.6 74.3 76.3 76.3 75.3 76.7 75.3 77.9 79.8 78.8 81.3 83.9 78.3 78.4 80.0 81.6 81.0 78.9 78.9 77.0 78.3 78.3 78.3 77.7 76.6 76.1 74.5 75.1 75.7 77.6 74.8 72.8 72.9 72.6 62.5 69.8 70.6 70.6 72.8 73.0
77.5 78.8 80.5 82.4 80.8 83.6 85.2 78.9 79.2 82.4 80.6 81.2 78.3 80.6 82.0 81.6 82.1 81.5 80.2 80.9 80.8 81.8 78.8 82.3 76.3 82.1 82.8 82.9 81.9 77.6 72.6 73.7 71.8 73.6 76.2 79.5 83.7 81.8 80.1 77.2 77.2 76.2 75.6 76.3 76.6 74.8 78.4 75.0 75.1 76.7 79.4 78.9 81.1 78.6 81.2 82.5 81.6 80.0 80.0 82.0 80.2 80.9 80.4 79.0 79.2 78.3 79.2 77.9 80.2 77.1 75.7 75.1 76.9 77.3 76.3 72.9 74.8 73.5 66.4 72.0 72.9 71.3 71.9 72.3
77.2 81.1 81.9 81.9 81.0 82.4 81.8 79.3 80.9 80.5 83.8 82.4 78.0 79.3 80.3 82.4 83.0 82.2 81.7 82.1 81.0 82.2 80.7 82.5 76.9 82.6 85.1 82.6 79.6 74.2 73.3 72.2 72.7 75.8 78.8 81.5 83.9 81.7 82.1 80.4 79.9 78.2 76.1 77.9 76.2 75.5 75.1 76.1 75.3 76.6 78.0 78.4 80.1 80.0 81.0 82.6 81.3 81.7 79.7 81.6 79.0 81.4 79.3 79.2 80.5 77.8 77.1 78.0 78.1 78.0 77.9 75.7 77.5 77.8 76.4 75.0 72.8 75.2 72.2 74.0 70.8 72.2 71.3 73.1
77.9 81.6 82.3 80.2 80.9 80.8 80.2 79.1 79.7 80.1 83.3 82.6 78.9 80.5 81.0 81.6 81.1 80.9 82.3 81.8 83.2 81.9 82.8 82.3 78.1 83.2 84.6 82.0 79.3 76.6 73.5 71.6 73.2 78.0 79.0 82.0 83.1 81.5 82.3 80.5 79.4 79.9 78.8 77.6 77.0 75.9 75.0 76.6 75.4 76.1 77.6 78.6 80.6 81.4 81.4 81.9 80.9 83.1 80.3 83.0 79.4 82.0 80.2 79.7 78.4 79.1 79.7 79.6 77.2 78.9 79.1 77.2 77.8 78.3 76.5 73.8 72.6 74.6 75.1 76.9 72.4 73.0 72.4 72.6
82.0 82.5 81.8 81.6 82.3 80.7 80.6 78.7 83.0 78.5 81.4 82.7 79.8 81.5 79.8 81.9 81.3 82.0 81.6 81.5 82.1 82.1 82.0 81.8 77.5 83.8 83.8 82.1 79.4 75.9 72.2 71.5 73.4 78.6 78.9 82.4 84.4 81.1 82.8 80.8 81.6 83.2 80.2 77.9 80.2 76.9 79.2 75.8 75.7 76.5 77.5 77.1 80.1 81.7 79.7 81.6 82.0 86.1 80.9 82.6 81.6 82.1 82.2 80.1 81.5 79.9 80.8 80.3 76.1 79.0 78.8 77.6 77.9 77.8 77.9 73.2 72.6 75.0 75.8 78.2 72.6 73.9 74.5 71.6
81.5 83.6 83.6 83.9 81.6 81.8 80.7 78.8 83.0 78.1 81.5 83.1 81.6 82.7 81.4 79.7 81.0 82.4 81.8 82.6 82.8 82.6 84.0 77.8 80.2 83.8 83.7 82.5 79.1 76.0 71.8 72.2 74.9 81.0 82.0 82.9 83.5 82.5 81.3 82.5 83.4 84.3 79.6 79.7 80.2 78.9 79.6 78.0 77.9 76.8 78.9 76.5 81.3 86.8 80.3 81.4 81.8 86.9 81.9 81.2 82.2 81.0 81.8 80.5 80.7 80.0 80.4 78.6 78.0 78.7 80.0 77.7 78.3 78.2 74.3 74.3 75.7 77.1 78.4 79.6 78.8 76.9 83.6 73.9
83.6 84.9 83.5 83.8 82.5 82.8 81.4 78.4 79.1 80.6 81.0 82.0 79.4 81.2 81.7 80.0 82.5 82.4 82.1 82.5 84.1 84.3 83.8 77.5 80.5 83.8 83.2 80.4 76.2 77.0 70.2 71.7 74.2 82.4 82.8 82.2 81.8 83.5 81.4 82.7 80.7 82.7 82.3 81.2 81.7 80.0 79.9 78.5 77.3 79.1 78.5 78.1 80.8 85.1 82.1 79.7 82.1 87.1 82.8 80.3 81.3 80.7 81.5 81.2 81.0 81.2 81.7 77.4 78.5 79.7 79.9 77.7 77.8 78.5 75.1 73.3 73.1 76.9 79.2 80.8 83.3 79.9 82.7 75.7
84.8 84.6 84.6 84.2 81.1 83.2 82.4 78.7 78.0 81.0 81.7 81.6 78.6 80.5 81.7 80.0 81.8 81.8 82.8 84.2 84.0 83.2 81.8 76.2 81.0 83.5 80.8 80.0 79.9 77.5 70.1 73.9 77.7 82.6 82.4 80.1 83.0 83.5 81.1 82.3 83.1 81.5 84.0 82.0 82.2 80.5 78.0 79.7 79.5 81.4 79.1 80.1 81.0 83.3 81.7 77.8 82.3 85.1 81.8 80.7 81.8 81.4 80.0 81.7 80.4 81.4 81.5 78.6 77.2 80.4 77.6 78.7 79.1 78.2 75.3 73.4 77.2 79.1 79.7 81.9 87.2 81.4 82.0 76.4
85.4 87.1 84.1 84.6 83.6 84.0 82.8 80.3 80.9 81.3 80.9 82.4 79.8 81.8 81.4 82.9 81.7 82.7 82.4 82.8 82.8 82.5 83.3 75.7 81.8 82.7 81.5 78.6 77.8 77.2 70.4 74.8 79.4 80.7 82.3 78.5 80.9 82.9 81.2 81.5 82.6 83.3 80.9 81.2 81.2 82.5 80.9 81.5 81.2 83.7 79.8 84.0 81.2 81.6 80.3 78.2 81.3 82.7 82.0 80.5 82.0 81.0 82.4 82.3 80.9 80.6 80.1 80.0 79.8 79.9 77.7 78.0 78.7 76.9 73.9 73.0 78.9 78.9 80.2 82.0 88.0 82.3 83.0 79.4
84.7 86.2 84.5 85.5 83.6 84.0 83.5 81.0 79.2 83.4 83.6 82.1 79.7 82.0 81.4 83.1 81.3 83.1 82.7 84.0 83.6 82.2 82.5 74.3 83.0 81.5 81.2 78.1 77.0 75.2 72.2 76.9 81.3 79.9 80.7 77.8 80.0 83.4 82.2 81.9 83.7 83.8 83.3 82.0 84.2 82.9 83.4 82.5 80.6 84.6 79.9 82.6 81.6 79.8 82.2 79.8 83.3 82.1 81.6 82.7 81.1 79.4 82.1 81.7 81.9 81.5 77.9 79.9 80.5 79.4 79.9 77.8 78.1 76.2 75.2 72.7 80.0 80.1 79.6 82.4 84.2 82.2 82.5 80.5
85.5 85.6 83.5 84.2 82.5 83.9 83.9 83.2 83.6 83.3 84.3 83.2 83.1 81.4 83.5 82.7 83.4 82.6 83.0 83.5 83.5 83.4 82.2 76.8 81.2 82.5 80.0 78.0 77.9 73.2 72.5 76.8 83.4 81.5 84.4 78.1 81.0 81.5 82.7 80.3 83.1 84.3 83.6 83.1 85.4 82.8 82.0 83.1 82.6 85.0 80.9 82.6 80.9 80.0 80.6 81.2 82.3 82.1 80.6 81.2 81.6 81.2 81.0 82.1 82.6 81.7 77.1 80.4 79.7 79.8 81.6 78.1 78.9 75.9 74.7 72.5 83.5 80.8 81.0 81.8 82.1 81.1 79.6 80.7
85.1 85.7 85.2 84.2 83.3 83.5 82.4 83.8 83.8 85.1 85.5 83.6 81.3 81.9 83.3 82.2 82.3 82.0 85.0 83.4 83.3 83.7 80.1 77.1 82.0 82.5 79.4 77.8 77.9 73.0 71.7 78.3 87.3 81.2 85.5 78.6 82.0 77.8 82.1 81.5 82.3 84.1 81.3 82.6 84.9 83.6 82.8 83.5 83.0 83.7 81.2 82.4 81.1 80.1 80.8 82.2 82.9 82.8 82.7 83.6 81.4 82.8 80.4 82.4 81.5 81.6 78.3 80.0 81.1 81.9 81.5 78.4 76.9 75.2 72.7 75.3 82.3 79.0 79.1 81.7 81.5 80.8 82.2 81.2
