morphological_analysis/survey/q05_1/matrix_q05_1s3.txt
north:            -537.50
south:           -1267.50
east:             2691.00
west:              -93.00
rows:                 148
cols:                 278
null:              -999.0
[rows 38 to 75 of 148, columns 84 to 167 of 278]
80.1 81.8 81.4 80.6 82.5 82.2 82.6 82.9 85.1 82.3 76.7 77.9 74.8 76.1 75.1 74.0 73.1 69.4 71.7 71.2 69.6 70.4 71.3 72.7 73.4 75.7 76.5 79.9 84.0 85.4 80.8 83.6 81.2 79.0 80.4 83.7 81.9 82.2 81.7 80.2 81.9 81.4 79.4 81.5 82.8 82.8 81.1 81.3 82.4 83.6 85.2 82.2 84.1 83.3 84.4 82.4 82.7 82.3 83.1 81.6 80.7 80.7 79.0 78.1 76.6 76.7 77.6 74.9 75.1 76.1 73.0 74.9 78.2 76.9 73.7 80.2 80.2 80.8 76.6 70.9 72.9 73.4 72.3 74.6
81.0 82.4 80.3 80.0 79.6 82.8 82.3 80.9 82.8 84.4 79.5 78.3 75.8 76.9 73.6 74.8 74.5 71.7 70.1 70.8 69.1 70.8 70.0 72.4 72.0 74.8 75.5 77.9 84.7 84.9 79.1 83.9 81.3 79.8 80.6 82.1 82.4 82.4 80.4 80.8 80.4 81.5 80.3 80.8 81.9 82.2 83.5 81.9 80.2 82.8 84.6 82.8 84.9 83.2 83.7 82.3 82.9 83.5 82.4 80.6 79.4 80.9 79.7 80.6 76.6 76.7 77.8 76.4 76.2 76.2 73.2 74.5 77.3 77.4 76.3 80.1 79.9 81.4 75.6 71.7 72.1 72.3 74.5 75.4
81.5 80.8 79.5 79.6 80.1 81.6 82.2 82.2 82.6 81.1 78.8 78.8 79.5 78.1 77.1 74.7 74.3 73.3 72.1 69.7 67.3 67.9 71.0 71.4 69.1 74.0 75.3 69.1 84.8 85.8 80.0 83.9 82.4 79.2 76.2 82.6 82.2 81.4 79.9 80.4 78.9 81.0 80.6 80.3 81.3 81.5 81.2 82.1 81.3 82.1 83.5 84.8 83.7 82.9 80.4 82.8 82.6 82.6 83.5 80.2 81.6 79.6 79.2 80.2 79.2 77.7 77.1 77.9 77.9 75.2 76.1 74.8 76.2 75.7 77.4 80.1 79.5 81.4 75.8 71.3 72.5 72.3 76.2 76.0
82.1 80.3 80.7 80.1 81.6 82.9 83.1 82.7 82.7 77.9 77.3 78.4 84.5 82.4 78.6 78.0 74.3 74.3 70.7 70.4 69.3 69.0 68.3 71.2 70.2 73.1 72.4 72.0 84.5 86.2 79.7 83.7 82.3 80.4 78.4 82.8 81.4 80.1 80.2 79.6 79.2 80.3 79.7 80.7 83.1 80.6 81.1 82.3 82.8 82.3 84.5 84.3 82.8 83.1 80.6 82.3 82.4 83.2 84.4 80.4 80.4 79.8 81.3 80.2 78.1 79.0 79.3 77.4 76.7 75.2 75.7 75.3 76.4 75.7 77.9 80.5 82.1 80.3 73.2 70.6 72.7 72.9 74.3 76.7
84.1 81.6 80.6 80.3 80.7 82.8 82.3 82.6 82.2 78.7 80.1 79.3 82.0 81.4 79.5 80.1 76.8 76.8 72.9 71.1 70.5 68.9 69.8 70.9 70.6 71.3 73.3 72.2 84.2 85.3 82.5 84.2 82.1 80.8 78.5 81.1 81.0 79.8 79.3 79.4 79.3 80.3 79.3 79.3 79.7 79.5 80.4 82.9 81.8 82.3 86.0 83.3 85.0 83.3 81.3 81.7 81.0 85.5 84.2 80.7 79.1 80.5 79.3 80.6 79.5 79.5 78.6 77.0 78.6 76.7 76.5 75.5 76.9 76.3 77.2 81.4 81.9 78.7 72.3 70.0 73.2 73.3 75.4 77.3
82.3 82.0 81.5 81.0 82.5 83.1 81.6 82.4 80.8 79.1 80.0 80.7 83.5 82.2 82.8 81.9 78.2 79.7 73.9 71.7 69.7 68.7 70.0 69.4 71.7 69.1 72.4 72.9 77.8 84.0 81.2 82.8 84.6 79.8 79.6 80.0 79.6 78.9 79.9 79.7 79.7 80.1 77.9 79.7 79.1 79.6 78.8 81.2 82.6 83.4 83.5 83.0 84.8 84.3 83.1 82.7 83.0 86.3 84.6 80.6 78.8 81.1 80.1 81.3 80.9 78.0 82.4 78.0 78.7 76.7 73.5 78.2 78.7 75.6 79.4 82.5 81.8 77.2 72.5 70.1 72.9 74.4 76.3 78.2
81.8 81.2 81.7 80.5 82.1 83.2 80.8 81.9 79.7 79.6 76.7 81.3 82.0 83.8 82.2 83.0 81.2 81.0 76.5 73.6 70.7 69.1 68.4 67.9 70.5 70.4 70.9 72.8 76.3 82.1 81.4 82.5 84.2 79.3 77.7 77.8 79.9 78.1 79.2 80.3 80.5 81.1 79.3 80.4 79.2 78.7 76.9 77.8 80.2 82.4 82.9 83.3 84.7 84.6 86.0 82.7 82.4 86.4 82.6 81.3 78.1 81.3 81.1 81.5 78.5 76.8 78.8 78.3 78.2 76.5 73.8 76.6 79.7 75.4 79.4 81.3 82.0 75.4 71.0 69.2 76.0 76.0 76.7 78.8
81.6 81.6 82.2 81.6 83.2 82.5 81.0 82.4 79.5 78.1 78.8 82.4 81.1 82.8 83.5 83.0 83.0 80.8 78.8 75.8 70.5 71.2 67.0 68.4 68.4 68.9 68.9 77.2 75.2 78.8 81.9 81.8 84.8 79.3 78.0 77.8 80.6 78.7 79.2 80.3 81.7 81.6 78.4 80.0 78.5 80.0 77.2 75.5 79.5 81.2 84.0 80.8 84.5 84.7 86.0 83.7 82.6 84.9 83.0 81.7 79.6 81.5 80.8 81.3 79.2 78.8 79.7 78.0 79.9 76.7 71.0 74.5 78.7 76.5 79.3 81.5 82.2 73.6 70.6 70.0 72.3 77.6 77.4 78.1
80.0 82.6 82.5 82.9 82.3 83.0 81.5 80.4 80.3 78.1 79.4 82.4 81.6 82.2 81.5 83.0 79.9 80.8 80.1 76.4 74.1 72.3 67.2 68.7 70.6 67.7 68.3 76.1 74.1 77.2 81.9 80.0 85.7 80.6 78.4 77.8 80.1 79.4 77.7 80.1 79.0 82.1 78.8 80.7 78.5 78.9 76.7 74.3 78.2 81.4 81.4 82.5 82.5 84.5 86.4 83.4 82.4 82.0 82.1 80.5 79.5 82.3 81.1 82.5 81.9 79.0 78.6 78.9 79.2 76.0 71.5 74.4 78.7 78.2 80.4 81.8 80.1 72.4 70.1 69.8 74.4 77.1 77.7 77.2
80.2 82.5 83.5 82.8 81.4 82.4 84.6 80.8 78.4 77.1 79.6 82.1 81.9 81.5 82.9 83.5 81.1 82.2 79.0 78.8 76.3 75.0 70.9 69.9 68.7 68.0 66.7 72.1 70.7 75.3 82.7 81.0 83.7 81.7 78.9 76.6 81.3 78.0 79.1 80.3 80.9 82.4 82.4 81.5 77.8 80.7 78.2 75.8 79.9 80.3 84.0 83.3 82.8 84.7 88.5 83.0 80.9 79.3 81.9 81.4 78.7 81.3 82.2 82.4 81.9 79.0 80.0 79.5 78.3 75.5 72.2 73.9 77.8 80.7 80.3 81.8 77.7 71.6 68.8 69.9 74.6 76.5 78.5 77.0
80.2 82.9 84.1 82.6 81.1 82.7 80.6 80.3 78.4 78.9 80.4 83.4 83.4 81.3 80.5 82.2 83.6 83.3 79.8 79.6 77.7 78.8 72.9 71.2 69.2 68.5 67.4 72.4 70.4 75.0 77.4 81.9 84.9 81.5 78.2 78.4 81.8 79.1 79.7 78.7 81.2 82.1 81.1 81.3 81.2 81.6 82.3 77.0 78.9 79.2 80.9 82.0 84.6 82.3 84.8 83.3 82.4 78.2 82.6 81.5 79.6 82.8 79.9 82.3 81.5 83.2 80.3 78.9 78.3 74.5 74.9 72.7 78.8 80.4 80.9 81.9 73.7 70.7 69.0 70.8 72.8 77.5 80.0 75.7
82.3 83.2 83.0 82.8 86.2 82.4 83.5 78.3 77.9 80.8 81.3 83.2 82.8 81.2 81.8 82.5 81.8 83.7 81.4 79.7 79.6 79.5 73.6 73.4 66.0 68.0 67.9 71.3 71.1 73.4 77.3 82.8 83.9 81.4 79.1 79.4 84.3 80.7 78.7 78.2 81.3 81.8 80.0 82.5 80.6 82.8 82.3 78.4 80.3 80.0 82.3 83.8 84.3 82.6 84.2 83.0 81.9 77.5 81.4 81.8 81.0 81.9 81.5 81.8 80.1 83.1 80.4 79.0 78.8 74.0 77.0 73.5 79.4 81.1 80.7 82.9 72.8 69.8 69.4 71.8 76.2 78.6 80.1 73.8
83.1 83.0 85.3 83.7 82.6 82.2 84.2 80.3 80.3 83.7 82.1 82.5 81.7 81.3 79.8 82.4 78.8 83.2 81.0 79.9 80.4 80.2 78.0 74.6 67.1 67.9 68.1 69.3 69.5 71.5 74.7 78.1 82.6 82.3 79.3 77.9 82.6 82.4 80.0 78.2 81.5 81.5 83.6 83.5 83.3 83.1 82.0 81.4 79.6 80.9 79.8 83.9 85.5 84.5 81.0 82.9 82.5 78.1 82.1 81.2 80.4 81.6 81.8 81.1 80.0 83.1 79.5 79.1 75.9 73.6 77.3 74.1 80.1 81.4 81.0 82.4 72.9 70.0 69.2 74.7 74.1 77.8 77.2 72.2
85.8 83.7 85.3 83.8 84.4 81.8 82.1 82.6 80.0 82.0 83.3 82.7 83.0 81.3 81.9 82.0 80.5 83.2 83.3 80.1 78.1 80.9 78.5 76.8 69.1 68.7 65.5 68.1 68.8 70.0 73.7 76.5 82.5 81.9 80.0 78.0 79.7 83.7 80.2 79.4 80.5 81.3 83.6 84.1 83.3 83.9 84.4 86.6 83.4 81.2 80.8 83.2 83.9 84.9 84.2 82.5 82.6 80.2 80.7 81.3 81.0 81.4 79.5 81.6 83.0 81.9 77.5 77.9 79.2 73.0 76.8 73.8 79.2 80.8 80.7 80.2 70.9 69.8 71.7 76.5 74.8 77.5 77.0 70.4
86.2 83.6 85.3 83.1 81.3 81.6 83.3 81.0 82.5 82.2 83.4 82.9 82.0 81.3 81.6 80.8 81.5 83.0 82.4 81.6 80.7 81.6 80.4 78.8 73.6 73.0 68.5 67.1 69.5 69.4 73.7 75.7 80.4 80.8 81.8 77.2 77.4 82.7 83.0 79.7 79.3 80.1 84.3 83.5 82.6 84.8 84.2 86.7 81.9 81.4 81.0 81.3 83.0 84.3 82.1 82.4 82.4 80.7 80.7 81.6 80.7 82.9 79.8 81.4 82.3 83.6 76.5 78.4 75.8 73.5 78.8 73.6 77.7 77.8 80.6 77.0 70.1 69.5 70.5 77.1 77.2 78.4 74.0 70.9
85.9 83.2 82.4 82.4 83.1 81.9 84.0 77.8 84.2 82.3 83.8 83.7 80.2 82.0 81.2 81.0 82.0 82.4 82.8 82.8 80.6 82.8 79.9 81.0 79.7 76.2 69.2 69.1 69.3 68.4 67.7 72.7 76.8 83.4 81.5 77.5 74.1 82.3 82.6 79.9 80.1 80.2 83.2 83.8 82.5 83.4 82.8 87.2 82.1 81.1 81.5 80.0 83.4 83.0 84.2 83.1 84.1 82.2 81.3 81.5 79.7 82.1 80.7 81.8 81.5 84.3 81.0 78.2 75.5 74.4 76.8 75.2 79.3 77.9 79.8 75.0 69.7 69.7 71.0 77.1 78.0 79.6 70.3 72.2
88.0 83.2 82.9 82.8 84.3 83.0 82.8 80.9 81.6 80.8 82.2 82.1 80.8 77.9 80.8 82.8 81.1 83.4 83.6 83.6 78.4 82.6 81.8 81.5 82.4 79.0 74.0 70.8 69.2 67.4 68.9 70.4 75.0 81.4 81.5 78.2 78.8 81.8 83.0 79.8 78.5 80.8 80.3 82.7 81.8 82.9 82.6 86.0 82.4 81.1 79.1 78.5 83.7 83.3 82.2 83.5 81.2 84.2 80.7 81.4 81.2 83.4 82.3 82.3 79.3 82.1 79.6 78.3 78.3 75.8 76.6 76.8 81.7 78.7 80.3 73.2 70.6 70.7 72.8 77.8 80.5 78.9 72.5 75.1
85.7 84.5 82.6 82.8 84.1 83.9 83.0 79.9 82.6 81.0 81.1 81.5 80.0 77.4 81.3 81.4 80.8 82.3 83.1 83.2 78.9 83.0 82.1 82.0 81.4 81.1 73.7 71.6 70.4 67.2 68.3 68.6 72.6 76.5 80.3 78.9 77.3 80.4 82.0 81.6 79.9 79.5 79.5 81.1 81.1 84.0 81.8 82.9 81.7 81.2 80.0 79.6 82.1 83.4 83.0 83.4 78.5 80.7 80.0 79.7 79.9 83.0 81.3 82.2 78.2 79.5 78.4 78.4 76.3 78.0 76.4 77.1 80.2 81.4 80.3 73.2 67.4 70.3 72.5 76.6 78.3 78.0 71.3 77.9
83.2 84.2 82.8 83.0 80.9 82.7 82.1 78.9 84.2 81.9 80.2 80.7 74.7 76.3 81.8 81.5 82.5 81.4 83.1 83.3 79.0 82.4 81.3 82.5 83.1 80.4 75.8 74.7 70.2 67.7 67.8 67.2 70.9 74.5 81.3 80.1 76.6 78.2 82.6 83.0 81.8 79.6 80.8 80.2 79.9 82.0 81.4 81.2 79.6 81.0 80.7 81.6 82.3 82.3 83.2 82.2 83.8 79.3 81.0 78.8 81.6 82.8 81.8 82.2 80.0 80.4 78.7 78.8 76.4 77.6 76.1 77.5 80.1 81.8 81.0 71.2 67.6 70.7 72.4 74.7 81.1 76.3 71.6 79.8
83.9 83.8 81.9 82.4 84.7 83.0 84.2 79.6 82.7 82.8 79.3 80.0 75.4 74.2 81.1 81.8 80.8 81.3 83.6 83.8 80.0 82.2 81.8 83.0 82.1 80.4 78.4 76.3 72.7 68.1 69.0 67.0 68.6 71.7 79.2 81.0 77.3 75.7 81.9 80.8 82.1 80.2 78.6 80.2 79.7 78.7 79.3 80.6 81.7 80.6 79.7 82.3 80.9 82.2 82.7 81.4 84.2 80.5 80.0 79.6 80.2 82.8 79.8 82.8 79.5 79.9 78.7 77.8 77.6 77.6 75.3 78.9 78.9 82.1 74.5 71.1 68.0 71.3 71.8 75.0 80.0 72.4 75.3 79.4
81.8 83.5 82.4 82.7 85.2 83.0 84.3 82.7 83.7 81.8 81.5 79.1 76.3 73.9 79.3 81.7 79.2 81.3 83.0 83.5 80.8 81.4 81.7 84.0 80.0 80.6 78.7 76.9 69.2 69.5 68.2 67.2 68.3 70.1 76.7 78.6 80.5 77.1 81.0 81.0 82.4 80.6 80.7 82.1 78.7 78.2 79.0 78.5 81.9 80.7 83.0 82.9 80.9 81.8 82.8 81.4 84.2 80.9 79.2 79.2 81.6 83.9 80.3 81.0 78.3 79.4 76.5 76.5 77.9 78.4 74.7 78.9 81.3 80.8 75.6 70.8 67.2 71.6 72.5 76.4 80.3 71.3 74.6 79.3
83.7 83.7 83.0 84.2 85.6 82.9 84.8 85.2 83.6 80.9 81.4 77.3 76.3 73.3 79.1 80.9 78.3 80.7 81.7 84.1 81.1 81.8 82.0 84.1 80.7 82.3 78.5 77.6 73.7 72.4 68.0 67.3 67.4 69.6 74.1 78.0 81.7 79.4 82.2 82.5 82.6 80.7 80.5 82.8 80.9 78.0 75.0 76.6 80.7 80.0 83.4 83.5 82.9 80.6 80.9 81.8 83.6 80.9 81.1 78.0 80.8 83.3 80.6 81.5 79.0 78.3 77.3 76.4 76.8 78.4 75.2 78.3 80.8 79.9 74.3 70.1 67.8 71.0 71.3 75.9 78.4 72.4 79.8 79.1
86.4 84.9 86.6 83.7 83.8 82.5 79.8 83.0 84.8 80.6 81.7 77.2 74.8 72.6 78.1 80.5 80.0 79.4 82.8 83.9 80.9 82.3 82.8 82.4 82.1 82.5 78.8 79.3 76.3 72.3 69.2 67.0 68.3 68.5 72.2 74.9 79.3 82.4 84.7 82.4 81.1 82.0 80.9 81.6 80.4 78.5 75.4 74.5 80.5 79.6 80.7 83.2 82.0 83.1 82.4 82.3 82.4 79.7 80.8 78.3 81.6 83.2 81.0 82.6 80.1 79.3 78.7 78.4 80.7 77.9 74.0 78.0 80.7 78.7 70.9 68.7 69.4 71.9 73.9 76.0 78.5 75.8 81.8 78.6
83.4 85.7 85.6 83.7 83.7 82.3 78.5 80.8 84.4 81.5 78.0 77.6 76.4 74.2 77.2 79.3 81.0 78.3 81.5 83.9 82.7 82.4 81.3 81.7 80.9 81.0 81.0 79.7 77.7 73.0 69.4 67.8 68.2 68.7 67.5 72.4 79.1 81.6 83.9 82.8 82.1 82.6 80.6 82.2 80.9 81.0 77.1 74.7 81.1 79.7 81.5 81.8 80.2 81.0 80.0 81.6 81.7 78.3 80.0 78.5 80.3 82.8 80.3 82.9 80.8 81.0 78.3 78.6 81.2 78.9 73.5 79.2 81.2 77.5 72.2 68.5 68.4 73.4 75.9 80.3 74.4 74.4 81.8 79.0
86.0 85.0 85.6 85.0 81.7 82.1 79.5 80.9 84.4 82.1 79.3 78.2 76.6 75.8 74.5 77.5 81.8 77.0 80.7 83.6 81.4 81.6 79.7 81.6 82.0 81.0 81.1 79.2 78.1 74.6 71.8 67.9 68.6 70.2 70.2 71.4 76.6 82.0 82.3 82.8 82.2 82.2 79.9 81.0 81.6 82.8 79.4 75.0 81.6 79.8 80.2 82.0 81.9 80.4 81.8 80.7 82.0 78.1 77.5 78.8 82.9 81.8 82.6 81.5 81.0 81.2 79.0 78.5 81.1 79.7 75.6 79.3 80.5 76.5 70.3 67.7 70.6 74.3 80.2 81.0 72.0 74.6 81.7 79.5
84.5 84.0 87.0 84.3 81.2 81.7 78.9 80.1 83.5 82.1 81.2 78.0 78.8 78.3 75.7 76.1 78.7 76.5 81.4 82.6 83.4 80.8 80.3 82.3 80.4 80.0 79.4 80.1 78.8 77.6 71.6 69.0 67.6 68.7 69.4 71.5 74.1 80.4 82.4 82.8 82.4 81.8 80.0 81.7 80.6 83.5 78.5 76.5 81.4 79.0 78.4 82.1 82.6 80.1 82.9 83.0 81.0 77.4 77.4 79.1 80.8 82.2 82.3 82.5 80.7 81.3 79.3 78.5 83.2 79.8 76.6 80.8 80.3 76.0 69.9 69.2 70.4 76.1 82.4 81.5 71.2 77.4 82.4 79.4
84.9 84.3 84.9 82.5 82.1 83.1 82.4 79.7 80.1 80.5 79.7 78.8 81.4 80.7 77.9 74.6 76.9 76.2 79.3 81.8 82.4 80.5 80.3 81.7 78.3 80.9 81.0 80.7 78.0 77.5 71.3 70.2 67.9 67.2 67.9 71.3 73.1 76.7 84.8 83.0 82.6 81.9 79.8 81.6 81.1 81.9 77.4 78.0 78.1 78.4 79.8 83.6 81.1 81.0 81.7 83.7 83.1 78.4 79.3 78.2 80.8 82.0 82.3 82.3 80.0 80.3 78.5 78.5 82.2 77.3 77.2 82.7 81.9 73.8 69.3 69.8 73.1 77.6 83.8 80.9 72.8 80.0 81.6 78.9
83.5 84.3 81.6 83.1 81.7 84.5 79.4 79.1 80.7 79.9 81.5 80.6 81.7 81.7 75.9 76.6 75.1 75.4 77.9 80.9 81.8 80.1 77.5 79.1 79.1 80.9 81.7 82.1 79.8 77.8 77.3 70.1 68.0 68.7 68.6 70.8 69.7 74.1 83.7 83.4 83.7 82.0 79.5 81.9 81.5 82.9 81.0 80.7 77.1 79.4 78.4 82.3 83.4 81.2 81.5 82.9 82.1 80.3 78.8 78.2 81.3 83.1 79.2 82.6 82.3 80.4 82.0 78.7 81.1 78.2 80.6 82.9 84.2 73.0 69.3 70.5 74.9 75.9 81.8 79.2 74.1 81.7 82.6 80.2
84.0 84.2 82.6 83.3 79.8 84.5 79.1 80.4 80.6 79.1 81.1 80.8 84.2 80.4 79.1 75.9 72.0 74.4 78.2 79.7 80.6 82.0 79.4 80.6 80.9 80.5 82.5 82.1 81.5 78.4 79.3 74.6 68.2 70.4 69.3 70.9 71.1 72.4 80.5 83.0 82.3 83.1 81.0 82.3 81.6 82.9 79.9 81.3 77.1 80.2 78.7 82.3 83.1 81.2 81.4 83.0 81.7 81.7 77.8 78.6 81.2 83.6 81.8 82.7 81.3 80.6 80.3 79.5 80.8 77.9 77.8 82.0 81.3 71.7 70.5 71.7 74.5 77.1 81.1 75.9 74.0 82.3 83.8 79.8
83.8 85.1 82.2 82.9 81.1 83.2 80.3 80.1 81.2 81.1 80.5 82.0 84.3 80.2 81.6 75.4 68.4 74.0 75.3 78.4 81.9 80.9 78.7 81.2 79.1 80.2 82.3 81.7 80.1 78.2 80.7 76.6 68.5 70.4 68.7 70.7 68.2 71.1 77.3 83.1 82.7 84.0 80.9 81.4 84.8 83.4 82.7 81.9 73.9 77.6 77.6 81.5 82.1 82.2 79.3 83.5 84.2 82.8 81.3 80.9 77.4 82.9 81.9 82.5 79.1 79.9 78.7 80.5 80.4 76.8 78.1 82.1 78.1 71.0 70.4 72.6 73.2 77.9 77.0 71.3 75.6 83.7 83.0 78.5
84.2 85.6 81.4 82.6 81.7 81.0 82.2 78.6 82.1 81.6 82.2 84.6 82.4 81.3 78.9 76.6 67.0 72.9 78.1 76.4 79.6 80.9 78.7 80.1 79.1 80.0 79.1 81.8 80.4 78.8 78.7 77.9 69.1 70.2 70.3 70.6 69.9 68.7 75.8 80.8 83.5 82.3 79.6 81.2 82.0 82.5 83.9 83.3 74.6 76.9 77.7 81.2 81.8 81.1 81.0 82.7 82.3 83.9 80.6 80.5 77.9 83.5 80.0 82.4 77.4 80.1 80.8 78.8 79.1 76.7 81.1 83.0 77.3 73.1 72.0 73.2 75.4 80.7 81.7 73.5 77.1 83.0 82.4 80.0
83.7 84.7 82.4 82.7 81.3 78.7 80.6 78.6 82.6 81.4 80.9 85.2 82.3 82.0 80.3 78.7 66.0 71.5 76.2 75.2 78.5 82.3 78.7 79.8 79.8 79.4 81.4 81.3 81.1 79.0 81.7 78.9 74.0 69.9 67.9 71.2 74.7 68.3 73.5 78.0 83.0 81.6 81.0 80.6 81.5 83.3 84.0 83.5 78.5 74.5 78.5 79.3 81.9 80.9 81.5 82.7 84.8 83.2 79.5 80.2 79.3 83.2 82.3 82.0 77.0 80.5 81.0 79.6 79.5 75.4 79.5 82.5 75.1 73.0 70.9 73.2 76.4 78.6 78.8 73.7 81.0 82.2 80.2 80.0
84.5 84.2 83.2 83.0 84.6 77.6 82.8 78.8 80.9 80.3 81.1 82.2 82.9 82.3 79.9 78.5 68.7 70.4 74.7 74.8 76.7 82.4 77.8 79.2 77.3 77.9 83.0 80.0 82.7 77.8 80.5 79.9 77.1 70.6 71.8 71.5 73.6 68.5 72.0 75.7 82.3 83.2 81.3 82.1 81.7 83.4 87.9 83.4 81.3 73.5 79.4 79.1 82.5 79.7 79.5 82.2 84.9 81.4 82.4 80.0 80.4 82.1 80.7 81.8 78.8 80.8 81.4 82.2 79.9 75.0 80.9 80.8 72.2 72.4 71.7 73.4 76.0 78.7 77.0 74.3 82.8 82.4 82.3 79.6
84.1 84.7 83.3 81.5 83.9 78.0 81.0 78.3 80.5 80.5 81.3 83.2 82.4 83.4 78.5 78.9 70.0 69.3 76.1 72.5 73.5 81.2 78.5 78.7 78.8 78.7 82.4 79.7 81.8 79.1 81.2 81.2 80.4 73.1 70.5 71.4 71.4 68.1 72.9 73.9 80.6 83.6 82.9 83.2 82.7 82.4 85.1 84.0 83.6 73.2 76.2 79.9 82.9 82.6 79.8 81.9 84.4 80.2 82.0 80.0 78.5 83.8 82.8 82.9 81.6 80.3 79.9 79.0 78.6 74.7 81.3 79.5 71.4 71.8 72.6 74.9 78.1 79.8 75.2 75.4 84.1 83.3 84.3 77.7
83.2 85.2 82.5 81.7 84.1 78.5 81.0 78.6 80.6 81.8 83.1 82.4 81.0 83.0 79.3 80.2 71.5 70.8 75.9 72.2 73.7 78.5 77.1 78.3 77.9 78.0 80.2 80.6 81.8 81.3 81.1 80.4 79.5 75.7 70.9 71.0 70.7 68.1 70.6 73.5 80.0 82.8 82.2 82.6 81.4 83.5 82.8 83.0 84.5 73.3 79.7 79.6 83.8 83.0 81.1 81.7 86.0 81.4 81.7 82.7 79.3 84.1 83.7 82.8 84.9 80.7 79.7 78.7 80.6 75.3 82.2 77.3 72.0 72.0 71.9 75.5 78.7 79.9 74.3 77.5 85.2 83.5 83.7 77.9
85.1 83.9 83.9 81.0 80.1 79.1 82.2 80.1 81.6 81.0 82.7 81.5 80.6 82.8 80.4 80.6 74.6 71.5 77.2 72.1 72.7 75.7 78.3 78.6 78.1 77.4 78.4 79.3 82.3 79.8 79.4 80.9 79.8 78.3 71.6 70.5 69.9 68.3 70.8 72.8 77.5 83.7 80.7 81.6 80.7 84.6 83.0 82.2 81.9 74.0 77.1 79.2 83.8 81.6 80.0 81.4 86.2 81.3 80.5 81.6 81.3 83.0 81.8 82.2 83.0 80.6 77.1 78.9 79.8 75.5 80.4 75.9 72.9 71.7 72.0 76.9 77.8 77.7 75.2 78.7 85.3 82.9 82.2 79.8
85.0 84.5 83.0 80.2 79.7 80.2 82.4 80.6 82.0 80.3 83.4 81.3 82.3 81.7 80.9 80.9 78.0 72.5 78.0 71.9 74.6 74.5 73.6 79.0 78.3 77.7 79.0 79.4 81.0 80.3 81.6 80.2 79.8 78.4 72.5 70.1 69.9 67.3 70.4 72.2 74.8 82.8 83.0 81.8 81.4 83.5 84.5 83.1 84.4 75.9 74.8 78.6 82.8 81.4 80.8 81.6 82.6 81.8 81.2 81.6 80.8 81.6 83.8 83.5 83.4 79.5 80.2 80.1 80.1 76.6 81.1 74.6 75.2 72.9 73.6 76.4 78.4 78.1 74.8 79.5 84.6 82.3 81.5 80.7
86.7 84.1 84.4 80.5 77.3 80.6 80.0 80.7 82.1 81.0 83.6 81.9 82.2 82.2 81.1 81.5 80.6 73.7 77.9 73.7 75.0 75.2 73.2 77.6 78.9 77.1 80.8 79.5 81.0 80.5 81.8 81.6 82.0 78.6 76.9 73.2 69.3 68.7 71.5 70.8 74.6 81.7 81.5 82.1 80.5 84.2 82.7 83.0 80.5 78.3 74.1 78.6 82.0 82.4 79.3 81.0 81.8 81.9 82.5 81.5 80.2 80.8 83.7 82.7 82.6 81.8 81.5 79.1 78.9 76.8 80.6 74.7 75.8 73.5 72.6 76.6 78.0 77.5 76.8 82.4 82.5 82.1 82.1 80.3
