morphological_analysis/survey/q05_1/matrix_q05_1s3.txt
north:            -537.50
south:           -1267.50
east:             2691.00
west:              -93.00
rows:                 148
cols:                 278
null:              -999.0
[rows 0 to 37 of 148, columns 168 to 251 of 278]
66.4 67.8 74.0 70.6 65.0 62.9 58.2 56.5 56.2 55.9 55.2 58.2 53.8 54.7 58.0 61.7 60.2 62.2 44.7 47.1 52.4 51.8 50.6 99.4 103.4 100.5 97.3 68.2 55.9 48.9 51.6 50.7 48.4 49.1 50.2 55.1 71.0 79.2 84.0 87.6 85.2 74.4 58.2 54.5 54.0 58.1 55.8 61.3 60.6 66.3 72.7 73.3 73.0 72.3 -999.0 72.3 62.7 53.6 53.7 51.9 52.0 52.1 54.1 53.7 59.3 65.4 75.9 62.3 52.0 45.3 45.8 43.7 40.1 40.1 44.8 50.0 48.2 57.1 55.0 52.3 52.0 55.0 49.9 57.9
66.0 68.7 68.7 70.4 65.8 62.9 57.6 57.4 55.6 57.2 55.4 59.0 55.1 55.4 56.3 63.4 58.6 64.5 49.7 47.4 53.3 51.8 51.7 99.4 102.8 102.8 105.0 68.3 57.6 49.4 52.0 51.4 48.8 49.4 49.8 55.0 69.4 79.4 83.5 87.5 85.0 74.4 58.2 54.4 53.9 58.3 57.4 62.2 60.1 66.3 73.0 74.0 73.0 72.2 76.1 72.3 62.3 54.4 54.2 51.7 51.8 52.0 54.1 54.8 60.1 65.3 76.8 64.4 52.3 45.4 45.8 43.6 39.6 40.1 45.3 50.1 49.2 57.1 54.0 52.4 52.0 54.8 50.0 57.8
72.1 68.5 67.9 68.6 65.6 63.2 60.9 62.9 58.4 62.1 61.0 59.1 58.1 58.8 65.5 68.1 69.1 64.1 62.0 50.0 53.2 52.6 52.5 97.7 103.0 59.1 58.7 68.0 59.0 51.0 52.3 52.8 51.8 50.3 51.2 54.7 68.7 78.2 85.8 87.2 83.6 73.7 60.4 56.8 55.9 59.4 62.2 63.9 62.5 66.3 74.5 75.8 76.5 74.2 76.1 72.4 63.6 54.5 55.8 56.6 53.6 55.7 56.2 59.7 64.3 68.6 79.8 69.5 54.8 47.2 46.0 47.5 42.7 42.5 46.2 49.1 47.8 57.0 58.4 55.0 53.6 57.4 51.1 61.0
78.5 73.8 72.7 74.7 67.5 67.3 67.8 68.4 65.1 66.7 67.4 65.3 64.0 64.1 72.9 78.7 83.0 77.9 71.8 56.6 52.5 53.4 51.6 78.5 52.8 64.8 65.1 68.2 60.4 56.1 55.6 54.1 55.8 54.8 54.5 58.1 67.8 79.1 86.5 87.5 80.1 73.4 62.9 58.2 59.4 62.4 64.7 66.2 64.5 67.1 69.7 74.8 77.9 76.6 76.1 72.6 67.8 60.1 60.3 61.8 58.3 59.0 59.3 64.5 70.7 73.6 84.5 74.9 59.9 49.8 46.2 47.5 44.7 44.4 47.2 49.4 45.0 57.0 60.3 57.0 54.3 57.8 54.2 63.2
81.1 79.6 78.4 79.0 76.5 73.8 71.4 77.2 70.6 72.2 69.4 74.4 68.8 68.9 80.7 92.7 95.1 93.2 81.8 69.2 52.2 55.0 51.4 49.3 50.6 59.2 65.4 68.3 56.6 60.0 58.5 56.8 62.0 60.5 60.5 62.6 66.9 78.9 87.3 88.3 79.2 73.1 63.3 64.8 64.0 67.3 70.4 70.5 71.1 69.0 73.4 73.9 75.5 78.7 77.5 73.4 68.4 66.8 65.4 64.1 61.6 61.8 64.5 70.2 77.6 82.1 86.2 80.2 67.3 56.2 46.9 48.1 46.8 44.4 48.3 49.9 45.6 56.5 62.5 58.4 57.1 60.7 58.1 62.8
83.0 86.1 83.8 83.6 82.3 79.9 74.3 83.8 77.9 78.1 74.2 85.2 78.3 82.6 87.3 100.3 109.0 106.2 89.8 93.8 78.1 56.3 50.9 52.9 54.2 63.2 66.7 68.4 60.0 64.2 65.0 63.7 69.2 68.5 65.4 67.7 67.0 78.8 83.9 89.2 78.7 73.6 64.6 68.0 66.0 71.5 75.4 75.0 77.9 73.1 74.2 74.1 75.8 76.2 81.4 74.0 73.9 72.2 71.4 68.3 66.8 67.1 68.2 82.3 86.7 97.7 89.6 85.1 76.2 62.4 49.1 49.3 49.0 46.6 48.2 50.0 48.5 56.1 64.8 59.8 59.6 63.5 60.2 65.9
93.3 92.3 90.5 89.4 89.6 88.0 89.4 89.7 86.6 84.8 88.1 91.7 88.6 92.3 92.8 105.5 111.9 113.0 106.4 104.8 89.1 74.3 63.7 65.8 55.3 63.3 67.0 68.6 66.7 70.9 70.3 73.0 74.1 75.8 75.1 76.9 68.8 78.6 85.0 87.8 81.3 74.5 71.8 70.2 72.9 76.0 80.5 77.9 85.6 78.4 74.5 77.9 76.8 79.6 82.0 77.8 80.0 77.3 75.9 74.0 70.8 72.4 75.5 88.1 95.0 106.1 93.4 93.0 88.5 68.0 57.9 51.6 46.0 46.8 50.5 51.7 51.2 57.3 66.5 65.2 61.4 65.1 61.8 66.7
98.7 103.0 98.5 94.8 97.6 101.8 96.9 96.0 93.5 92.5 95.2 97.7 95.9 95.6 99.7 110.3 113.4 113.3 113.6 110.4 95.9 87.6 74.4 73.0 63.9 74.4 70.7 76.5 75.6 81.5 79.7 82.0 78.4 82.3 84.4 85.2 82.2 85.4 86.6 89.8 84.1 75.6 79.2 77.8 79.3 80.9 84.5 87.7 91.4 88.0 82.7 82.9 81.8 83.1 86.3 84.7 85.8 87.0 81.6 85.8 76.3 79.2 78.0 94.5 101.5 109.4 102.3 106.8 97.3 75.3 70.3 64.0 48.3 47.2 51.8 51.9 55.8 61.2 67.6 66.7 65.2 68.1 65.1 67.2
103.4 107.2 105.6 103.5 102.2 104.9 102.8 103.1 101.9 101.3 102.5 103.4 103.4 103.2 103.7 114.5 113.4 114.8 113.8 112.8 100.9 101.6 81.9 80.4 81.5 82.7 84.6 88.4 85.0 93.3 88.4 93.1 94.8 92.5 94.8 92.4 90.9 89.0 87.1 92.8 85.8 87.0 87.9 87.6 82.9 89.1 91.7 96.7 96.1 96.4 89.9 91.1 88.9 89.5 92.1 90.5 92.6 95.1 88.9 93.3 83.4 85.6 85.3 103.8 110.4 117.9 117.8 115.8 105.1 86.4 79.7 77.0 56.4 52.4 53.5 54.9 58.3 63.3 70.2 73.3 69.1 69.4 69.9 66.3
109.8 111.8 110.9 110.7 106.6 108.7 110.3 108.7 108.0 110.1 109.1 108.4 108.3 110.5 110.4 116.8 113.7 115.7 115.2 114.1 108.6 106.2 92.2 94.3 91.1 92.4 96.0 97.2 96.7 102.7 96.6 101.0 102.4 100.8 102.1 104.4 99.4 98.0 94.0 99.1 99.1 98.3 100.9 95.8 88.1 96.9 97.9 106.1 102.8 103.6 95.8 98.7 93.6 100.0 100.1 95.5 97.5 100.3 93.9 101.9 89.9 94.1 101.3 109.9 115.8 122.7 122.2 125.1 114.3 96.3 88.5 80.4 67.9 57.9 55.1 56.7 60.9 66.1 71.4 74.8 68.6 71.6 72.1 66.2
113.2 117.0 117.4 116.4 110.9 115.0 115.1 115.2 117.1 115.2 113.5 113.0 113.8 115.3 116.1 116.8 115.6 116.5 114.1 115.4 111.9 109.7 103.9 104.9 104.6 105.2 107.0 106.0 104.4 109.1 103.1 108.0 108.4 107.0 109.2 109.1 105.2 106.1 104.6 105.3 107.4 107.7 110.3 106.6 104.8 104.7 105.9 114.9 106.6 109.0 104.2 106.2 101.5 114.4 108.0 103.7 106.5 106.4 102.9 108.4 98.2 100.9 110.9 114.9 123.2 124.7 125.3 124.1 120.2 107.8 94.5 95.7 86.2 67.5 60.5 60.2 63.3 68.2 71.2 74.7 68.1 72.4 73.9 70.1
114.8 119.0 116.7 117.2 117.0 117.3 118.2 118.9 116.6 117.2 117.8 116.4 117.9 117.2 118.2 117.0 114.8 117.1 114.0 116.1 114.5 113.1 114.6 112.0 112.6 111.6 113.0 112.0 112.7 114.3 115.0 114.0 114.0 113.0 113.8 113.9 112.4 112.4 112.0 114.0 118.1 114.3 116.6 113.1 111.3 112.8 112.5 116.3 111.9 114.0 112.4 113.0 107.1 116.2 110.9 109.7 111.2 110.4 107.9 111.8 109.6 108.3 116.1 120.5 124.9 125.1 125.5 123.8 124.6 115.5 109.9 108.4 99.5 84.8 81.6 68.0 68.1 71.0 72.4 75.1 71.3 73.7 80.1 73.5
115.7 119.6 118.8 118.0 117.7 118.0 118.1 119.7 117.1 118.2 118.0 118.7 118.4 118.3 118.1 118.1 115.5 116.6 114.4 116.0 115.0 115.5 116.2 113.6 115.9 114.0 114.8 114.4 119.0 116.7 117.9 116.4 118.3 115.7 116.3 115.7 117.6 116.1 116.8 117.4 119.4 118.7 117.4 116.9 118.1 116.4 116.9 118.2 117.4 116.5 118.9 117.6 111.2 117.2 117.0 116.0 115.7 115.0 114.3 114.7 115.7 115.9 120.4 124.5 125.8 124.9 125.9 124.2 125.1 124.2 117.9 116.9 106.5 101.3 106.7 94.4 72.5 77.4 73.3 79.2 74.7 76.4 82.7 75.9
118.1 119.5 118.1 118.9 118.1 118.1 118.0 119.1 118.5 118.4 118.0 118.6 119.3 118.4 118.2 118.5 115.5 116.1 114.9 116.8 116.6 115.9 115.9 113.6 115.6 114.9 114.9 115.1 118.0 119.2 117.4 118.4 119.3 117.3 117.6 116.9 116.7 118.5 117.7 118.3 119.5 117.4 117.1 118.8 119.0 118.9 118.6 118.6 119.7 118.5 118.1 118.4 122.2 117.8 118.2 118.4 118.4 118.0 118.4 117.7 119.0 124.1 124.3 126.1 126.1 125.7 127.7 126.0 126.8 129.2 123.1 123.3 116.6 122.4 115.9 120.2 78.8 100.5 114.8 83.3 81.1 97.1 80.1 121.1
121.2 117.1 118.9 118.5 118.2 115.7 117.2 118.8 119.6 116.8 118.7 118.5 119.6 118.1 118.9 116.0 113.9 115.8 112.4 115.9 116.3 115.3 115.8 113.7 116.2 115.9 114.5 116.0 118.4 119.5 117.8 118.5 119.4 117.7 118.4 117.7 117.4 119.1 118.2 119.3 118.8 118.2 117.0 118.1 119.8 118.3 119.2 118.7 118.8 118.6 118.8 118.8 123.0 118.2 118.6 118.2 117.6 118.4 118.8 119.7 119.3 124.8 126.0 126.0 126.4 126.4 126.9 125.1 127.8 128.3 125.9 126.8 124.1 126.9 123.5 125.1 124.6 125.1 122.5 117.6 108.1 120.8 123.7 121.1
118.6 112.3 114.9 77.6 116.3 100.6 117.1 111.4 114.8 87.7 119.3 117.0 116.5 115.7 115.8 113.5 115.2 109.0 113.2 111.9 117.1 113.1 116.5 111.8 114.0 115.5 114.1 115.3 116.3 116.5 116.9 117.6 118.7 117.5 117.0 117.1 117.4 118.5 117.2 118.7 120.2 117.7 116.8 117.5 119.7 119.4 119.0 118.4 118.2 118.0 119.4 119.1 117.7 118.8 119.3 117.5 117.2 119.0 118.7 119.5 121.5 125.0 125.4 125.4 124.5 126.3 126.9 125.0 127.4 128.8 128.6 127.8 126.6 126.6 128.3 126.7 127.2 125.1 123.2 123.9 126.1 126.6 128.0 127.7
60.9 86.0 64.2 68.3 59.2 59.5 68.2 93.3 62.6 76.1 67.9 107.8 95.3 103.8 99.9 89.5 61.9 85.8 64.8 106.3 112.3 100.2 113.9 88.9 112.1 102.6 113.0 92.4 114.1 94.5 113.2 114.0 116.0 111.3 114.6 113.9 115.6 114.3 114.1 116.1 118.0 117.1 116.2 116.7 117.0 115.2 117.2 117.7 119.1 117.9 119.1 118.2 117.3 117.4 118.7 115.7 118.7 118.2 118.9 120.1 120.4 122.0 125.9 124.2 124.2 125.4 125.4 124.8 127.6 128.3 126.7 128.0 127.2 126.2 127.2 126.5 125.5 125.4 125.0 126.0 126.0 127.6 127.5 127.6
68.2 66.2 64.2 62.8 62.2 61.7 61.5 62.1 62.3 62.8 67.5 67.2 64.7 67.7 63.2 63.6 63.1 64.3 63.0 67.5 64.5 68.9 70.8 73.8 72.0 74.6 80.0 82.6 81.4 84.1 79.4 102.2 79.2 95.4 81.9 93.5 107.4 106.1 109.8 111.7 114.4 114.6 116.3 114.6 112.7 102.7 114.4 112.1 113.7 99.6 117.3 108.6 117.1 98.5 117.3 109.1 117.2 118.9 118.6 117.1 121.1 121.6 124.5 123.4 123.5 124.0 124.4 122.0 124.8 127.5 128.2 127.1 127.9 125.7 127.8 127.6 125.2 127.0 126.7 125.4 125.0 126.6 128.1 127.8
68.6 67.6 66.5 63.0 60.0 61.1 61.9 58.9 62.3 63.6 65.0 65.4 66.8 64.5 63.0 62.7 62.5 62.5 62.2 65.4 65.6 67.4 69.2 68.9 68.5 71.8 76.5 79.3 79.2 80.3 81.1 78.8 81.0 79.6 79.8 80.1 76.6 73.6 77.7 87.8 110.4 110.2 111.8 106.4 81.2 80.5 84.0 79.4 82.2 82.3 76.1 78.3 71.4 72.3 76.5 77.7 76.3 104.9 104.0 98.6 112.7 105.6 122.5 120.9 121.4 119.3 120.8 121.5 123.2 123.4 127.0 124.1 124.8 124.5 128.0 125.7 124.7 124.5 124.7 124.7 125.3 126.2 127.5 126.4
70.5 68.5 68.2 63.3 60.6 61.2 61.9 62.5 60.7 64.0 66.4 65.2 66.0 64.8 64.6 63.0 60.6 63.2 66.9 65.6 65.1 66.2 67.7 68.7 71.0 69.7 72.1 75.3 77.1 80.6 79.3 80.6 78.8 79.8 79.6 80.2 76.3 72.4 69.1 84.0 80.4 85.2 110.3 83.7 79.7 82.5 83.6 81.0 80.7 81.1 76.2 75.9 68.7 67.8 77.7 77.3 78.4 79.9 80.3 74.1 80.1 87.1 106.1 111.6 110.6 107.7 116.5 111.0 120.8 99.0 117.0 108.8 118.6 115.4 119.8 115.6 122.0 118.4 121.5 121.8 123.1 122.5 125.7 114.8
71.2 68.8 68.3 63.1 63.4 60.7 62.9 64.1 65.4 64.2 66.0 65.3 66.6 63.5 65.0 62.2 61.9 62.2 65.6 66.8 65.0 65.4 68.9 68.3 69.3 69.9 71.3 74.8 76.3 79.9 81.0 81.9 81.4 81.7 78.6 81.5 78.1 70.7 73.6 78.5 83.0 83.1 86.7 84.3 83.8 83.6 85.3 84.0 82.0 81.4 79.0 77.5 67.1 66.2 75.3 78.4 76.5 77.9 76.4 75.0 73.1 79.5 79.3 75.0 81.5 80.0 78.0 101.2 93.7 79.4 80.5 79.3 76.4 84.3 81.0 95.6 77.3 96.6 78.0 102.4 106.0 112.1 82.2 90.5
70.6 68.3 66.6 63.6 67.2 65.1 64.2 66.3 65.0 64.6 64.9 65.4 65.0 60.5 62.3 62.5 64.0 66.4 66.0 66.9 66.1 65.5 68.5 69.1 69.0 70.1 69.9 74.5 75.4 79.1 82.8 81.2 84.0 83.3 83.0 84.1 78.9 74.4 77.5 79.4 83.1 83.9 85.5 84.4 87.3 84.2 83.3 85.7 79.8 81.0 82.2 78.6 65.7 65.9 76.6 77.6 79.3 78.8 77.9 76.1 76.6 78.4 75.6 75.2 75.6 78.2 80.7 79.3 77.6 78.8 79.9 78.7 77.0 78.9 81.3 79.7 77.5 77.7 75.3 78.5 73.9 79.0 75.7 80.4
68.9 69.6 67.2 65.9 67.5 68.5 65.3 67.5 65.2 64.7 63.3 65.3 63.7 62.3 61.6 62.5 61.6 66.6 66.8 65.6 67.9 66.1 67.0 69.8 69.4 70.3 71.3 72.4 73.3 77.4 80.8 80.3 83.1 81.0 84.0 84.5 83.3 80.6 77.8 80.5 83.5 84.5 87.2 84.0 84.0 84.1 84.5 85.2 83.2 83.9 80.8 78.0 65.5 68.5 75.4 77.4 77.2 77.6 76.8 76.7 78.1 77.2 76.2 76.4 78.5 78.3 76.3 79.1 81.6 79.7 77.1 81.5 80.4 78.7 79.1 79.0 79.6 77.8 75.7 75.1 71.3 76.9 80.5 78.9
71.4 70.5 69.4 68.9 70.8 68.8 70.1 67.7 66.9 66.3 64.6 64.5 65.2 63.2 64.1 64.1 62.8 66.3 64.2 65.9 65.9 66.4 68.6 70.4 70.6 69.4 71.8 72.4 72.3 75.8 79.8 81.6 82.2 82.3 84.5 84.2 83.8 83.5 83.1 81.2 83.5 84.8 91.8 84.5 88.0 82.9 84.2 84.6 83.2 83.0 81.8 77.4 67.2 70.8 78.0 77.1 77.4 77.9 78.3 76.8 78.5 75.7 79.1 78.2 76.3 79.3 77.6 79.0 77.5 80.9 80.8 77.9 81.1 79.3 81.4 77.6 80.1 77.8 76.2 74.8 75.2 76.1 78.9 79.1
72.6 69.9 70.2 70.4 71.8 71.9 70.1 69.8 67.8 66.2 65.4 63.0 65.4 64.4 65.0 63.5 63.9 65.3 64.8 66.5 65.0 66.2 68.6 69.9 70.6 69.6 70.4 72.7 74.6 75.0 78.9 81.4 83.1 82.8 85.7 84.0 81.2 85.8 84.9 81.7 83.3 84.6 88.9 84.8 88.0 84.5 83.5 84.1 82.5 82.7 81.1 74.3 69.5 74.8 77.1 75.9 79.1 78.1 77.9 77.1 77.2 75.9 77.7 78.5 77.3 79.5 77.2 79.5 77.1 78.9 83.0 81.6 79.8 78.3 84.2 80.0 78.4 78.9 76.8 79.3 77.8 76.2 79.5 79.6
72.5 71.0 71.8 71.8 71.1 71.3 71.9 70.3 68.8 67.9 70.1 64.6 66.9 65.3 65.6 65.5 65.1 67.2 64.9 67.5 65.1 66.1 69.2 69.1 71.1 71.4 71.7 74.4 75.4 76.3 76.2 81.0 81.2 83.2 84.5 84.1 83.0 86.3 86.1 80.2 84.7 83.2 87.7 84.1 86.7 85.2 82.0 84.0 82.6 81.9 80.1 71.7 70.6 76.0 79.2 78.3 76.8 76.4 77.9 78.3 76.7 77.1 76.1 78.5 76.3 79.2 80.1 80.0 77.5 80.6 81.9 80.8 80.4 81.4 82.7 81.8 79.0 80.4 78.3 78.7 80.8 77.4 78.1 80.1
73.6 72.3 71.0 73.7 74.3 70.7 71.7 72.8 68.5 68.4 69.3 65.5 66.5 65.3 66.0 67.0 66.1 67.5 65.1 68.2 66.4 64.4 69.2 68.7 69.2 71.5 73.3 73.0 74.8 76.7 76.4 79.4 81.2 83.4 85.9 85.0 85.1 86.8 84.2 81.3 83.9 84.5 87.6 86.1 86.6 86.0 84.0 84.1 80.7 82.8 79.5 72.9 70.0 79.1 79.5 76.8 77.1 77.3 79.4 75.7 75.7 75.6 77.1 78.4 75.7 78.8 79.4 78.1 78.1 80.2 81.4 82.4 79.2 80.2 82.7 81.2 80.3 81.5 79.2 80.1 77.0 79.9 80.8 81.1
75.4 72.3 73.7 75.0 71.4 70.7 72.2 73.1 69.7 69.6 69.7 66.7 66.1 66.8 66.3 67.7 66.1 68.1 68.1 72.1 68.0 67.4 68.7 68.4 68.9 72.3 71.2 72.8 72.1 78.5 75.1 77.4 81.7 83.5 83.3 85.2 84.2 85.8 84.9 83.1 83.1 84.3 86.0 86.2 86.6 85.7 86.4 84.2 82.5 82.3 79.1 75.2 70.8 78.5 80.4 77.5 76.6 78.1 79.1 75.0 76.4 75.6 76.5 78.6 76.3 77.1 77.9 77.7 79.0 79.8 80.2 82.5 81.3 80.0 82.8 82.8 80.5 81.8 80.8 81.0 80.2 80.4 80.7 80.8
72.3 72.1 73.5 75.2 73.2 72.5 72.7 72.8 70.4 70.2 71.9 67.1 67.8 69.8 69.6 68.5 68.2 69.2 69.3 70.5 68.4 68.9 70.4 69.3 70.5 70.3 69.9 73.7 76.1 77.8 72.8 77.1 81.2 82.3 81.8 85.6 85.1 86.6 85.7 82.5 83.2 83.9 85.2 85.1 84.7 83.9 86.4 83.3 82.5 80.8 78.7 77.2 76.5 78.0 76.9 77.7 75.8 78.1 76.9 74.6 78.9 77.0 78.1 78.0 77.2 75.2 76.3 77.8 80.2 79.6 80.5 83.0 82.3 81.4 81.2 84.1 83.0 81.5 80.0 79.6 78.4 81.7 80.9 80.2
74.0 73.7 73.2 74.8 73.7 72.5 73.9 72.2 68.4 69.9 69.6 70.3 72.6 70.9 71.0 71.6 73.0 71.5 69.9 72.7 69.5 70.1 70.7 68.9 70.3 70.9 72.6 75.1 73.7 77.7 76.0 77.1 80.9 82.7 85.4 84.6 87.1 85.9 82.2 83.5 83.1 84.3 84.9 83.7 85.5 86.6 86.9 82.8 81.3 80.4 76.8 79.3 79.5 78.6 79.1 77.0 77.4 77.1 78.6 74.1 75.8 76.8 76.0 77.8 73.9 76.8 74.8 77.6 80.3 77.9 78.9 80.6 81.2 80.9 80.4 83.1 83.4 78.6 80.8 79.4 81.3 81.4 81.2 79.2
73.9 73.6 74.5 75.2 74.7 73.0 70.7 70.1 70.0 69.4 71.7 70.4 73.9 72.3 74.4 73.2 74.8 73.7 72.9 74.3 72.0 71.9 72.6 71.4 70.4 71.2 72.0 73.8 73.6 76.9 76.7 79.6 82.1 81.4 86.1 86.7 85.8 83.5 85.1 85.8 82.3 82.8 83.0 81.7 86.4 87.3 86.1 82.4 81.0 79.4 80.3 82.1 82.9 80.6 80.8 80.7 76.4 78.0 76.0 74.1 75.7 77.0 76.3 76.1 74.1 75.9 76.4 75.9 77.7 78.4 75.4 82.0 83.1 82.2 81.7 82.4 82.6 80.7 81.4 82.1 79.6 80.6 82.3 80.3
75.2 73.5 74.3 75.0 74.5 73.4 71.4 70.2 68.0 72.9 73.1 74.2 76.1 74.8 75.0 75.0 75.3 74.6 74.2 74.7 74.0 73.5 73.8 73.6 71.0 71.9 71.4 73.3 74.6 77.7 78.5 80.9 82.2 82.5 85.1 86.3 87.9 84.1 84.4 85.0 82.5 81.4 84.8 82.3 85.4 83.9 84.0 82.1 81.4 79.9 81.1 82.2 83.9 79.1 81.1 80.6 79.4 79.3 75.8 74.7 75.5 75.9 74.3 76.8 72.5 72.9 74.9 75.4 75.3 80.7 79.7 80.7 81.0 81.8 83.2 82.7 82.5 82.5 82.5 82.6 78.8 79.7 78.6 80.0
70.9 73.3 74.3 75.6 75.6 70.9 71.4 69.5 70.2 73.9 75.2 77.5 77.9 75.7 76.1 76.0 75.9 75.8 73.0 74.3 73.4 76.9 73.7 74.0 71.5 73.0 71.6 75.2 72.8 77.0 80.3 79.9 81.8 82.6 84.5 86.7 86.4 84.8 84.6 84.7 82.6 80.3 83.0 82.6 86.6 84.2 81.8 81.6 80.5 78.3 78.4 81.9 83.1 79.5 81.0 82.8 81.8 80.8 77.1 77.8 77.1 75.5 74.4 76.4 73.7 73.1 76.6 75.5 74.1 75.6 78.2 80.3 79.7 82.5 82.8 83.0 84.0 83.5 82.7 81.9 83.9 80.1 80.0 78.3
72.9 74.1 76.2 76.4 74.8 70.5 69.7 68.7 72.3 74.9 80.5 77.3 77.7 77.2 77.2 77.8 74.8 76.3 73.8 73.4 72.1 75.1 74.7 74.2 74.3 74.2 73.8 75.6 75.5 75.3 80.3 78.7 80.5 81.2 85.9 85.8 90.1 85.8 82.2 84.0 82.7 81.1 83.5 83.5 85.6 84.1 82.1 82.0 79.0 80.6 80.3 81.6 82.7 79.1 81.7 84.0 83.3 84.2 82.1 81.4 79.7 76.4 74.0 76.5 75.2 74.6 76.1 77.0 71.1 73.3 73.8 79.7 78.9 81.6 80.3 82.2 84.1 83.7 83.9 80.1 81.2 80.8 81.5 77.0
81.0 74.3 75.8 76.5 72.5 71.1 70.1 70.4 74.0 77.8 78.1 78.5 79.9 79.0 79.9 80.7 75.2 76.2 73.2 74.8 73.7 75.8 75.5 74.6 75.4 75.4 72.5 75.1 75.6 76.7 77.0 78.5 79.1 81.1 85.4 85.2 86.6 88.0 82.8 84.1 84.2 81.5 82.5 83.6 85.7 84.3 80.5 81.9 80.0 81.0 81.2 81.3 82.8 82.0 81.9 83.2 84.6 84.5 85.6 85.0 83.4 79.5 78.3 77.9 78.0 77.0 76.4 75.8 72.5 70.8 72.6 79.3 76.3 80.4 84.3 80.8 83.3 83.3 84.2 82.7 82.4 82.2 80.9 77.9
81.0 77.3 76.6 77.8 69.7 70.8 71.1 72.1 76.9 79.8 77.8 80.3 82.4 79.5 78.6 75.9 74.4 75.0 74.6 74.8 72.3 74.4 75.6 74.9 76.1 75.5 74.6 75.1 74.5 77.4 76.5 79.2 81.6 81.0 84.2 85.1 88.1 88.5 83.1 82.3 81.5 81.3 83.2 82.9 83.9 84.1 81.6 81.7 79.6 81.3 80.2 82.3 81.8 81.7 83.5 83.2 82.6 84.0 84.8 86.6 86.7 83.9 80.0 80.3 78.2 80.8 77.6 78.6 73.5 72.2 70.3 76.8 75.4 80.8 80.0 81.3 81.7 84.0 83.4 82.7 83.2 81.5 84.0 79.8
80.6 78.1 75.6 76.1 69.7 72.1 74.1 74.6 77.5 79.9 77.9 79.7 82.3 79.7 79.7 74.1 73.9 74.0 74.6 73.7 74.8 75.0 74.0 74.5 76.4 75.7 76.8 76.5 75.1 77.9 78.6 79.0 79.7 79.9 81.7 83.6 87.6 86.7 82.9 82.4 82.5 83.0 82.6 79.9 84.3 83.2 81.1 82.0 81.2 81.6 81.9 83.3 81.1 80.3 82.5 84.2 81.8 84.5 86.6 88.1 88.3 85.7 84.8 83.4 81.1 82.6 76.6 74.8 73.3 72.4 67.8 76.1 78.9 80.1 83.1 81.4 84.5 81.8 83.0 81.9 84.6 81.3 84.7 79.9
78.4 78.2 76.5 75.1 68.0 72.4 75.0 78.8 79.0 79.5 79.0 79.6 82.9 80.1 78.5 73.4 73.5 73.5 74.3 74.2 71.7 74.8 73.9 73.8 76.6 75.3 74.6 75.3 73.7 78.0 76.9 76.5 78.9 80.5 81.1 81.4 85.5 87.9 83.6 83.0 83.8 82.7 82.3 81.0 82.0 82.0 81.0 84.1 80.4 83.7 77.5 85.8 82.2 81.2 82.1 82.9 81.4 84.7 85.2 86.5 87.4 85.3 84.3 84.8 83.5 84.1 79.9 75.1 72.9 70.9 67.5 73.7 78.4 77.4 83.3 83.2 81.4 84.0 82.5 82.7 82.7 81.8 78.4 79.4
