morphological_analysis/input_data/survey/q10_2/matrix_q10_2s4.txt
north:            -537.50
south:           -1247.50
east:             2697.00
west:              -93.00
rows:                 144
cols:                 279
null:              -999.0
[rows 38 to 75 of 144, columns 0 to 83 of 279]
70.2 72.5 70.2 67.1 67.6 68.8 70.4 74.8 74.1 73.4 74.4 76.2 77.6 78.9 80.8 78.7 78.8 78.1 79.4 80.9 76.5 77.5 71.9 69.5 80.4 80.8 68.8 72.9 74.6 81.3 80.3 80.3 81.0 83.3 83.0 81.9 81.7 82.3 79.1 79.9 82.1 82.1 80.7 79.4 77.9 77.9 79.3 78.8 82.1 81.1 82.7 81.8 81.2 81.2 81.8 82.1 80.0 81.1 79.7 73.2 71.9 74.8 69.7 72.7 71.5 72.6 73.1 70.9 80.4 83.8 84.7 80.3 83.5 84.9 84.4 82.1 82.2 82.3 81.3 80.3 80.5 76.4 76.2 77.2
74.9 72.6 69.0 67.5 68.1 67.9 70.4 72.2 73.3 74.9 74.4 74.7 79.2 79.3 78.6 78.1 77.7 79.0 79.5 79.8 78.3 77.1 73.2 73.2 82.0 80.9 69.6 73.3 78.1 81.4 81.7 79.8 81.8 82.1 82.0 83.1 83.2 82.0 79.7 82.4 82.6 81.1 79.2 79.4 76.3 78.9 78.1 81.2 83.3 82.9 82.4 82.0 81.3 81.4 81.6 83.5 81.5 79.7 77.8 77.7 74.7 71.2 71.2 72.1 70.5 69.4 70.3 70.4 78.1 84.8 84.5 79.3 82.2 84.7 80.0 82.6 82.9 80.9 81.2 79.7 79.8 76.8 76.4 77.4
71.7 73.1 70.3 68.8 69.9 70.6 73.3 71.9 74.3 72.6 77.0 74.1 77.0 77.6 79.0 79.0 81.1 80.0 77.9 78.1 80.5 77.5 73.8 76.7 80.0 79.0 66.0 74.3 79.5 81.8 83.2 81.1 82.4 81.9 82.5 83.8 82.6 82.4 80.5 83.0 83.6 80.5 79.3 79.5 78.5 78.6 79.5 82.2 82.9 81.9 87.5 82.9 80.5 82.3 84.6 84.6 82.1 79.0 77.8 77.3 72.9 70.2 77.5 71.7 71.4 68.7 68.8 70.5 75.6 82.2 84.4 80.4 80.1 82.1 83.9 82.2 81.2 79.9 79.9 79.9 78.0 81.2 76.8 78.8
74.7 73.3 70.3 70.9 73.7 70.8 77.2 72.6 74.1 73.4 77.0 74.9 75.5 77.8 77.5 79.4 78.9 79.9 78.9 77.8 79.4 76.8 74.9 80.0 82.0 72.8 70.9 75.2 79.5 82.1 82.1 80.8 81.4 84.2 82.1 81.6 82.4 85.8 80.9 81.7 84.9 77.5 79.6 81.2 78.5 80.1 77.6 81.0 83.9 82.1 82.7 81.6 79.6 83.1 81.5 83.5 80.3 81.6 82.3 77.2 73.2 69.7 68.5 71.1 73.1 70.0 69.1 70.3 71.6 79.1 81.3 81.4 79.7 82.4 84.7 81.9 80.2 79.8 80.3 80.4 83.4 79.6 79.4 79.4
71.2 73.4 72.4 72.9 74.0 73.5 74.3 73.4 74.9 73.0 72.1 74.5 75.7 77.8 78.3 79.6 78.9 79.8 80.5 78.7 78.4 74.7 80.0 80.7 79.5 72.0 71.8 73.8 81.6 81.9 80.6 81.3 81.6 82.8 86.4 81.5 85.3 82.6 81.2 83.5 83.7 78.9 79.8 81.4 79.7 79.7 80.5 84.6 84.6 83.0 80.4 80.6 81.1 83.5 83.0 82.8 79.1 80.7 79.4 78.3 72.3 69.0 67.9 69.8 70.0 70.4 70.7 69.1 71.9 74.4 80.4 81.5 83.2 81.9 80.9 82.8 83.2 81.2 80.3 79.8 81.0 80.1 78.2 80.0
72.0 75.1 79.6 75.5 77.5 74.6 75.1 73.2 75.1 75.7 74.2 75.4 76.9 81.3 78.0 79.6 79.9 79.6 78.7 77.6 75.7 76.7 84.0 80.6 81.2 71.6 74.7 78.6 81.9 81.2 82.5 80.6 81.5 84.3 83.9 81.5 82.6 82.5 81.9 83.0 83.6 77.8 82.6 80.7 80.7 80.6 80.4 82.3 84.7 82.6 83.8 82.0 79.2 83.8 82.0 82.4 79.5 80.0 79.5 79.6 74.5 71.1 66.4 68.5 68.7 69.5 69.8 69.5 71.8 74.4 81.8 82.5 80.4 80.8 83.3 84.8 80.6 80.6 79.5 81.0 77.8 79.0 79.7 80.8
72.7 75.9 76.4 77.2 76.9 76.2 75.4 73.2 76.0 76.2 74.5 76.4 76.2 79.6 79.0 76.4 81.6 79.8 79.9 79.8 73.7 78.4 82.6 80.7 82.5 70.3 74.3 75.6 79.8 81.7 81.5 79.9 82.4 82.8 83.6 82.6 81.8 83.9 80.7 82.8 80.4 77.2 80.5 81.6 81.0 81.3 79.3 82.2 84.5 82.1 81.5 80.7 78.3 83.4 79.7 82.3 81.7 79.9 78.6 79.6 78.2 75.6 65.7 66.8 67.7 68.1 69.3 69.3 72.2 74.2 76.6 81.8 81.2 79.6 83.5 83.2 81.1 80.8 79.7 80.6 81.8 78.0 80.9 81.4
76.2 76.5 77.2 78.7 75.9 77.2 76.6 74.9 75.9 76.4 74.2 75.4 77.3 78.1 80.0 74.5 79.2 79.2 80.6 78.1 76.9 79.8 82.7 81.8 79.9 70.4 76.0 78.8 81.3 81.1 84.7 83.3 81.6 82.7 83.4 82.5 83.1 82.9 80.6 82.0 84.5 76.5 80.6 81.9 78.8 80.6 79.2 82.1 82.2 82.3 82.0 82.4 80.4 82.8 83.3 84.4 80.8 78.9 78.3 80.7 78.2 78.3 66.8 65.3 65.7 67.6 70.1 69.6 68.3 74.1 75.3 78.8 80.5 79.2 81.2 81.1 81.3 80.9 79.4 80.4 81.7 80.4 79.5 81.6
74.4 78.8 78.4 78.3 74.0 76.3 77.9 75.2 77.4 75.5 75.5 75.8 78.6 79.1 83.0 79.2 80.7 78.7 78.8 76.2 77.2 81.1 82.6 81.5 78.9 72.5 75.8 80.6 80.5 83.7 80.1 82.9 83.1 84.1 83.6 82.4 80.3 82.1 82.1 83.9 82.2 77.1 82.9 81.6 80.4 79.9 82.9 83.6 84.0 82.3 82.1 82.6 81.9 81.0 83.7 83.1 83.1 79.1 79.2 80.6 78.6 79.9 68.6 65.9 66.1 67.1 70.7 71.1 68.5 73.4 72.3 77.1 78.5 79.7 82.0 80.7 81.8 80.9 82.5 80.2 82.4 80.3 82.0 82.1
76.0 78.9 81.0 76.1 77.0 80.2 78.3 75.7 77.1 75.9 76.5 76.8 76.3 78.5 80.3 79.3 80.7 79.8 80.0 77.4 79.8 82.4 80.9 80.4 73.5 73.5 75.6 80.8 81.4 80.9 81.8 83.2 82.1 84.3 82.8 82.3 84.7 80.6 82.8 84.6 81.7 79.5 81.5 80.7 78.4 80.2 80.5 83.5 83.6 82.3 81.4 81.1 81.0 82.7 83.2 82.5 80.3 81.7 79.8 80.5 83.0 79.8 70.6 66.6 69.7 66.6 66.5 69.2 68.6 73.1 71.3 75.8 82.7 79.9 81.9 82.0 80.1 80.6 85.3 81.0 82.6 79.7 81.8 81.4
76.5 79.8 80.3 75.9 77.7 80.0 79.0 76.5 77.3 76.7 78.2 78.1 78.9 78.5 78.4 81.0 77.0 80.4 78.8 77.1 83.3 82.7 82.6 79.2 71.6 73.3 81.9 79.9 81.4 80.6 83.2 82.9 79.8 83.6 83.8 82.0 80.0 81.6 81.4 85.9 80.7 81.1 80.1 81.5 78.4 80.7 81.5 82.3 82.6 81.1 82.3 80.8 83.6 83.3 83.4 85.2 81.9 84.3 80.6 79.3 79.0 80.9 74.9 69.9 70.1 67.1 66.1 68.8 68.8 70.9 72.5 73.4 77.4 79.2 78.9 79.9 81.2 79.7 81.1 81.5 83.9 81.5 81.7 82.1
81.4 79.7 80.6 76.5 77.4 77.6 78.8 76.7 78.0 79.2 76.9 78.8 81.7 78.8 80.2 81.2 83.7 81.0 79.2 77.6 81.4 82.8 82.1 79.0 70.5 74.4 75.9 80.4 80.2 80.5 82.1 82.3 84.1 83.7 85.5 83.3 80.8 80.5 82.2 84.4 80.1 82.4 78.0 83.8 78.5 81.1 81.5 82.1 83.1 81.4 78.4 82.4 81.1 82.9 83.1 88.5 82.7 80.5 79.3 76.8 78.0 79.3 73.6 71.2 67.0 68.4 66.0 69.4 71.9 69.7 72.1 71.0 75.5 79.1 79.8 80.9 77.9 80.2 83.9 81.5 79.7 82.2 82.1 82.8
78.6 82.1 81.4 76.2 76.3 77.1 79.5 78.4 79.2 77.6 78.1 78.0 78.9 79.6 81.5 81.2 81.0 80.3 81.6 80.9 83.0 84.3 86.6 78.2 71.6 75.4 73.6 81.3 80.6 81.1 83.6 82.7 82.7 84.5 85.6 83.4 81.4 82.8 82.0 83.6 77.8 82.8 81.9 81.3 77.9 79.9 82.3 81.8 84.0 81.4 81.2 81.8 82.8 82.5 83.0 83.5 78.1 81.4 79.8 79.2 77.8 79.8 76.5 72.3 69.9 69.7 68.3 68.3 64.2 69.7 75.6 73.2 72.6 77.0 78.3 80.6 80.0 80.8 83.6 80.8 82.2 82.4 80.3 81.1
79.8 82.9 80.2 76.6 78.3 77.4 78.4 77.2 79.2 78.0 78.7 77.9 78.2 78.3 79.3 81.1 80.7 79.7 78.9 85.0 76.5 84.3 81.5 78.1 71.1 74.8 74.9 81.2 79.5 79.3 83.5 83.0 84.3 85.0 85.2 83.3 82.5 80.7 82.1 82.1 80.5 81.6 82.4 79.7 79.2 81.4 81.7 82.9 85.2 82.5 80.4 81.3 78.5 81.9 82.3 81.6 78.4 82.0 80.7 79.8 81.4 80.1 75.9 76.0 67.5 71.1 67.8 66.5 68.9 69.6 70.4 72.6 77.0 75.2 79.3 81.8 78.9 83.9 83.2 82.3 81.9 81.0 82.6 80.1
81.2 81.7 78.3 76.4 76.0 77.0 80.7 77.9 78.3 79.2 79.6 78.4 81.2 78.8 81.9 82.0 81.4 80.5 80.5 82.4 80.5 82.8 80.6 79.2 73.2 75.8 74.9 82.9 81.0 80.4 84.1 83.2 83.8 83.3 84.4 83.6 80.3 79.9 82.7 81.0 81.4 83.7 83.5 80.3 80.4 80.9 80.9 82.6 83.9 82.5 81.1 80.8 83.0 82.3 81.5 81.7 80.5 80.7 80.3 78.7 80.1 79.8 77.3 76.4 72.0 71.3 69.4 66.6 68.7 67.9 70.2 69.9 71.8 74.1 77.7 79.0 79.0 83.2 83.1 81.0 85.6 81.4 83.0 82.0
79.1 80.9 78.8 76.1 80.4 76.7 77.6 78.7 79.5 78.6 80.7 79.0 79.9 80.4 82.1 82.5 83.8 81.5 83.2 82.3 82.8 83.3 82.4 76.9 73.7 76.2 75.3 82.1 82.4 80.5 82.7 83.4 85.1 85.5 84.2 83.9 81.8 80.0 85.6 79.2 84.2 83.9 82.1 80.4 80.8 80.6 81.3 82.8 83.9 81.0 80.2 80.8 82.2 82.2 77.3 80.9 79.4 80.2 80.6 79.4 79.2 82.6 77.5 76.8 76.4 71.3 68.3 66.7 68.5 67.1 70.0 69.9 75.4 73.5 75.9 78.0 79.8 81.0 81.6 84.1 82.6 82.4 80.4 83.6
82.5 82.0 77.3 74.9 77.7 77.3 78.7 79.3 78.9 78.3 80.1 78.7 80.3 80.0 81.9 81.5 81.8 83.5 81.8 82.5 81.6 83.3 81.5 74.4 75.6 75.8 75.4 81.7 81.5 79.4 81.9 82.1 81.9 84.7 84.7 83.6 78.4 79.0 81.8 77.4 83.3 81.8 83.5 80.4 81.6 81.3 82.4 83.1 81.2 81.2 79.6 81.1 81.8 81.3 80.0 80.8 82.6 79.5 79.9 80.6 79.3 81.0 77.3 77.0 76.3 71.6 71.6 68.9 67.2 68.8 70.2 70.9 75.3 73.3 74.4 77.1 81.3 82.3 80.7 81.8 83.7 83.2 78.5 81.2
79.9 81.9 76.4 72.7 76.2 78.0 76.6 78.9 78.8 79.2 79.0 77.6 77.6 80.4 81.8 82.6 82.8 83.7 82.9 83.6 81.7 82.8 81.3 72.7 75.2 75.6 76.4 80.3 82.0 82.7 82.9 83.1 82.8 84.7 83.3 82.9 81.4 80.0 81.9 77.5 82.3 82.2 82.9 81.3 81.5 82.8 83.0 84.2 81.9 80.5 79.3 81.6 80.2 81.2 81.1 81.9 81.8 78.5 79.5 78.8 78.8 79.7 77.1 78.2 80.2 73.3 72.3 70.5 68.3 68.6 69.8 69.3 73.3 72.4 74.5 76.0 76.8 81.8 82.1 81.9 82.9 83.3 81.0 80.9
80.4 80.1 76.8 77.2 76.6 76.6 76.8 78.4 79.3 79.3 79.8 75.3 78.4 81.4 80.3 83.0 81.9 83.1 83.7 82.9 81.8 80.2 81.9 73.3 74.0 76.6 80.2 78.5 82.8 84.0 82.4 83.0 84.9 85.4 82.2 83.2 81.5 80.0 84.7 80.9 84.1 83.5 82.9 80.4 80.6 83.7 83.1 83.2 81.8 79.9 79.1 83.4 80.1 81.5 82.0 82.6 80.8 78.7 81.3 79.5 81.2 79.0 76.3 79.6 77.0 74.4 73.3 71.0 68.3 68.9 67.5 68.9 72.3 72.3 71.5 73.3 76.7 80.9 82.6 82.6 82.2 81.8 79.3 82.5
81.2 78.2 75.1 77.4 78.7 79.4 78.2 78.1 80.2 79.4 81.4 78.7 83.8 82.9 82.0 82.7 85.4 82.1 82.2 80.8 81.8 80.5 78.2 74.1 75.6 77.1 79.9 79.4 82.1 84.0 82.1 83.7 85.3 84.9 83.3 83.1 80.7 80.1 80.4 83.4 83.8 83.2 81.6 80.6 79.8 87.4 82.7 82.7 83.3 81.5 80.8 83.0 81.6 80.8 81.4 83.0 80.8 81.1 79.9 80.2 80.1 78.4 82.0 81.8 77.1 74.4 75.2 70.9 75.3 70.1 72.1 69.6 71.7 74.0 74.5 73.1 77.4 79.1 82.6 83.3 82.8 82.5 79.1 83.0
76.6 79.3 76.5 78.0 77.3 76.9 79.7 78.6 82.0 80.1 80.6 80.0 83.0 81.8 81.3 81.7 82.9 81.8 83.0 80.6 81.2 80.3 74.7 75.9 75.5 75.4 82.3 82.7 83.1 83.4 82.7 83.3 84.3 84.5 82.3 82.5 78.7 84.0 76.4 83.7 82.0 83.3 80.5 81.8 79.6 87.4 85.5 84.1 81.2 80.6 81.1 81.0 81.6 80.0 79.0 81.9 80.3 79.8 79.3 79.5 79.3 79.0 78.7 80.1 77.9 74.5 80.5 72.1 71.5 71.8 68.0 69.7 71.7 70.7 73.1 73.5 74.4 77.5 83.8 83.0 83.9 83.3 80.2 82.8
81.8 78.7 78.0 77.8 79.4 78.1 77.3 78.0 77.9 79.0 79.5 79.9 81.2 81.2 81.2 81.3 83.2 83.5 82.1 80.3 81.7 79.7 77.0 76.4 75.7 75.3 83.1 83.4 78.2 84.7 81.3 82.5 83.6 84.6 82.2 82.0 80.7 83.3 76.8 84.4 84.6 84.1 81.0 82.5 82.6 83.7 84.3 83.0 81.2 80.1 79.4 80.6 84.6 80.3 78.3 81.6 80.1 79.9 78.0 79.5 79.7 78.9 78.5 80.5 79.3 76.6 75.5 72.6 70.6 70.2 70.9 71.2 70.5 69.7 74.5 73.4 75.6 77.7 79.1 81.2 84.6 83.5 80.4 81.6
82.3 79.2 80.3 76.4 79.1 77.4 79.3 80.2 77.5 79.2 79.6 79.6 82.5 80.9 81.9 81.7 81.9 83.8 80.4 81.5 83.4 81.0 75.9 76.9 74.8 76.7 82.1 82.4 86.7 84.3 82.3 82.4 85.2 84.9 81.9 80.9 79.8 83.7 81.7 83.9 81.3 85.0 81.2 82.2 83.2 83.6 81.6 82.1 80.8 79.8 79.0 80.3 80.0 81.2 80.5 81.4 79.8 80.4 80.5 80.2 79.6 78.8 78.7 80.6 82.1 77.0 74.5 74.1 71.8 70.5 70.0 69.7 70.8 69.3 73.1 72.9 74.4 77.0 82.5 80.4 81.2 83.9 81.1 79.8
81.7 79.2 85.9 80.0 77.9 77.2 80.2 79.6 77.3 79.1 79.1 78.6 83.4 80.6 81.9 81.1 82.7 84.1 82.9 81.6 81.9 78.0 77.3 77.4 74.8 76.3 82.7 82.6 83.7 82.7 81.6 84.0 85.3 84.6 83.1 81.8 81.5 84.4 83.1 83.4 83.3 81.9 80.9 81.3 83.1 84.0 86.3 81.4 81.5 79.9 80.2 78.6 81.6 80.0 79.6 80.8 78.9 80.6 79.3 80.0 80.1 79.0 78.5 80.0 79.2 77.3 77.2 73.5 72.0 73.0 69.2 71.3 73.3 70.2 73.3 73.1 73.9 74.7 80.6 79.4 84.1 81.9 81.7 79.9
81.1 80.0 79.8 78.3 76.0 77.9 79.0 78.2 75.1 78.3 78.2 80.5 81.2 80.8 82.2 80.5 83.8 84.2 82.3 80.8 81.3 76.7 76.4 78.3 76.5 77.1 81.2 83.0 84.7 83.3 85.4 83.7 83.5 84.6 86.4 82.2 81.3 85.3 80.7 81.8 83.3 83.1 80.2 82.2 86.9 84.3 84.8 80.8 76.9 79.6 77.0 79.2 81.6 80.0 84.6 80.8 82.4 80.3 79.5 79.2 78.3 80.0 78.3 78.3 79.8 77.7 75.3 75.3 71.8 74.4 70.0 71.0 70.3 72.0 76.1 72.9 74.1 73.3 77.6 78.2 83.8 81.8 82.1 78.9
81.9 80.2 78.4 78.8 79.7 79.6 78.4 77.7 78.3 76.9 78.9 79.1 79.5 81.1 80.6 81.8 81.1 83.4 78.7 79.4 78.6 75.2 74.9 78.3 81.1 76.5 83.2 83.6 80.4 82.9 82.9 82.7 84.7 84.5 83.3 83.3 79.7 83.7 81.5 82.4 81.4 83.4 81.6 82.2 80.4 85.2 81.3 79.7 77.1 77.7 78.3 80.1 81.1 80.7 81.5 81.1 81.2 80.1 81.4 80.3 79.5 79.9 78.6 80.6 81.2 79.1 78.2 76.0 71.3 72.6 70.6 69.9 70.9 72.2 73.4 72.4 73.9 73.3 75.1 77.0 83.3 81.8 81.6 81.9
83.9 79.7 79.0 78.6 78.8 79.9 78.6 77.7 79.2 76.5 79.0 78.9 79.2 80.2 80.9 79.7 80.6 81.5 80.3 80.3 78.0 75.2 76.7 77.1 74.9 76.8 83.8 84.8 81.0 82.4 82.8 82.5 85.1 83.1 83.3 81.7 82.5 83.3 81.9 82.0 82.2 83.5 82.5 82.4 82.3 84.2 82.9 76.9 77.3 77.5 78.4 79.8 80.7 79.5 79.7 83.1 79.4 81.5 83.8 79.6 81.0 79.7 78.9 80.2 78.8 80.6 77.9 77.4 73.6 72.3 72.5 72.0 70.3 72.7 74.7 72.4 75.5 73.2 77.8 76.2 80.3 81.7 82.4 83.7
79.6 79.4 80.5 80.2 80.0 77.8 78.3 78.6 74.4 75.8 76.8 79.0 77.8 79.7 81.2 80.3 82.8 82.1 81.5 80.3 76.2 76.3 77.1 76.7 79.4 77.8 84.4 86.1 82.5 82.6 83.0 83.1 84.4 83.5 83.9 82.4 82.0 84.5 83.4 83.6 81.0 83.9 81.5 83.0 84.5 83.2 81.0 77.6 77.4 79.5 78.6 79.5 81.0 83.2 80.9 82.8 80.7 81.7 82.3 80.2 80.3 80.9 80.4 82.1 79.4 80.1 79.0 77.6 78.6 73.0 73.2 73.0 69.8 70.8 72.4 72.5 74.9 73.7 75.0 76.3 78.0 83.4 80.9 80.2
83.4 78.9 78.9 79.2 80.3 79.7 79.3 77.7 78.3 77.9 77.3 80.2 78.6 78.8 81.9 81.1 79.1 82.7 79.6 79.2 76.0 76.4 78.8 76.9 79.8 79.1 84.1 83.2 82.6 82.6 84.0 82.5 85.7 83.9 83.3 82.8 80.7 85.8 81.0 80.4 81.6 83.8 82.0 83.1 82.2 82.5 81.5 76.0 77.5 78.8 78.6 78.9 80.1 81.2 82.0 81.9 81.7 83.2 81.7 80.0 82.0 79.4 83.3 83.0 79.4 80.4 76.2 77.8 78.2 73.8 73.2 72.1 71.4 71.2 73.5 73.0 70.9 74.2 73.2 74.0 76.0 81.3 82.1 81.8
86.6 79.7 79.8 78.4 79.1 79.9 79.7 76.5 77.6 79.7 79.0 79.6 78.2 79.3 81.8 81.9 82.4 82.6 80.4 80.3 75.4 76.0 75.5 77.2 78.2 80.4 82.0 82.6 81.2 82.6 82.4 82.3 79.0 83.6 82.5 82.8 85.3 84.8 84.3 82.2 82.3 82.3 84.1 83.6 81.9 81.6 79.8 75.1 76.1 78.5 81.0 79.3 80.8 80.8 81.9 81.6 80.4 81.5 81.5 80.3 81.6 79.9 79.4 83.6 81.7 81.4 76.3 77.3 76.1 74.3 69.3 71.9 71.0 72.8 72.2 72.2 73.4 73.3 72.2 72.7 74.4 79.6 81.8 80.8
82.1 79.4 81.2 78.9 81.2 79.0 77.0 78.5 76.6 76.7 77.8 79.6 78.8 79.9 81.9 81.3 83.6 81.7 81.2 79.4 76.0 75.4 76.6 77.7 79.0 82.0 83.9 83.9 82.6 83.3 84.5 84.4 87.1 82.0 82.1 83.7 84.4 84.6 84.4 82.8 83.1 83.2 83.5 84.1 85.0 79.6 77.5 74.0 77.1 77.6 77.8 79.4 81.9 80.7 82.3 81.5 80.9 80.8 84.1 80.5 81.5 82.1 79.5 81.4 81.4 81.2 77.1 76.4 76.4 73.5 72.1 72.3 74.3 73.7 72.5 72.2 72.0 71.5 71.6 73.1 73.9 77.3 80.8 80.2
83.5 80.7 83.1 80.8 81.8 79.6 80.5 80.3 76.7 75.8 76.4 80.1 79.9 79.8 82.1 82.3 82.2 81.1 80.5 78.3 76.8 76.3 77.5 78.5 73.4 82.0 82.8 84.4 83.3 84.6 85.6 84.8 84.9 82.5 81.3 84.0 85.9 84.9 82.2 82.2 82.7 83.8 83.8 84.4 85.0 79.3 79.1 75.3 75.7 76.8 75.3 79.2 79.5 80.9 82.9 84.2 83.3 80.6 82.7 80.5 79.0 81.6 81.5 80.6 79.9 78.9 79.2 77.0 76.5 77.2 74.6 73.2 73.0 75.5 73.1 72.7 72.1 71.6 72.6 73.3 72.1 72.9 78.6 80.6
82.8 81.1 85.2 78.9 79.6 80.8 79.2 79.5 78.2 77.1 77.9 78.9 80.6 80.5 80.8 82.0 82.9 81.6 81.7 77.7 78.4 77.5 78.9 78.5 73.7 82.8 82.5 84.0 82.7 85.8 84.8 84.8 83.8 81.4 82.1 83.7 86.5 85.3 84.5 83.3 84.6 84.2 85.6 84.0 84.3 77.8 76.9 76.3 75.3 77.5 76.6 79.4 80.9 81.5 82.4 83.2 81.9 81.3 78.4 80.1 83.9 80.5 80.5 80.4 81.4 80.4 79.6 78.0 76.7 79.1 74.2 73.3 75.5 73.4 72.8 72.2 72.9 73.7 72.3 73.0 73.3 75.3 74.5 79.9
82.1 81.6 82.3 77.3 80.6 81.2 79.2 80.4 76.4 78.1 76.2 76.8 78.5 80.5 80.5 81.4 81.2 81.6 80.4 79.8 80.6 77.2 78.8 78.1 73.2 83.2 82.5 83.6 82.7 85.5 88.5 83.5 85.6 81.2 82.9 83.0 86.5 85.1 83.5 82.6 85.2 83.7 83.1 83.3 82.3 76.6 75.3 75.7 77.4 76.9 78.1 79.7 80.4 81.9 83.6 82.7 85.4 83.2 81.0 79.8 82.1 80.5 81.2 81.5 79.7 81.1 79.9 78.2 76.5 77.1 74.7 74.2 74.1 75.9 72.6 71.3 72.1 71.5 73.2 76.1 71.4 72.0 72.4 78.3
83.1 82.3 81.9 77.8 82.7 79.8 80.8 82.9 80.3 78.7 76.0 75.3 78.6 81.1 81.6 80.9 81.2 82.8 82.2 80.2 80.0 75.7 77.8 77.6 85.1 83.2 82.1 83.0 82.5 84.9 79.2 83.1 84.7 81.3 80.5 81.5 85.3 85.2 83.4 82.8 81.9 83.8 83.0 84.7 81.3 76.9 76.1 73.5 76.2 77.2 77.9 78.9 80.4 81.4 79.9 84.0 83.4 83.8 82.2 81.2 88.9 81.2 81.3 81.8 79.8 79.6 80.3 78.2 78.3 76.7 75.0 74.7 74.7 73.2 73.6 72.6 70.7 72.5 72.0 74.3 72.2 72.0 74.5 74.4
83.1 82.1 80.7 79.3 81.4 80.1 80.8 82.7 81.5 80.6 78.1 76.5 78.3 83.4 81.0 81.3 82.2 82.2 81.7 80.2 79.6 76.9 78.7 77.9 80.7 83.2 81.0 83.2 85.1 85.3 85.3 83.2 84.7 84.5 82.4 82.6 85.4 85.3 83.5 84.7 82.3 83.7 84.1 82.4 79.8 76.0 75.8 71.6 75.2 78.9 79.5 79.1 78.7 78.3 81.7 83.3 83.1 83.1 79.6 81.0 80.5 80.9 78.9 81.3 79.9 78.7 79.8 78.8 77.5 77.4 75.7 74.4 72.4 73.8 76.6 72.9 71.3 72.2 74.7 73.2 72.1 72.3 71.2 73.8
82.5 81.6 82.7 79.7 81.0 82.1 80.5 82.9 81.3 81.1 80.7 76.2 78.9 81.7 79.3 83.4 83.6 81.3 78.3 79.7 80.8 79.8 78.4 78.5 81.8 83.0 80.8 83.1 84.5 84.8 83.5 83.7 84.5 83.9 81.5 82.8 84.9 86.3 84.1 83.2 86.5 83.7 83.1 81.6 78.1 74.4 76.1 73.1 76.4 78.0 76.5 78.3 79.8 78.4 80.6 82.5 83.1 82.8 83.0 81.2 83.7 80.3 77.6 81.2 80.5 78.6 77.0 79.7 78.1 78.5 75.6 73.6 72.5 73.9 75.5 74.2 70.2 71.4 70.8 71.8 72.8 73.7 71.3 73.5
83.4 80.8 82.1 79.8 83.4 81.0 80.9 82.7 82.5 81.2 79.5 76.4 80.6 78.6 80.6 81.9 81.3 81.5 79.8 80.0 80.1 78.3 75.5 77.6 84.8 83.1 81.1 81.8 83.9 85.4 83.0 83.9 82.6 82.7 78.5 83.4 84.0 84.5 83.2 83.5 84.1 84.6 82.8 80.8 77.5 74.6 75.3 71.6 75.2 77.8 76.6 77.8 80.2 78.3 78.1 81.3 83.4 83.5 81.8 82.8 83.2 79.6 78.4 80.4 80.0 78.7 83.9 80.5 80.0 79.1 77.4 74.8 74.7 74.4 75.6 75.5 74.9 71.4 71.2 71.2 72.9 74.0 73.1 73.8
