morphological_analysis/input_data/surveys/q15_2/matrix_q15_2s6.txt
north:            -537.50
south:           -1267.50
east:             2691.00
west:              -93.00
rows:                 148
cols:                 278
null:              -999.0
[rows 0 to 37 of 148, columns 168 to 251 of 278]
65.9 77.9 68.8 65.4 66.0 66.4 58.2 45.4 57.7 59.2 59.7 69.0 66.8 59.4 64.4 69.3 71.7 60.9 51.8 96.9 99.7 101.1 103.2 104.9 157.2 64.8 66.3 62.2 60.8 63.3 58.1 65.3 51.9 69.2 65.0 65.8 63.6 65.4 61.8 64.7 65.8 70.6 67.8 59.3 59.4 62.9 58.4 61.8 72.2 131.6 129.6 127.1 126.6 124.1 59.4 65.0 72.9 66.3 54.5 63.5 71.0 70.1 65.7 73.0 64.4 76.5 71.3 65.6 63.9 66.5 51.7 43.8 45.3 49.8 52.5 56.0 44.6 46.0 48.8 54.5 51.1 52.6 60.6 66.7
65.1 78.3 68.6 65.2 68.7 66.5 58.8 45.2 56.8 59.5 59.1 68.6 67.8 59.4 64.1 69.4 71.5 60.9 51.5 96.8 100.0 101.2 103.1 105.0 2.4 64.8 64.5 62.2 60.4 63.3 57.2 64.3 51.0 69.2 64.7 65.6 63.6 65.1 60.9 64.8 65.5 70.6 68.0 59.5 58.4 63.6 58.7 61.9 73.4 131.7 129.6 127.0 126.3 124.2 59.1 65.0 72.5 66.3 54.9 63.5 71.3 70.4 65.7 72.8 64.5 76.5 71.3 65.5 63.9 67.0 51.0 44.3 45.6 49.9 52.5 56.0 43.7 45.9 48.9 54.9 50.4 52.8 61.2 66.6
68.6 79.2 68.0 65.2 70.4 66.8 57.5 48.2 63.0 63.3 62.4 67.9 69.6 61.9 64.8 67.8 72.4 61.1 51.7 98.3 100.9 101.1 103.5 105.4 102.7 64.4 66.1 63.3 62.2 65.3 61.4 61.0 55.3 69.9 66.2 68.3 66.7 65.1 69.6 64.7 67.1 70.6 67.3 59.0 60.9 67.9 61.6 63.7 72.9 133.6 129.7 128.4 126.2 125.3 62.1 65.2 73.2 66.4 58.4 64.1 71.6 71.5 65.8 72.9 71.2 80.4 77.2 69.3 66.1 67.8 54.3 45.8 44.0 51.8 53.3 59.6 46.5 45.5 51.2 55.8 52.4 53.3 58.2 65.4
71.8 81.1 68.0 64.5 72.1 65.3 57.3 48.7 61.0 66.1 63.2 71.0 71.9 59.5 64.8 68.1 72.6 64.9 55.2 99.5 101.8 102.9 102.7 106.1 134.1 64.1 65.6 64.1 63.7 69.2 65.5 60.7 58.8 71.1 69.0 67.2 66.4 65.1 68.3 67.5 69.5 70.9 68.4 60.9 62.1 68.5 64.0 64.7 74.7 133.5 130.7 129.1 128.3 127.3 58.7 66.3 72.3 66.4 59.3 65.3 73.9 71.7 66.4 72.1 80.2 85.4 81.0 71.9 64.6 68.4 55.9 47.5 46.3 53.9 57.9 62.1 46.6 44.9 51.9 57.5 54.1 52.7 56.6 61.3
74.1 81.4 68.8 65.8 73.2 64.7 58.3 53.3 63.0 68.9 65.0 74.7 71.6 59.1 65.1 94.4 73.8 86.7 64.5 94.9 103.3 102.4 100.5 106.0 145.8 63.9 65.9 64.8 63.5 70.4 69.6 60.8 60.1 72.2 70.5 69.3 67.7 66.7 69.3 67.2 69.5 71.9 70.2 61.1 65.6 72.5 66.4 66.4 75.8 134.5 133.6 129.9 128.9 127.0 60.0 67.1 72.9 65.3 60.2 66.1 74.6 71.6 66.8 75.2 87.6 89.5 85.4 77.9 69.9 69.9 57.6 48.2 47.3 54.2 61.3 63.0 47.0 43.1 48.7 56.2 56.5 50.7 53.4 63.1
75.6 82.8 68.0 66.7 71.7 69.4 60.3 55.3 67.7 69.7 68.3 77.7 72.1 61.1 65.6 110.4 110.6 108.6 105.2 90.7 103.0 95.5 102.7 105.2 118.1 63.1 64.8 65.8 62.3 72.2 71.6 63.1 62.0 72.5 69.2 70.4 69.0 67.4 68.7 67.2 67.8 70.6 70.8 63.5 64.6 74.0 69.5 68.2 80.2 135.4 133.3 130.0 128.5 125.9 62.2 67.1 69.3 65.6 60.8 69.5 77.2 75.2 69.1 79.1 96.6 96.7 93.8 93.6 75.3 71.0 58.2 50.9 47.1 53.9 61.7 64.1 49.6 46.0 52.5 58.7 58.0 49.8 52.9 61.8
77.7 84.1 67.9 69.4 72.8 71.6 60.6 58.1 71.2 70.5 73.5 79.9 70.9 68.2 103.1 111.6 112.5 113.7 114.6 78.0 89.9 87.7 104.1 93.6 63.3 61.8 66.2 66.6 64.3 76.1 73.1 65.6 63.2 75.7 69.0 73.2 68.0 68.9 64.1 66.9 65.5 70.8 72.0 67.2 70.4 74.9 69.7 70.5 80.7 133.9 134.8 129.2 131.3 125.9 66.4 67.7 66.9 67.0 61.5 68.4 80.0 77.9 79.6 90.8 105.8 110.2 106.2 103.2 82.2 70.4 62.5 55.4 50.2 53.8 63.1 66.5 47.4 45.8 54.1 60.0 61.7 50.0 52.1 64.0
79.5 84.1 70.6 73.2 75.1 74.0 62.1 57.9 73.9 69.2 75.4 83.4 70.7 111.2 114.4 113.1 111.7 114.0 114.3 81.2 64.4 66.3 93.0 68.9 56.1 62.2 67.4 69.4 63.2 78.8 75.0 76.4 75.0 82.5 80.0 81.0 78.5 81.4 71.9 71.7 70.1 75.9 72.5 74.2 80.9 76.0 78.9 79.2 83.9 116.6 126.4 123.5 120.4 116.8 69.1 68.4 65.4 66.9 65.9 67.2 80.9 79.4 84.9 101.3 114.7 116.7 115.8 108.5 89.0 75.4 66.7 69.0 56.7 57.0 62.9 68.1 53.9 46.5 55.3 62.7 64.0 49.9 52.9 62.6
84.0 85.7 78.7 91.3 76.7 79.0 67.0 80.5 75.1 74.0 71.7 89.7 104.9 114.3 116.6 112.0 112.8 112.8 114.6 96.2 62.8 66.0 92.3 62.8 54.9 64.8 71.6 72.4 81.7 80.7 86.2 91.3 88.7 88.7 91.6 92.1 90.1 92.9 84.3 78.6 76.7 83.5 79.6 83.9 88.6 86.5 90.6 88.4 84.3 104.1 93.3 80.1 98.6 92.1 69.4 74.0 72.6 71.4 71.3 75.8 80.0 81.2 92.4 111.8 116.8 120.1 121.4 115.0 98.8 82.7 79.1 77.6 64.8 64.2 62.5 68.6 53.9 51.6 57.3 63.0 62.8 47.2 54.0 63.0
102.6 90.9 104.7 104.8 107.5 98.2 108.5 107.0 106.2 104.2 109.8 110.8 113.8 117.2 116.2 112.8 115.6 113.2 111.5 106.3 103.3 69.7 64.9 68.5 73.7 74.1 94.7 95.0 93.8 98.2 95.4 102.1 101.9 99.4 102.3 103.6 101.8 102.5 98.9 92.5 87.9 91.3 92.0 92.8 93.7 98.0 99.3 98.6 90.8 94.9 85.7 82.9 85.8 82.8 77.2 84.9 80.8 78.8 76.5 87.9 89.1 95.5 102.4 116.9 120.8 121.8 123.0 120.1 109.8 92.7 92.0 83.4 73.4 75.8 70.6 70.2 60.6 66.3 56.6 63.1 64.7 51.1 56.6 67.1
118.1 118.1 116.0 115.4 119.5 115.0 118.4 118.4 115.1 115.8 118.5 117.6 119.6 118.2 113.7 111.5 115.8 113.9 114.0 115.0 114.1 108.8 113.9 106.6 111.0 107.8 111.0 112.9 107.3 111.2 111.9 109.5 110.8 108.0 113.5 111.4 109.7 109.4 111.1 107.2 106.4 103.9 111.3 105.8 113.0 110.5 110.9 109.2 99.6 97.5 94.6 96.8 80.7 95.4 90.8 100.9 94.0 88.8 87.3 99.0 102.7 109.0 111.6 122.4 120.5 124.1 124.5 123.8 117.1 101.7 102.0 89.8 88.5 93.3 85.6 73.0 69.4 81.9 60.1 62.9 65.2 53.0 57.3 67.6
118.2 118.9 118.6 117.4 118.4 119.1 117.5 119.3 114.7 116.7 120.9 119.2 119.6 118.1 116.1 113.0 117.4 113.4 113.0 117.9 114.4 115.4 114.7 114.9 116.8 114.9 114.0 116.3 117.3 118.7 116.6 118.1 115.5 114.7 116.1 116.5 117.4 113.9 118.2 115.8 116.7 115.4 120.0 115.9 118.3 118.5 116.7 117.2 115.4 113.4 113.1 111.2 112.2 110.6 108.5 111.1 110.1 104.0 105.1 113.0 112.0 115.6 117.6 123.7 121.8 123.7 123.4 123.8 120.0 110.3 113.1 100.0 100.8 104.3 100.8 83.1 85.5 99.5 85.1 68.1 64.3 56.9 58.0 67.3
119.3 120.3 115.7 118.5 117.9 120.0 118.6 118.5 112.9 117.0 119.3 120.0 118.7 118.6 117.2 113.2 117.5 112.9 113.3 118.8 116.6 115.1 114.2 115.7 115.8 116.1 115.7 118.5 117.2 119.6 118.9 118.6 117.7 118.1 119.5 119.8 121.7 120.3 120.1 120.3 120.7 121.8 122.0 121.7 119.9 121.2 118.8 120.2 119.3 117.9 117.7 119.1 119.3 118.4 115.2 118.7 119.4 118.0 115.1 120.7 116.4 119.4 123.6 124.9 119.7 124.5 125.9 127.2 125.5 117.6 117.6 120.3 113.9 114.1 115.3 103.0 104.3 113.4 110.9 82.8 71.9 82.0 57.7 70.7
118.5 120.1 118.9 117.4 118.0 119.0 118.3 117.5 120.3 116.9 120.4 120.1 120.6 119.4 117.3 114.0 116.6 113.0 111.1 117.6 117.7 116.6 115.6 115.7 117.0 114.0 117.1 116.6 119.1 120.3 119.1 118.0 118.7 118.7 119.7 121.0 121.7 120.5 122.1 122.2 122.0 122.8 122.8 123.2 120.9 121.6 119.6 122.3 120.9 118.1 118.5 120.6 119.8 119.4 117.3 119.0 118.7 119.7 119.5 121.5 120.0 122.4 126.1 125.6 120.7 125.2 125.6 128.9 125.3 123.1 119.0 120.8 124.8 121.8 121.5 120.4 118.9 119.8 121.0 114.6 114.9 116.9 109.4 99.1
119.2 115.8 118.1 117.4 118.9 117.1 117.3 115.7 119.2 116.2 120.1 114.9 119.4 117.2 116.9 112.1 113.0 110.7 112.1 113.8 117.2 116.3 114.8 115.8 115.4 114.8 118.0 116.3 121.9 117.3 119.5 118.1 119.6 119.1 122.4 119.5 117.9 120.1 121.0 119.8 122.4 122.0 123.0 122.2 120.1 121.9 121.3 123.2 119.7 118.4 114.4 119.3 120.2 119.2 117.2 118.1 118.8 120.0 120.9 121.8 123.1 124.0 128.2 125.0 120.8 124.8 125.8 123.9 126.1 124.8 123.9 124.0 124.3 126.6 123.5 124.7 124.7 122.7 124.5 126.6 126.3 128.0 127.4 126.9
95.0 101.0 95.4 108.3 93.5 105.3 115.9 85.6 116.9 109.7 114.4 107.8 114.3 108.4 115.8 94.9 101.2 102.2 112.5 101.6 110.8 112.8 110.6 111.0 110.5 111.4 114.0 110.6 117.8 116.6 120.5 114.7 116.9 118.0 120.2 118.5 118.2 118.0 118.7 119.5 121.6 121.2 118.8 120.5 121.0 120.9 117.7 119.5 120.0 119.4 119.2 118.1 120.0 119.2 117.7 117.4 118.1 119.5 119.0 120.3 122.8 123.8 123.4 124.8 123.8 124.6 124.3 123.4 128.3 127.2 127.1 124.9 124.1 125.4 125.2 125.4 124.2 125.8 125.6 126.5 128.1 128.0 127.5 128.3
82.0 83.2 84.5 86.4 82.7 87.5 83.5 81.8 81.6 82.6 81.5 85.2 78.6 77.2 83.7 71.3 66.9 65.4 63.8 77.4 84.9 84.8 75.8 81.9 68.7 68.9 113.7 101.5 110.7 84.1 113.5 102.9 113.3 112.0 115.7 113.5 115.8 114.7 117.0 112.7 120.8 116.5 119.2 117.9 115.8 111.8 116.8 65.0 118.4 113.4 117.2 117.2 119.4 118.0 119.0 115.3 122.6 117.6 120.1 118.6 123.3 123.1 123.5 122.7 122.6 123.4 124.3 122.1 127.1 126.5 124.1 123.7 125.8 125.5 125.6 126.2 126.0 127.0 123.9 126.7 127.2 128.4 130.1 128.6
83.4 82.6 83.1 86.2 84.4 86.8 83.2 82.6 83.2 79.9 81.9 79.8 78.0 75.2 71.7 67.3 75.3 64.4 60.2 57.9 57.3 64.6 50.4 50.0 48.8 55.0 48.5 53.1 53.7 60.5 62.8 77.4 70.3 84.4 71.9 101.9 110.2 100.8 112.8 106.0 114.3 109.2 110.3 101.2 111.5 62.8 64.9 52.0 49.9 75.9 50.3 87.6 103.7 71.6 112.8 102.3 117.2 81.8 119.5 115.7 121.1 120.7 121.5 120.5 122.7 122.3 123.6 120.3 125.7 125.0 123.3 121.5 124.6 123.9 124.7 126.0 127.1 127.4 124.0 126.6 126.1 128.0 127.5 130.5
83.9 81.9 85.0 86.2 84.2 86.9 83.3 83.0 83.4 81.7 85.8 81.2 77.2 77.0 75.4 69.0 69.5 64.2 64.0 57.3 56.1 59.2 53.7 50.4 52.0 51.3 50.0 52.0 52.6 57.9 64.8 67.2 67.5 63.1 70.6 70.0 68.2 69.6 63.9 68.3 86.9 64.8 48.6 48.9 47.5 53.0 56.1 48.5 47.7 53.6 47.8 49.4 52.5 43.5 43.6 48.6 56.1 58.1 61.0 100.2 113.5 88.5 117.5 115.1 114.0 117.7 116.7 121.3 119.3 117.8 118.2 115.8 122.7 119.4 125.7 123.3 122.6 126.2 124.1 118.1 127.4 124.8 123.5 127.5
83.2 83.2 85.8 86.3 85.7 88.0 84.8 83.0 81.9 84.1 85.2 82.4 80.5 77.0 71.1 72.3 68.9 61.5 57.1 59.6 59.7 59.2 55.9 56.3 53.5 53.7 51.5 52.0 54.1 57.9 61.8 66.5 69.6 66.6 71.6 67.5 66.7 67.4 64.6 61.6 59.0 57.2 49.3 49.5 51.3 48.1 50.5 52.7 50.3 51.5 47.7 44.7 47.0 41.4 41.4 44.3 50.2 54.0 52.5 61.5 66.2 70.1 83.1 99.7 76.7 98.6 104.7 109.8 105.0 93.6 107.5 108.0 77.3 86.5 104.6 113.9 116.1 115.4 118.7 115.8 123.9 114.8 122.2 119.5
83.2 83.7 83.0 85.7 87.9 87.8 85.6 83.8 89.1 84.9 82.6 85.2 84.4 76.8 70.1 70.3 68.9 61.7 59.2 59.8 59.9 58.8 54.5 57.7 55.8 55.4 55.0 52.5 56.8 58.6 63.9 67.4 68.4 67.6 68.2 66.4 66.9 67.7 63.1 61.0 57.0 53.7 50.9 54.6 51.0 48.7 52.2 51.6 49.4 50.4 46.3 44.0 44.1 42.1 42.0 47.6 47.8 52.8 56.9 61.1 59.5 64.6 65.2 72.4 74.8 78.9 81.0 82.5 82.0 79.7 82.2 82.2 75.4 76.3 76.3 77.5 74.8 74.9 81.4 76.3 84.2 77.4 76.2 79.9
81.2 84.2 87.5 82.9 86.1 87.2 86.0 85.8 86.0 84.8 84.4 83.4 84.4 74.0 70.5 71.2 70.1 62.9 59.6 60.4 57.9 62.3 59.2 57.0 53.7 56.9 57.4 56.4 60.8 61.1 66.5 68.9 70.7 67.0 69.3 67.8 66.9 65.2 62.7 60.0 56.1 52.0 49.9 53.8 52.7 51.6 50.5 51.6 50.4 47.7 39.1 42.8 41.9 42.6 43.0 48.5 49.9 52.4 56.5 59.4 56.9 63.8 66.0 70.5 69.9 75.4 78.2 80.9 83.8 80.7 79.9 81.2 80.6 78.1 75.7 74.9 78.5 70.4 75.1 74.1 80.1 75.5 76.0 76.9
82.8 82.4 86.3 87.1 86.8 89.2 86.1 87.2 85.5 84.3 84.8 85.6 84.9 71.2 69.5 73.2 69.9 61.1 60.2 62.0 59.4 64.1 61.6 61.1 55.6 59.2 62.0 62.3 65.1 63.6 66.7 68.9 71.3 68.0 69.3 70.6 66.5 63.4 61.4 57.9 53.0 49.4 52.6 54.7 53.3 53.5 52.7 52.8 51.8 48.9 43.5 44.0 42.2 43.3 46.5 47.8 50.2 51.7 57.0 58.2 63.4 66.0 67.6 69.3 70.4 75.2 76.8 81.3 81.8 81.5 84.6 82.7 79.9 78.6 76.6 75.3 74.1 69.8 75.1 74.5 77.2 78.7 77.3 75.9
83.2 82.7 84.9 85.4 86.5 89.1 86.5 86.9 84.8 82.5 84.9 83.7 82.9 68.1 67.7 75.3 69.2 62.0 65.2 62.9 64.1 64.0 64.2 61.4 54.2 61.5 64.5 67.4 67.2 65.8 69.3 69.1 69.8 68.0 71.3 70.8 68.4 64.3 59.2 54.0 52.0 48.7 55.6 58.5 55.6 53.4 53.1 53.8 51.6 49.0 45.1 46.1 44.5 45.1 46.9 48.2 53.5 55.3 59.9 59.7 65.3 66.6 65.3 66.7 71.2 71.4 77.1 79.2 82.3 82.6 81.4 82.3 81.2 80.4 77.4 76.1 76.8 74.7 73.7 74.5 74.5 79.7 76.1 76.6
80.3 80.9 82.7 85.8 86.5 88.5 86.4 88.3 83.9 83.2 86.4 84.0 78.9 70.8 72.0 70.6 64.7 65.9 64.5 63.6 65.0 69.1 64.8 62.1 55.6 62.1 69.9 69.4 70.8 66.8 67.5 67.8 67.9 67.3 69.6 68.8 66.7 63.6 60.8 54.7 52.2 51.7 56.5 60.4 58.9 53.8 55.9 54.5 50.4 49.6 45.4 43.9 42.8 47.4 50.7 51.0 54.1 57.4 60.3 61.5 66.2 67.3 65.7 69.2 69.1 71.8 76.3 79.0 82.1 83.4 82.7 81.9 80.9 80.8 80.4 77.1 74.1 75.5 75.5 76.1 75.9 80.2 78.0 76.3
84.1 80.9 83.4 85.0 85.0 88.5 84.8 86.5 83.8 83.6 86.7 83.5 75.0 70.8 72.9 70.3 62.0 68.7 66.5 66.1 69.2 72.0 66.3 61.9 56.7 64.4 67.5 70.9 71.3 69.5 68.3 68.5 70.1 67.0 71.6 68.4 66.8 62.3 58.7 55.2 51.8 55.7 58.7 61.9 59.0 58.4 59.2 53.9 53.5 49.6 45.6 46.6 46.7 51.7 50.0 53.6 52.7 58.3 58.8 61.4 67.7 68.3 67.9 70.3 70.8 73.3 74.2 79.5 79.6 81.6 82.5 81.0 80.1 82.5 83.3 79.8 72.9 76.1 77.1 77.7 75.3 79.7 79.3 75.4
82.2 81.3 81.5 85.1 88.2 89.4 86.0 86.5 84.3 84.4 85.9 82.5 72.6 71.1 70.8 66.7 63.0 67.6 68.0 67.9 73.7 73.7 64.7 61.8 58.7 66.7 69.2 73.0 71.2 70.3 67.6 68.3 69.9 68.5 64.1 63.9 63.4 60.0 58.6 57.8 51.1 57.8 60.2 65.2 59.8 62.9 61.8 56.4 53.0 50.3 49.0 47.7 49.2 50.6 53.6 55.3 54.9 59.5 63.8 65.4 67.9 66.6 68.1 73.0 72.2 72.0 74.9 79.5 80.8 81.4 82.7 80.8 81.4 82.4 82.7 80.4 74.5 75.5 74.8 78.3 76.9 78.4 79.4 76.3
81.5 83.2 82.1 84.5 88.9 88.0 88.6 85.2 85.3 83.8 81.0 81.4 71.8 72.5 73.2 64.2 66.8 67.9 67.0 69.8 76.0 74.9 65.4 62.3 62.1 69.7 71.1 72.3 72.5 71.4 67.7 66.8 68.0 67.0 65.3 62.9 61.1 58.6 60.8 60.3 50.9 59.1 63.0 68.5 63.4 65.7 61.5 61.3 60.4 52.4 49.8 48.1 50.0 53.8 55.9 57.1 56.8 62.2 62.2 66.2 66.2 68.4 70.3 74.0 72.0 72.0 72.1 77.0 82.3 81.4 81.9 81.4 83.5 81.1 81.4 80.8 78.9 73.0 76.1 77.7 78.4 77.5 78.9 80.5
81.7 82.9 82.3 84.4 87.2 85.0 84.2 85.3 84.3 84.0 83.4 77.8 70.1 75.7 72.9 65.1 69.0 70.1 69.5 72.8 75.5 73.8 60.9 67.6 65.0 70.8 72.0 72.0 72.5 72.2 67.9 66.4 65.8 65.1 64.4 62.7 60.4 59.2 58.9 58.6 56.2 62.0 68.2 71.1 64.3 72.5 64.3 66.1 61.4 55.2 51.5 52.4 51.9 55.9 58.4 58.4 57.6 61.7 62.8 66.3 69.2 69.5 70.0 73.8 70.2 72.6 72.3 73.6 76.5 78.9 84.2 83.7 82.4 81.2 82.5 81.3 78.0 76.5 76.0 77.4 76.9 75.1 76.7 76.0
81.8 83.2 80.6 79.1 85.7 88.0 86.4 85.0 82.5 83.8 84.1 74.1 69.7 76.2 69.2 66.1 69.7 70.9 71.4 73.7 75.7 73.3 63.1 71.4 69.4 72.6 74.1 72.5 72.7 72.5 69.4 67.4 68.6 67.5 69.0 62.8 59.8 55.2 59.1 60.6 61.1 65.3 73.2 72.9 69.8 74.7 69.4 70.8 64.5 60.8 57.1 50.8 59.6 57.3 60.1 59.8 56.3 62.6 63.5 67.3 68.9 68.7 71.5 73.0 69.7 69.5 73.5 71.0 79.5 81.7 83.6 83.6 81.9 82.9 83.8 81.2 77.2 77.8 77.7 77.3 76.4 77.2 76.7 77.5
81.8 82.9 76.5 77.0 84.6 86.4 86.1 83.9 84.8 83.7 83.3 71.4 75.7 75.5 71.7 69.1 69.3 71.6 72.5 73.6 74.9 72.8 64.2 71.7 72.8 73.5 71.2 73.7 74.0 74.1 68.1 68.5 66.7 66.2 65.0 64.0 59.6 57.7 64.4 61.6 65.7 69.1 75.7 74.1 74.4 75.4 73.6 73.2 66.2 64.7 61.0 55.9 59.9 58.6 58.3 61.3 60.0 62.4 63.8 66.1 71.4 69.2 71.0 72.8 71.7 71.7 77.4 73.8 76.0 81.1 82.3 83.9 84.2 83.8 83.1 80.9 81.7 80.3 80.1 77.1 76.8 77.8 77.9 78.3
82.4 82.6 83.2 73.5 79.0 84.8 85.4 83.7 84.3 84.5 81.0 70.3 77.9 76.6 75.0 67.7 70.1 72.8 75.7 73.5 76.3 74.1 68.6 70.2 74.8 74.4 70.3 72.9 75.6 67.7 68.0 68.0 66.3 64.3 63.5 62.9 59.2 57.7 61.6 62.0 67.7 74.6 74.9 75.2 74.0 75.2 76.2 74.6 72.6 66.6 63.0 55.8 64.7 58.9 58.6 62.1 59.8 61.5 65.1 65.1 70.3 68.7 70.1 72.9 72.8 73.7 74.4 73.6 79.1 78.2 82.3 83.1 84.0 82.3 85.8 81.6 78.7 80.8 78.7 78.9 78.8 82.7 79.0 79.1
83.3 82.4 82.7 72.7 76.8 83.9 84.7 86.5 85.2 83.9 77.1 72.4 76.0 75.5 75.2 67.9 70.6 73.3 75.9 73.0 76.4 72.7 67.6 69.4 76.8 74.9 70.1 73.9 70.9 67.9 66.5 65.7 65.1 64.1 63.2 61.3 60.8 59.2 57.0 64.2 70.1 76.8 76.5 77.2 77.7 75.2 78.1 75.3 75.3 71.0 68.6 59.5 66.8 62.6 64.5 63.3 63.0 65.2 66.8 66.4 71.5 70.3 70.1 72.2 72.8 74.5 75.7 73.9 76.5 76.9 78.8 83.0 87.0 83.2 82.4 81.2 74.2 81.1 82.0 78.8 82.1 82.8 79.7 79.7
83.9 82.7 85.1 76.3 75.5 82.5 85.7 85.8 83.1 82.8 69.7 76.2 78.1 76.3 77.3 68.8 70.1 76.8 77.9 74.3 77.2 73.1 70.8 70.1 75.9 73.0 69.8 74.1 72.9 66.1 63.3 62.3 64.3 62.2 60.9 60.8 61.4 62.5 63.7 66.5 75.5 74.9 76.5 79.9 79.6 77.1 75.0 76.1 72.5 74.0 72.8 64.8 70.6 63.7 63.7 65.6 62.0 66.2 64.3 67.0 68.3 69.1 69.9 70.7 70.9 76.1 73.3 72.3 75.1 78.0 81.3 85.3 81.5 83.9 83.1 81.1 78.4 78.7 81.6 81.3 76.3 80.3 84.6 80.0
81.1 82.6 84.5 79.4 75.5 78.9 85.4 86.4 84.9 80.5 70.1 78.4 75.8 77.0 78.4 71.1 74.6 75.7 77.6 75.5 75.3 67.3 70.4 71.0 77.8 72.0 72.5 72.2 74.5 65.5 65.9 62.3 66.1 62.8 59.8 60.2 64.7 65.4 69.4 70.3 81.7 77.2 79.3 80.8 79.8 80.5 78.2 75.8 73.7 73.5 72.4 71.6 74.0 66.9 67.1 68.7 64.3 65.6 67.2 67.8 69.1 68.4 67.5 70.1 71.6 73.5 75.1 72.3 74.9 78.1 79.7 84.9 83.1 83.0 82.9 81.9 85.3 81.0 80.4 81.5 81.6 79.1 82.4 83.9
82.6 83.1 81.3 79.1 75.5 77.6 86.2 86.3 84.9 77.2 69.5 79.6 76.5 75.8 76.2 72.7 75.1 74.0 75.4 74.7 74.8 67.2 70.1 77.4 77.1 74.8 73.8 72.7 68.8 65.8 66.1 61.6 62.4 60.5 59.4 63.1 64.5 70.6 70.6 74.7 81.2 80.4 80.3 80.4 80.5 78.8 81.4 76.6 74.1 73.9 77.0 76.0 75.8 70.7 70.0 70.4 65.2 66.4 67.2 67.8 68.2 70.6 68.9 70.8 73.1 72.7 73.0 73.7 75.1 77.1 78.5 84.8 82.0 83.5 83.6 82.0 82.6 82.1 82.9 82.8 81.4 79.8 83.8 85.7
82.5 83.2 81.0 80.8 76.4 77.4 88.5 86.7 82.7 76.0 81.4 80.5 80.2 76.6 75.2 73.8 76.3 71.9 79.5 75.0 71.2 67.7 71.1 75.4 76.4 76.5 75.4 73.6 68.4 68.0 65.4 62.2 62.8 62.2 65.6 64.8 66.7 73.4 76.0 77.5 84.6 83.3 81.7 81.2 80.8 78.1 76.0 77.7 77.6 74.5 78.3 75.7 75.0 75.7 73.0 71.5 69.8 69.9 67.5 67.5 70.0 70.8 70.2 71.7 72.3 73.6 76.0 76.4 75.1 76.2 79.2 79.6 83.2 84.1 84.4 82.2 84.5 83.7 81.4 80.4 81.2 81.3 83.1 84.2
83.8 81.3 81.7 81.3 78.3 77.6 86.8 86.4 82.2 77.4 80.0 81.6 79.9 76.6 76.6 74.0 77.6 77.7 77.9 76.0 74.7 68.7 71.7 69.2 76.9 76.7 78.2 73.5 67.9 70.3 67.8 64.8 65.9 64.5 65.4 67.6 69.5 77.1 73.2 79.9 82.3 84.0 82.4 81.1 79.8 76.4 79.1 78.1 75.9 76.1 74.1 76.2 80.4 77.6 76.7 76.8 62.0 70.6 69.1 69.1 69.6 71.2 67.5 71.3 70.3 70.2 79.9 76.5 76.7 76.3 77.3 75.3 82.8 84.7 82.2 83.7 86.3 86.2 79.5 79.0 82.2 81.2 81.1 83.4
