morphological_analysis/input_data/surveys/q15_2/matrix_q15_2s6.txt
north:            -537.50
south:           -1267.50
east:             2691.00
west:              -93.00
rows:                 148
cols:                 278
null:              -999.0
[rows 76 to 113 of 148, columns 168 to 251 of 278]
82.0 82.2 81.4 83.5 82.5 81.3 81.3 80.6 78.2 80.9 77.3 79.3 80.6 77.1 77.8 74.7 78.1 77.8 80.5 77.6 77.3 84.0 86.7 85.3 84.3 85.2 82.6 83.7 83.8 85.3 86.5 84.3 85.6 85.5 84.8 81.1 82.7 81.8 80.5 82.7 81.0 80.4 83.1 84.9 80.7 80.0 81.4 79.2 80.2 83.3 84.6 84.1 82.0 80.6 83.7 84.4 79.0 81.6 78.3 70.4 68.7 71.1 70.3 71.5 71.8 73.0 76.9 76.4 79.5 75.8 75.4 73.7 75.0 73.8 71.7 72.6 73.6 74.8 74.6 76.0 78.9 77.9 74.6 74.6
81.4 78.8 82.2 83.6 84.1 81.6 82.2 81.2 80.5 80.3 79.2 79.2 80.8 78.6 77.8 76.0 78.3 76.9 78.0 78.5 76.0 81.7 77.6 84.9 84.1 84.7 85.1 82.8 83.6 85.2 84.3 83.8 85.1 79.6 81.6 81.7 83.1 82.8 82.3 82.0 79.9 79.4 82.2 81.9 82.2 80.8 80.6 79.3 82.3 83.3 84.8 83.8 81.9 80.2 82.6 82.6 80.7 82.0 78.0 71.2 69.0 69.7 69.6 70.3 68.9 69.6 75.5 76.1 77.1 76.6 77.1 76.8 73.8 72.6 74.7 76.4 70.4 74.3 76.6 74.3 77.7 77.7 74.8 74.8
80.8 77.8 77.3 82.0 81.1 82.3 80.5 82.7 79.2 79.7 81.2 79.2 77.5 77.3 78.1 77.6 77.5 76.7 76.0 79.2 75.4 79.2 85.0 86.5 85.2 85.2 84.1 82.9 82.1 84.0 83.9 83.3 83.4 74.8 83.1 80.1 80.9 82.9 83.1 82.2 82.3 79.9 83.8 82.9 81.3 80.2 78.9 81.5 82.9 83.5 84.7 84.9 82.4 81.0 83.0 83.3 83.6 84.5 78.7 74.6 67.9 70.7 66.9 69.5 63.8 67.2 72.2 75.0 76.8 76.8 78.2 76.1 74.6 72.7 72.7 76.4 70.7 74.2 75.4 76.2 80.1 77.3 70.5 74.5
80.5 81.2 78.7 81.6 82.3 82.1 81.9 82.0 80.1 80.3 80.4 80.4 77.7 77.3 77.7 77.9 78.6 76.4 78.0 80.4 78.1 82.6 85.6 85.3 82.4 85.9 84.7 82.4 83.1 82.5 83.4 82.9 84.9 79.3 82.9 79.3 81.2 80.8 83.7 84.3 80.2 80.4 80.0 82.9 80.6 80.9 81.8 79.6 81.9 83.6 85.7 85.4 82.7 81.3 85.9 82.8 82.8 82.9 79.9 77.5 71.3 72.7 65.6 67.7 61.7 66.4 68.3 72.7 77.4 76.4 75.9 76.7 75.0 71.6 73.7 75.1 70.6 74.8 74.7 77.7 79.7 77.3 77.2 71.8
82.1 82.2 77.9 81.0 83.1 82.2 79.4 81.6 79.4 80.0 79.1 78.3 77.7 78.8 76.0 77.6 77.1 76.2 76.3 78.1 78.2 85.0 85.3 84.4 84.6 84.4 83.3 80.9 80.9 81.3 82.4 82.1 81.8 79.6 81.5 82.3 81.0 83.3 82.7 82.9 80.2 80.7 84.6 81.9 81.3 81.5 80.5 78.1 82.9 84.1 83.8 86.6 85.8 82.2 85.4 83.4 80.8 82.7 83.9 78.1 75.3 74.1 67.5 66.8 60.9 67.6 69.9 69.7 74.7 76.9 73.4 76.7 72.6 73.7 74.1 73.5 72.7 74.3 74.8 77.6 77.6 77.9 75.8 70.8
79.4 81.4 78.5 78.7 81.2 82.1 81.0 82.6 79.1 80.4 79.3 78.3 76.0 79.6 78.7 77.9 76.7 75.6 80.7 78.3 78.3 85.9 87.0 83.4 82.1 84.1 81.7 80.3 80.1 81.2 83.5 81.2 82.7 79.9 83.1 82.0 83.9 84.5 83.6 83.6 80.5 81.5 85.1 82.4 80.6 81.2 83.0 79.2 83.4 84.8 82.9 85.7 83.4 82.1 85.1 83.1 82.2 83.1 84.0 80.8 74.5 74.5 67.7 66.6 62.2 66.9 69.6 66.0 72.7 76.6 77.0 76.9 74.4 74.5 71.9 73.2 71.7 74.5 77.0 77.1 75.5 77.2 73.2 69.7
80.4 79.8 78.2 78.4 80.2 82.0 81.9 82.7 80.0 79.0 78.7 78.1 78.3 79.0 77.9 78.0 77.6 75.6 78.0 79.1 79.8 84.8 86.6 81.3 83.8 83.3 80.3 80.8 80.5 80.9 82.8 81.5 79.8 82.1 81.7 80.9 80.4 82.8 83.4 83.5 83.5 81.4 85.1 82.4 79.6 80.4 82.5 79.7 82.4 84.7 84.3 85.7 85.3 81.5 82.4 83.2 80.5 84.6 77.4 79.9 77.7 75.5 69.7 67.6 64.2 64.7 68.3 64.0 69.9 74.9 77.3 76.1 73.9 74.5 73.3 73.1 72.0 73.9 74.9 77.1 74.2 77.9 74.0 68.1
80.5 81.6 77.6 78.7 80.9 77.6 80.4 81.3 80.7 77.6 78.1 77.3 75.3 75.5 77.5 79.2 77.5 75.2 76.2 78.9 78.3 82.1 83.8 82.6 83.6 81.6 80.4 81.5 81.2 78.6 80.8 81.1 81.7 81.5 77.9 79.9 84.0 81.7 80.7 83.0 81.1 81.3 83.8 81.2 80.3 80.4 80.4 80.0 82.6 83.6 85.5 85.9 82.7 81.3 82.9 83.1 82.0 85.2 81.5 80.2 77.0 73.7 71.5 70.3 63.5 64.4 67.1 61.3 62.1 70.8 74.4 74.3 76.4 75.3 76.1 73.6 73.6 74.2 74.9 76.5 74.9 77.5 80.8 68.1
79.6 80.7 78.9 77.8 82.2 78.2 81.7 80.2 79.7 77.8 79.2 76.7 76.6 76.1 75.5 79.7 77.2 75.6 76.3 78.7 79.3 80.0 83.7 79.1 78.3 80.2 79.7 81.1 81.1 78.7 83.1 79.4 79.3 79.6 80.3 81.2 77.0 82.3 79.7 82.9 81.6 81.3 82.7 79.4 82.9 81.2 80.7 80.5 85.2 83.4 84.1 87.2 83.9 83.1 86.2 83.2 83.7 85.2 83.1 81.4 72.7 77.8 73.3 73.1 64.3 66.9 66.4 60.2 60.0 65.4 73.6 76.0 76.0 75.3 74.6 69.3 72.9 73.9 74.5 75.8 75.6 76.9 75.8 68.7
81.4 79.6 78.4 76.6 79.3 78.0 76.9 78.5 78.0 78.8 80.5 76.1 75.2 73.5 78.4 80.5 81.1 75.3 77.8 78.7 80.1 80.3 80.2 78.6 78.0 79.3 77.2 82.7 79.4 79.9 79.0 79.6 79.3 78.6 79.9 80.9 78.0 81.4 81.1 83.0 81.8 81.1 82.3 79.8 80.5 80.4 81.8 81.9 79.6 83.2 83.9 84.7 84.1 84.0 85.2 83.4 82.7 83.8 79.5 82.2 78.0 78.2 72.5 74.3 68.7 66.5 64.6 60.4 58.1 57.2 72.7 74.9 76.2 75.2 73.8 74.2 76.3 74.1 72.0 75.0 75.9 76.8 71.7 67.9
79.6 80.8 78.4 77.4 81.9 78.4 77.6 77.4 78.7 79.6 77.5 76.2 75.7 76.2 78.4 78.3 78.3 75.9 75.7 77.8 80.0 79.2 77.6 77.0 76.3 77.9 77.6 78.6 79.3 80.0 78.1 79.4 79.5 77.5 80.5 79.3 76.3 80.6 77.7 82.6 81.2 80.1 80.7 82.0 80.4 79.9 81.6 81.3 84.1 81.5 83.8 83.5 86.0 83.9 84.5 85.6 82.6 82.7 80.0 79.3 77.0 77.9 72.8 74.4 71.8 65.1 64.4 61.1 58.0 57.9 65.1 72.0 73.6 76.1 74.4 72.0 74.1 73.6 72.1 75.4 74.2 74.8 73.7 67.0
80.7 81.1 77.6 77.2 82.5 78.3 78.3 78.4 77.1 79.3 79.4 74.6 76.1 76.6 75.9 75.8 75.9 76.6 76.6 77.0 82.5 77.3 80.0 75.4 73.3 77.1 70.5 76.3 78.1 79.4 78.1 78.2 80.0 79.2 80.1 81.1 78.7 80.5 78.8 80.3 80.9 79.6 79.2 80.6 80.9 81.7 81.5 83.4 82.4 83.4 83.6 84.7 84.8 82.7 83.3 84.0 82.9 82.5 79.3 77.5 76.3 77.8 72.0 73.8 71.4 68.3 67.4 63.3 58.3 58.1 58.5 68.9 71.8 71.4 72.0 70.0 72.4 72.8 72.1 74.8 73.8 73.8 78.0 67.9
81.5 82.1 77.9 77.7 75.6 78.2 76.8 78.7 75.4 77.8 79.2 74.2 75.1 76.0 79.5 75.8 75.1 76.5 76.3 75.4 75.8 76.6 77.6 74.4 75.7 75.7 74.8 74.4 78.1 78.2 78.7 77.8 76.5 79.2 81.2 79.5 79.8 80.6 79.4 79.7 82.2 79.6 80.5 81.2 82.1 80.2 81.6 82.5 84.5 86.9 83.2 84.2 85.0 82.5 83.2 82.6 82.2 83.0 80.1 76.9 76.6 78.0 70.1 73.3 75.1 69.4 68.3 66.7 61.5 59.9 59.2 64.3 69.3 69.5 70.1 66.6 73.1 73.3 73.1 75.0 71.2 73.8 80.2 68.6
80.7 82.7 80.5 76.9 76.7 78.9 77.1 77.7 77.9 77.5 76.2 73.9 77.3 78.0 77.4 76.7 76.4 74.9 76.6 74.3 78.3 75.9 75.6 74.6 73.9 77.6 76.2 72.1 77.7 76.2 79.1 78.3 79.5 79.7 80.5 79.2 82.1 80.9 81.6 81.4 80.6 79.5 78.9 81.2 81.5 79.5 80.9 82.2 78.7 86.3 83.9 83.1 83.0 83.6 82.5 81.4 82.0 83.0 79.5 78.5 79.8 78.4 70.7 74.1 76.6 69.4 68.8 69.2 63.8 63.2 58.1 58.3 64.0 67.5 69.3 64.0 71.2 71.4 76.1 75.5 73.4 74.5 69.4 66.5
81.7 81.1 80.0 77.6 73.8 79.0 77.0 75.4 78.1 77.9 76.9 75.3 74.9 78.3 78.4 77.3 74.6 74.6 77.2 74.0 76.2 76.8 76.0 75.9 73.4 75.7 75.7 74.0 76.3 75.8 78.0 78.2 78.6 77.9 81.0 79.6 81.3 81.2 81.2 81.4 80.3 79.5 79.5 80.8 80.7 78.8 77.9 82.3 83.9 86.1 80.9 82.0 83.3 82.5 81.3 81.8 78.3 81.3 79.1 79.5 78.5 78.6 73.4 75.8 75.9 72.6 71.9 72.5 67.1 62.8 58.1 56.7 62.8 63.0 64.1 62.2 61.1 68.7 75.5 74.3 73.9 73.0 69.6 65.5
82.3 81.0 77.9 80.3 74.3 77.5 73.6 74.1 77.8 77.8 78.2 73.3 76.0 77.0 77.9 76.8 76.1 74.5 73.8 73.5 73.7 75.5 75.0 75.3 73.6 74.8 77.6 76.3 76.9 75.3 77.7 76.9 76.5 75.8 80.2 79.3 79.9 81.9 79.6 80.7 79.1 80.0 79.7 82.6 80.3 79.1 81.4 81.4 82.8 85.0 82.1 83.0 86.4 83.3 82.6 82.2 81.6 79.5 79.5 78.5 77.7 78.6 73.0 78.9 79.1 76.1 74.7 74.8 68.2 60.1 57.0 56.2 57.7 57.2 60.2 61.4 61.3 65.8 71.2 70.3 73.4 70.6 66.4 66.7
81.1 81.8 76.7 79.3 78.7 77.4 75.3 75.0 75.5 78.5 77.5 74.8 74.9 75.6 77.4 75.7 74.6 74.7 74.1 73.3 75.8 74.9 74.6 75.1 73.7 75.4 75.2 77.3 78.4 74.4 76.5 78.7 78.8 76.0 82.2 79.8 81.9 80.8 81.1 80.8 79.9 79.6 78.0 83.1 81.4 79.8 83.4 79.9 81.0 82.5 82.6 82.1 84.0 84.5 83.8 81.2 82.1 80.3 78.0 78.4 78.4 78.6 76.8 79.0 79.4 76.5 75.0 75.7 71.2 60.9 59.3 56.7 57.1 54.3 55.6 60.3 58.4 62.8 68.1 65.8 70.1 67.1 65.9 63.6
80.9 80.5 80.1 78.5 77.5 77.7 76.4 78.2 76.8 77.5 73.1 75.5 76.6 75.5 76.9 73.8 72.5 73.3 72.8 73.1 75.6 75.3 74.8 74.1 74.4 75.2 75.0 77.3 75.2 74.0 76.2 77.0 78.3 77.6 79.2 79.1 81.9 80.6 81.6 80.7 78.7 79.4 78.8 85.0 79.2 80.3 82.2 80.9 83.1 81.2 81.3 82.0 83.2 83.1 80.3 81.8 79.6 80.3 79.4 79.1 76.3 78.5 76.1 78.8 78.5 76.3 77.7 73.8 75.4 65.3 60.7 57.1 54.4 53.1 53.7 57.5 53.3 59.4 63.2 63.5 67.0 61.9 62.7 67.6
82.1 80.3 78.8 78.6 77.3 77.8 76.6 79.6 79.5 76.7 74.4 75.5 75.7 74.7 77.8 70.8 70.1 70.9 73.1 72.5 73.8 74.8 76.7 72.8 74.7 74.6 76.2 75.0 78.5 74.1 75.5 77.1 78.8 77.3 77.2 77.6 80.0 81.3 80.5 80.5 78.1 79.3 81.4 81.3 79.5 80.4 80.5 81.9 83.2 82.1 81.4 81.9 81.9 80.8 79.2 79.6 81.4 79.6 80.2 78.1 77.4 79.2 79.5 77.7 78.3 76.1 77.7 76.8 80.7 70.3 66.1 59.9 54.9 49.9 51.8 54.5 51.8 55.1 54.3 60.4 62.0 62.9 61.5 65.4
82.1 79.2 78.2 78.6 74.5 77.7 77.1 79.4 77.6 76.1 75.4 73.7 74.1 73.2 74.5 67.9 70.9 70.3 71.4 73.7 73.0 72.6 71.5 72.7 73.6 73.9 73.0 73.0 76.5 75.9 75.4 77.7 78.0 75.2 79.6 77.6 78.2 80.9 82.4 80.0 79.7 78.7 80.6 80.5 81.6 80.3 79.9 81.0 77.0 84.3 81.3 79.6 82.2 78.4 82.7 80.4 79.6 79.9 81.9 77.1 78.8 79.4 78.8 75.4 78.2 77.0 77.5 77.3 76.6 73.6 67.7 62.6 57.6 51.2 49.5 52.2 51.8 53.9 55.9 58.8 62.6 61.1 54.0 64.7
81.4 77.9 77.4 77.9 77.6 77.8 76.8 76.6 75.3 75.1 74.3 73.7 73.7 72.8 73.0 68.4 69.1 69.5 72.2 72.6 72.6 71.9 70.9 72.1 71.9 74.3 73.3 73.2 76.6 73.4 75.6 77.7 79.9 76.5 79.2 79.6 79.9 80.1 82.6 79.9 78.7 78.2 79.9 80.6 77.5 79.8 82.1 81.8 79.2 84.3 82.4 82.9 79.6 77.2 80.9 80.6 80.2 80.1 78.5 77.8 78.5 78.9 75.2 78.3 77.8 78.1 80.6 77.1 73.2 75.0 70.9 66.3 60.0 52.6 46.2 49.7 51.7 51.6 49.4 58.2 63.7 60.9 63.6 64.6
77.1 74.9 76.6 75.4 75.6 75.7 75.6 75.4 74.1 72.6 72.6 72.0 74.6 71.8 71.1 68.8 68.5 69.2 69.3 72.3 71.6 71.4 73.8 71.6 73.8 73.9 73.3 73.6 78.1 73.3 75.6 76.4 77.7 77.7 78.0 78.2 80.7 79.5 81.1 77.3 79.4 78.8 80.8 81.0 79.4 79.6 80.6 79.8 82.6 83.9 82.2 81.3 81.0 77.4 82.4 80.3 80.5 79.7 78.6 77.9 77.5 79.0 79.5 78.9 78.7 77.9 77.3 77.1 76.8 75.0 71.2 70.2 63.8 60.2 53.6 52.0 50.7 49.9 48.9 55.8 54.5 56.5 62.3 64.2
71.3 71.7 70.0 73.3 74.2 72.6 75.1 74.5 73.0 70.2 73.3 69.7 71.0 69.5 70.2 67.7 69.9 69.0 70.9 70.7 72.7 72.0 72.4 71.1 72.6 73.1 72.3 74.0 73.7 74.5 76.1 76.4 77.2 77.8 80.0 77.2 81.3 80.2 78.9 77.3 78.9 79.5 80.4 80.7 76.4 80.2 82.3 78.8 82.2 82.8 81.4 82.0 78.0 79.1 81.2 80.4 80.7 79.4 79.3 78.6 78.2 78.8 77.2 78.9 76.9 78.2 77.7 77.7 73.3 74.6 73.4 72.2 69.8 62.7 57.8 54.7 48.7 50.6 49.3 47.2 52.7 54.0 57.7 61.8
68.4 69.1 68.7 70.5 72.1 70.5 71.3 73.0 72.4 69.6 70.6 68.7 71.6 67.8 65.5 66.6 67.2 69.1 70.6 70.4 71.3 73.5 75.0 71.3 71.1 72.5 70.0 74.8 75.0 74.1 75.9 77.4 78.1 77.6 79.8 77.1 81.9 79.4 80.3 77.7 77.1 79.2 79.2 79.9 78.4 79.2 80.8 78.7 84.4 81.6 84.0 80.5 81.2 79.9 81.1 81.1 79.8 79.8 75.7 79.7 81.5 79.5 77.4 80.1 75.9 78.6 77.9 76.8 72.3 75.3 73.3 73.3 70.7 65.2 64.2 59.7 47.0 49.5 49.8 45.7 51.5 52.8 57.0 63.1
64.1 67.8 65.3 68.9 70.0 68.3 73.1 70.0 67.8 68.5 68.1 67.6 72.9 67.3 66.7 66.3 68.5 67.3 69.6 70.0 71.9 73.6 71.8 72.2 71.4 72.7 71.8 76.4 75.6 74.9 75.7 77.2 79.3 77.1 76.5 78.5 78.7 77.6 81.8 77.4 77.7 79.2 78.5 79.1 78.4 81.6 79.5 79.5 79.1 80.2 84.1 81.2 80.6 77.7 81.5 80.5 79.5 82.7 77.9 79.2 80.1 80.8 80.8 79.9 79.9 78.5 78.9 76.3 78.1 76.9 74.6 74.9 72.2 68.6 67.0 64.8 47.5 48.8 42.9 45.9 49.8 50.4 56.8 63.4
60.8 65.5 66.6 68.6 68.4 66.2 70.7 67.7 68.5 67.4 68.7 65.4 67.0 69.6 66.8 67.5 67.9 66.4 68.5 71.4 69.9 72.1 71.2 71.9 72.1 72.6 68.2 76.1 74.3 73.9 76.7 77.1 78.1 76.9 76.2 77.5 79.8 76.5 78.3 79.0 78.2 79.2 83.4 78.5 76.8 79.3 80.0 77.8 80.8 80.4 79.5 81.5 80.1 78.3 79.3 79.5 78.2 79.9 78.4 77.3 77.5 80.3 78.4 79.3 76.7 78.3 78.5 76.7 81.4 78.2 76.2 74.8 74.5 70.2 67.4 65.8 54.8 47.1 47.5 46.8 50.2 47.7 54.8 61.7
60.0 63.0 65.6 67.4 66.5 65.5 66.7 67.0 64.4 65.0 63.9 64.5 66.0 67.4 64.8 68.4 69.1 67.4 69.2 70.8 69.5 71.5 70.4 70.4 70.5 72.4 78.5 76.2 74.0 75.4 76.6 77.5 77.9 77.6 79.6 78.8 81.4 75.0 78.6 79.0 77.2 78.5 80.4 77.8 79.3 78.8 81.3 78.8 80.8 78.9 80.1 80.4 80.0 78.8 80.2 80.2 79.0 79.8 77.0 76.1 80.3 80.9 78.7 79.6 77.4 79.8 77.0 77.0 79.0 77.6 75.0 74.6 72.3 72.4 62.5 64.0 56.9 48.2 47.1 45.0 45.9 49.5 52.6 57.3
62.3 64.8 62.7 65.9 65.0 65.1 64.5 66.1 65.5 62.7 64.8 63.9 65.6 65.2 67.6 67.9 68.0 67.8 69.2 69.6 68.6 71.3 71.1 70.6 70.9 73.0 74.6 75.9 73.7 75.2 75.7 77.0 77.8 77.4 78.5 80.5 78.8 75.9 77.1 78.2 77.4 78.3 78.2 77.3 78.3 78.6 80.0 79.3 79.7 79.4 78.8 81.2 80.6 78.9 83.1 79.9 78.7 77.9 80.5 78.7 79.3 80.8 78.1 80.1 81.0 79.4 78.3 76.6 78.0 76.8 77.7 72.3 72.8 72.4 70.0 68.3 61.7 50.9 48.3 43.7 47.0 50.9 53.8 53.8
63.4 66.1 64.8 64.2 68.0 64.7 64.2 64.4 63.7 64.7 64.8 64.2 64.7 65.3 69.8 66.2 68.0 67.6 69.1 69.4 69.3 71.5 71.4 70.8 70.9 74.3 75.9 75.4 74.7 75.1 73.8 77.0 74.4 77.8 79.5 78.4 76.9 80.6 77.4 76.5 78.4 77.1 78.3 76.1 77.8 79.0 78.9 79.0 80.7 80.6 78.2 80.2 80.9 79.4 79.5 80.5 78.3 80.0 81.5 80.1 78.0 80.8 80.6 80.1 81.4 78.2 78.1 76.6 77.4 76.9 74.8 72.7 73.3 73.5 68.1 69.1 62.5 54.0 50.9 45.5 45.9 49.9 55.2 55.8
64.4 64.5 64.4 63.3 65.0 64.1 66.0 64.2 62.6 60.7 64.6 62.9 64.3 65.5 62.8 65.5 69.3 68.0 68.8 71.4 71.8 71.2 70.1 70.5 71.3 73.8 71.2 72.2 75.8 75.3 75.0 77.1 76.7 76.8 79.1 78.5 79.1 79.8 77.0 76.2 79.2 77.7 76.0 76.6 77.6 77.8 80.7 78.7 81.6 81.0 81.4 80.4 80.4 79.9 81.2 79.8 77.6 80.5 80.2 81.1 79.9 81.4 83.6 82.7 82.4 78.3 74.2 76.5 78.1 77.0 75.0 74.3 75.6 75.7 70.0 71.0 66.0 57.3 50.4 48.4 48.8 50.3 53.5 57.5
64.6 64.3 65.0 64.4 63.1 62.8 62.2 63.4 63.1 63.3 64.7 62.9 62.3 65.5 63.1 66.7 68.1 68.9 67.3 70.8 70.5 73.0 72.4 70.9 72.3 73.0 71.8 72.6 75.4 76.3 76.2 78.0 74.6 76.0 78.8 78.8 77.7 79.2 74.7 77.3 77.9 78.2 76.4 77.0 75.8 78.3 79.6 78.5 75.7 79.1 80.5 80.3 79.5 78.5 81.8 78.3 80.5 80.4 80.9 80.6 80.7 81.0 78.6 81.5 77.8 77.8 78.3 76.6 77.9 76.7 79.7 74.7 75.2 73.1 69.7 70.7 70.4 61.9 50.4 48.9 48.3 50.2 54.7 60.8
62.2 64.4 66.4 65.2 61.8 61.8 65.3 62.7 62.9 63.5 63.8 62.1 64.6 67.0 67.6 66.8 67.1 69.1 69.8 69.6 72.2 73.0 72.1 71.2 72.8 73.3 72.6 71.7 73.5 76.2 74.3 77.2 78.2 76.2 78.5 78.8 79.1 74.9 77.9 80.1 77.8 77.7 77.1 76.3 78.0 78.6 80.6 78.1 77.2 77.1 78.3 78.1 81.1 78.1 80.0 77.8 77.8 79.1 78.4 78.2 79.4 81.3 79.9 80.2 81.4 79.1 79.2 76.4 78.7 76.9 77.2 75.5 75.8 72.4 71.2 71.0 70.2 64.4 52.3 50.4 49.0 50.5 53.9 62.3
61.6 63.6 65.2 64.6 62.9 62.2 57.1 62.1 62.8 63.6 63.6 63.3 68.6 65.1 67.4 68.0 69.2 69.3 69.8 69.8 73.7 71.4 69.8 71.9 72.7 74.3 73.8 71.6 75.9 74.2 76.4 77.7 78.0 76.7 77.9 78.1 76.9 72.3 78.1 77.4 75.3 78.1 76.3 76.7 78.7 77.9 77.4 76.7 75.5 77.4 76.8 77.5 80.0 79.0 79.6 77.9 78.3 78.5 80.3 77.3 78.7 81.3 81.7 78.6 77.9 78.8 79.2 76.3 79.1 77.1 76.7 76.4 75.8 73.1 70.9 71.4 72.1 70.0 53.9 53.4 52.2 52.9 52.7 61.9
60.7 63.1 63.0 63.4 62.7 62.6 56.9 61.4 62.8 63.4 63.7 62.8 64.8 64.7 65.3 67.9 68.7 69.5 69.9 69.7 71.5 71.8 71.6 72.3 72.6 74.2 73.5 72.5 74.4 72.7 76.1 76.1 76.5 77.1 78.9 76.6 77.1 73.1 74.1 76.6 78.4 77.9 77.1 76.2 77.6 77.6 83.0 78.1 76.6 79.0 80.4 78.1 82.8 79.8 79.6 78.9 78.9 79.1 78.8 79.0 79.9 80.0 79.4 78.0 81.2 78.0 78.2 76.4 78.1 77.2 77.4 75.9 77.1 73.6 70.7 70.7 71.5 72.9 58.8 55.4 53.6 55.5 53.3 60.7
60.5 62.7 62.7 62.9 64.0 62.8 62.2 61.5 61.1 62.6 64.0 62.9 65.3 64.9 66.8 68.3 69.6 70.0 70.7 68.9 71.7 73.0 70.9 72.7 73.4 73.9 73.7 71.9 73.2 73.9 75.6 77.3 83.1 76.7 75.6 76.5 76.9 76.8 77.4 76.3 79.3 76.4 78.1 77.1 76.7 76.7 76.7 77.2 78.3 79.4 78.9 76.9 80.7 80.6 81.2 80.0 81.3 79.4 82.8 78.8 78.7 78.5 82.1 78.8 83.5 78.6 78.8 77.2 80.4 76.7 75.2 75.9 78.2 73.4 71.1 71.6 70.3 74.9 62.0 56.7 54.8 56.2 54.6 61.3
64.5 63.2 65.2 64.8 63.6 63.4 62.4 61.6 63.2 61.9 62.8 63.8 65.1 65.7 67.2 68.1 69.4 69.0 71.1 69.9 71.7 73.0 72.3 73.7 74.1 73.2 72.9 72.7 77.3 74.4 72.9 76.2 75.5 76.6 78.1 76.4 75.7 78.0 77.6 76.1 77.3 75.9 75.3 78.1 77.1 76.1 78.2 75.9 78.9 79.0 79.2 78.3 78.3 78.7 77.9 79.4 78.7 77.2 79.3 74.0 78.0 79.0 80.3 79.7 85.6 78.5 79.0 77.3 76.9 75.0 77.3 77.0 74.9 73.2 72.1 73.6 73.0 73.8 65.6 60.5 50.0 56.0 59.3 61.8
67.6 63.0 62.3 65.9 64.0 64.6 63.0 61.3 63.1 62.1 63.1 64.1 64.9 65.7 66.1 66.7 68.7 70.5 69.4 71.1 75.2 72.4 74.3 72.1 73.7 72.3 73.7 72.0 74.7 74.3 75.0 76.6 74.7 77.6 78.8 76.4 75.8 76.9 74.7 76.7 77.0 75.5 75.6 78.6 76.4 76.5 75.8 75.6 79.2 78.6 79.1 78.5 79.7 79.9 78.3 79.7 79.1 77.1 79.7 73.9 80.8 79.8 79.1 79.2 81.4 77.6 75.6 77.4 76.2 75.3 76.9 76.4 75.6 73.3 72.7 74.8 76.3 74.4 70.9 64.8 56.7 59.2 58.9 63.3
65.3 63.9 62.5 64.7 60.4 65.2 63.8 62.0 61.1 63.0 62.8 64.3 64.7 65.4 67.9 67.0 67.6 69.9 71.9 72.6 73.9 72.5 73.8 72.2 72.3 74.4 73.7 72.7 72.4 74.4 75.3 77.0 74.1 76.9 78.0 75.3 73.5 75.9 75.6 76.2 73.6 76.7 74.1 77.1 79.0 76.4 74.6 76.0 78.3 78.8 78.3 77.6 78.7 80.8 77.6 79.4 79.1 78.6 79.4 79.5 79.4 79.0 77.8 79.7 83.5 79.0 77.6 77.0 77.1 78.1 78.0 74.7 72.4 73.8 70.4 74.2 72.2 78.4 72.2 68.7 61.2 61.6 60.5 66.0
