morphological_analysis/input_data/surveys/q15_2/matrix_bed_q15_2s4.txt
north:            -537.50
south:           -1267.50
east:             2691.00
west:              -93.00
rows:                 148
cols:                 278
null:              -999.0
[rows 0 to 37 of 148, columns 0 to 83 of 278]
66.0 67.1 76.6 79.9 81.1 87.3 86.0 84.5 82.3 81.2 79.5 75.9 66.7 67.8 66.8 61.4 60.7 62.7 64.7 69.1 71.2 71.7 65.1 68.1 75.1 69.6 74.9 80.9 72.5 74.8 82.5 77.8 70.9 79.6 74.8 76.2 -999.0 -999.0 -999.0 -999.0 72.1 73.9 76.1 78.9 73.1 76.2 71.9 76.0 82.3 87.8 -999.0 86.0 76.2 87.9 87.8 88.8 90.0 90.5 90.1 78.8 72.7 74.0 64.5 66.2 71.7 70.0 67.6 63.6 74.8 67.1 59.9 63.4 61.5 47.2 42.4 45.6 44.9 62.4 46.8 57.9 62.9 57.4 45.6 46.6
66.4 67.2 76.7 80.0 80.5 87.4 85.9 84.5 82.7 81.2 78.8 75.9 65.5 68.2 65.8 60.9 59.6 63.0 63.4 69.5 72.4 71.9 64.0 68.2 74.6 69.7 75.4 80.9 73.1 74.7 83.1 77.0 73.5 79.3 75.8 76.2 -999.0 -999.0 -999.0 -999.0 71.7 73.8 75.7 79.1 71.2 76.1 71.1 76.1 82.3 87.8 -999.0 86.3 76.9 88.0 83.4 88.8 90.1 90.7 90.9 78.8 74.2 74.0 65.0 66.1 71.6 70.0 67.6 63.2 74.4 67.1 59.7 63.4 61.4 48.1 42.7 45.6 44.6 62.2 47.1 57.8 63.0 57.3 45.7 53.7
64.5 69.4 76.1 79.1 84.7 85.9 87.2 84.9 81.2 80.4 78.9 77.8 69.0 73.3 70.9 68.2 72.9 68.4 71.2 71.4 70.8 71.8 64.7 66.8 75.0 69.5 77.0 81.3 73.9 75.1 85.0 77.5 76.4 78.7 76.4 76.2 -999.0 -999.0 -999.0 -999.0 72.0 75.2 78.5 82.4 78.3 78.5 78.0 78.3 84.3 87.7 89.8 86.2 82.4 87.1 89.0 88.8 91.6 89.2 91.9 81.3 78.0 76.0 68.1 68.8 75.1 71.5 68.6 68.7 76.4 66.8 61.6 66.2 63.3 51.0 43.6 47.9 46.5 54.3 47.9 59.2 63.4 58.2 47.8 68.9
91.5 75.2 76.3 82.8 81.8 87.8 87.7 86.1 79.7 79.2 82.7 82.4 90.2 89.0 69.5 68.5 69.0 87.3 69.1 84.5 83.6 79.0 77.9 67.6 74.4 70.7 77.8 82.6 74.9 73.6 85.9 75.0 74.7 76.6 76.0 -999.0 -999.0 -999.0 -999.0 -999.0 72.0 75.3 78.2 82.8 76.6 80.8 78.3 83.0 87.6 87.9 89.4 87.7 85.0 87.0 91.4 -999.0 90.8 90.8 90.4 83.4 76.1 79.0 71.5 70.9 76.2 73.2 72.5 68.2 80.7 65.1 66.5 67.7 63.8 52.6 47.6 48.5 46.0 51.8 49.6 59.9 62.8 60.8 59.0 83.6
86.0 75.5 76.3 83.0 82.4 87.9 87.6 86.2 80.0 79.1 82.0 82.6 86.1 89.6 70.9 -999.0 72.9 88.9 71.2 85.2 81.0 79.4 75.4 67.6 73.4 70.7 77.6 90.8 74.9 88.7 85.7 85.3 75.1 76.5 76.4 -999.0 -999.0 -999.0 -999.0 -999.0 -999.0 -999.0 78.3 81.6 79.1 82.3 78.2 81.1 88.4 88.1 89.8 87.8 89.3 88.5 91.6 -999.0 91.0 90.7 91.4 84.8 76.6 80.8 72.3 73.6 79.0 71.8 75.7 68.3 79.9 66.2 67.3 66.2 65.1 65.8 53.7 54.4 54.5 59.4 60.4 61.9 63.5 69.1 88.7 84.2
91.5 -999.0 76.3 -999.0 81.8 -999.0 87.7 -999.0 79.7 -999.0 82.7 -999.0 90.3 -999.0 -999.0 -999.0 -999.0 -999.0 -999.0 -999.0 83.6 -999.0 77.9 -999.0 73.4 -999.0 77.8 91.2 75.0 89.6 85.9 85.9 74.7 -999.0 -999.0 -999.0 -999.0 -999.0 -999.0 -999.0 -999.0 -999.0 78.2 81.5 79.2 85.7 77.2 82.7 86.8 89.6 88.1 -999.0 90.3 89.9 92.6 -999.0 90.8 90.9 90.4 85.9 87.6 83.1 75.4 73.9 71.4 73.4 73.0 67.8 76.6 68.1 69.7 68.1 68.5 66.2 76.2 72.8 82.1 78.3 85.8 79.4 83.1 77.0 87.6 -999.0
-999.0 -999.0 -999.0 -999.0 -999.0 -999.0 -999.0 -999.0 -999.0 -999.0 -999.0 -999.0 -999.0 -999.0 -999.0 -999.0 -999.0 -999.0 -999.0 -999.0 -999.0 -999.0 -999.0 -999.0 73.4 -999.0 -999.0 -999.0 -999.0 -999.0 -999.0 -999.0 -999.0 -999.0 -999.0 -999.0 -999.0 -999.0 -999.0 -999.0 -999.0 -999.0 -999.0 -999.0 79.5 85.9 77.4 82.8 87.1 89.7 88.4 -999.0 90.1 90.0 92.6 -999.0 -999.0 90.2 90.9 88.0 87.3 84.9 77.4 76.8 75.2 71.4 73.5 66.9 84.1 83.8 69.2 68.2 67.9 -999.0 71.9 74.0 77.0 79.3 81.0 80.3 79.6 80.8 91.7 -999.0
-999.0 -999.0 -999.0 -999.0 -999.0 -999.0 -999.0 -999.0 -999.0 -999.0 -999.0 -999.0 -999.0 -999.0 -999.0 -999.0 -999.0 -999.0 -999.0 -999.0 -999.0 -999.0 -999.0 -999.0 -999.0 -999.0 -999.0 -999.0 -999.0 -999.0 -999.0 -999.0 -999.0 -999.0 -999.0 -999.0 -999.0 -999.0 -999.0 -999.0 -999.0 -999.0 -999.0 -999.0 -999.0 -999.0 77.2 -999.0 86.8 -999.0 88.1 -999.0 90.3 90.0 92.6 -999.0 -999.0 90.1 90.8 88.1 87.4 85.0 77.0 77.0 74.5 71.3 73.4 66.9 82.7 84.5 69.7 -999.0 68.5 -999.0 76.5 -999.0 82.2 -999.0 85.9 -999.0 83.2 -999.0 -999.0 -999.0
71.7 -999.0 87.4 -999.0 -999.0 -999.0 -999.0 -999.0 -999.0 -999.0 -999.0 -999.0 -999.0 -999.0 -999.0 -999.0 -999.0 -999.0 -999.0 -999.0 -999.0 -999.0 -999.0 -999.0 -999.0 -999.0 -999.0 -999.0 -999.0 -999.0 -999.0 -999.0 -999.0 -999.0 -999.0 -999.0 -999.0 -999.0 -999.0 -999.0 -999.0 -999.0 -999.0 -999.0 -999.0 -999.0 -999.0 -999.0 -999.0 -999.0 -999.0 -999.0 -999.0 -999.0 -999.0 -999.0 -999.0 -999.0 90.9 -999.0 87.3 -999.0 77.4 -999.0 75.2 -999.0 73.5 -999.0 84.1 -999.0 -999.0 -999.0 -999.0 -999.0 -999.0 -999.0 -999.0 -999.0 -999.0 -999.0 -999.0 -999.0 -999.0 -999.0
70.8 68.4 83.2 67.0 69.1 71.1 71.3 73.6 73.1 76.0 78.7 79.3 81.3 85.1 79.6 87.4 78.5 -999.0 82.2 -999.0 82.3 -999.0 85.7 92.7 83.1 92.0 79.5 89.0 77.5 91.4 80.1 93.2 -999.0 -999.0 -999.0 -999.0 85.7 87.5 83.4 87.3 -999.0 -999.0 -999.0 -999.0 -999.0 -999.0 -999.0 -999.0 -999.0 -999.0 -999.0 -999.0 -999.0 -999.0 -999.0 -999.0 -999.0 -999.0 -999.0 -999.0 -999.0 -999.0 -999.0 -999.0 -999.0 -999.0 -999.0 -999.0 -999.0 -999.0 -999.0 -999.0 -999.0 -999.0 -999.0 -999.0 -999.0 -999.0 -999.0 -999.0 -999.0 -999.0 -999.0 -999.0
71.7 68.1 87.3 66.8 68.4 70.3 70.6 73.1 73.1 75.7 78.0 79.1 81.3 84.5 79.9 86.2 78.1 75.3 81.5 81.3 81.6 82.6 85.7 91.1 82.9 90.5 79.8 88.1 78.2 89.9 78.9 89.7 79.8 81.2 85.3 82.0 85.3 86.7 83.4 87.0 84.3 81.8 -999.0 83.5 82.5 79.5 80.5 82.5 81.5 -999.0 -999.0 -999.0 85.4 -999.0 -999.0 -999.0 -999.0 -999.0 -999.0 -999.0 -999.0 -999.0 -999.0 -999.0 -999.0 -999.0 -999.0 -999.0 -999.0 -999.0 -999.0 -999.0 -999.0 -999.0 -999.0 -999.0 -999.0 -999.0 -999.0 -999.0 -999.0 -999.0 -999.0 -999.0
67.6 68.0 67.8 66.7 69.1 70.2 71.3 73.1 73.1 75.6 78.7 78.9 81.3 84.2 79.6 86.1 78.5 76.0 82.2 81.1 82.3 82.8 85.7 90.8 83.1 90.5 79.5 87.8 77.5 90.3 80.1 89.6 79.8 81.4 84.8 82.2 85.7 87.0 83.4 85.1 84.5 82.2 81.2 83.3 82.1 79.5 79.8 82.2 81.5 80.9 83.1 80.1 83.9 76.8 78.5 81.5 76.3 75.6 75.7 79.0 75.7 62.0 57.3 82.5 67.1 85.5 -999.0 86.3 72.8 -999.0 -999.0 -999.0 -999.0 -999.0 -999.0 -999.0 -999.0 -999.0 -999.0 -999.0 -999.0 -999.0 -999.0 -999.0
66.3 65.7 63.9 65.0 65.6 65.6 67.8 70.2 73.2 73.7 75.2 77.1 81.1 80.8 81.2 79.2 76.6 75.9 79.0 81.1 79.1 82.8 85.5 83.2 82.2 82.6 80.9 83.0 80.7 82.4 74.4 72.4 79.8 81.4 85.3 82.3 83.5 83.3 83.2 83.6 84.3 82.1 81.3 83.3 82.5 79.5 80.5 82.2 81.5 81.0 83.0 80.1 85.4 77.4 78.8 81.1 76.1 75.2 75.1 78.7 75.7 62.1 58.2 78.9 65.7 80.2 67.2 83.2 71.8 68.7 66.3 69.8 66.3 58.7 65.2 -999.0 69.7 -999.0 73.0 94.1 58.4 43.2 34.4 32.8
64.3 63.2 60.9 62.3 62.3 63.9 68.7 69.6 69.7 72.3 73.5 73.6 78.1 81.4 83.9 80.6 82.2 79.7 77.2 79.8 78.7 83.8 84.0 85.0 84.2 84.7 84.1 82.8 83.0 81.3 76.0 74.3 79.9 82.5 83.0 83.7 82.6 87.2 82.9 84.1 85.2 84.3 83.1 82.5 80.4 79.5 77.1 80.4 81.5 81.1 83.1 80.1 78.2 77.4 78.5 80.9 76.3 75.3 75.7 78.8 75.7 62.4 57.3 79.4 67.1 81.2 68.3 83.1 72.8 68.5 67.0 70.2 66.5 58.1 65.2 62.6 69.7 53.5 69.6 88.3 58.5 43.2 35.8 32.8
60.6 59.3 59.1 61.0 61.6 63.5 63.4 65.5 68.9 70.9 70.7 72.8 77.4 80.7 84.5 81.6 84.5 81.3 76.7 79.6 82.9 83.9 85.0 87.4 85.7 86.6 84.3 84.2 85.9 80.6 80.0 76.0 79.5 83.7 83.8 83.9 82.5 85.9 85.0 84.4 85.3 85.6 87.1 83.0 82.4 80.2 78.6 79.7 82.7 81.8 82.5 79.9 80.6 79.8 80.1 78.2 75.3 73.5 72.9 77.4 76.7 65.1 61.6 61.5 60.1 62.1 63.2 67.1 67.9 68.6 66.3 70.3 66.3 57.4 65.2 62.6 69.7 53.8 72.6 88.0 58.4 43.2 34.4 33.3
59.3 57.3 59.3 60.4 60.0 61.8 62.5 64.2 66.3 69.5 71.9 72.7 76.6 79.1 81.2 81.3 83.1 84.3 80.9 81.1 83.1 84.1 84.5 86.3 86.7 87.3 84.6 84.8 82.6 83.1 81.5 81.0 82.5 83.0 84.9 84.1 85.1 85.6 84.1 84.8 85.8 85.3 86.4 85.3 80.4 82.1 78.9 79.6 81.3 82.7 83.5 80.0 82.1 80.4 81.5 75.8 75.6 75.4 74.8 77.7 74.9 68.6 62.4 62.0 59.2 63.0 64.9 69.2 67.4 68.1 69.5 72.6 67.2 57.1 65.1 62.6 58.9 53.9 59.4 59.0 58.7 43.0 41.2 33.8
56.4 56.2 59.3 59.7 58.4 63.6 61.9 64.4 63.9 67.7 71.8 71.3 74.4 78.6 80.0 84.2 85.0 84.9 82.1 80.9 78.7 85.7 86.7 86.3 85.0 85.9 86.6 86.3 84.5 86.3 83.3 82.0 82.4 84.4 86.2 85.3 83.6 85.5 84.7 85.6 85.1 84.8 88.2 84.5 84.5 83.1 83.8 77.9 83.9 82.1 82.2 79.4 81.4 83.2 80.3 78.1 81.3 76.4 78.1 77.6 73.5 71.2 63.3 61.4 62.4 63.6 67.7 68.0 70.4 72.1 70.2 72.3 68.8 57.8 62.4 62.4 55.3 55.7 58.2 59.1 60.2 42.7 38.0 35.1
55.4 54.8 56.8 58.2 58.6 63.7 63.0 65.7 63.2 67.5 67.9 69.8 73.2 76.0 79.0 84.0 84.0 83.9 85.4 80.6 81.3 86.1 87.1 86.1 89.5 86.8 85.5 86.3 84.8 85.0 84.4 83.5 83.1 82.7 84.8 85.4 85.8 86.8 86.2 85.6 85.8 85.8 83.0 84.8 81.7 82.2 82.1 83.5 82.4 82.6 83.7 81.0 83.2 83.2 84.8 80.5 80.1 79.9 78.4 78.5 74.8 74.1 69.6 63.5 63.8 65.7 70.6 72.2 72.7 74.5 73.2 70.8 68.3 64.7 64.3 61.5 53.4 57.7 60.9 59.8 59.9 42.2 42.9 36.7
53.6 55.6 55.6 58.0 57.3 61.5 61.6 61.5 65.8 65.8 67.4 69.7 71.9 74.2 77.3 79.0 81.3 85.4 86.4 82.2 89.8 85.1 86.1 87.9 87.0 86.3 86.6 84.1 85.9 85.3 84.3 84.8 82.6 82.5 84.0 84.7 87.7 85.9 85.7 85.0 86.0 85.3 84.5 84.9 84.0 84.1 82.9 83.3 82.6 82.9 81.5 79.7 82.3 83.7 81.1 83.2 79.4 77.5 75.3 78.8 74.6 74.4 69.9 65.2 68.5 70.3 71.5 74.0 73.3 76.8 74.4 70.4 66.6 68.0 64.4 64.1 59.3 60.7 60.4 58.5 59.1 43.8 39.5 47.2
52.9 55.5 54.4 58.2 61.4 62.1 62.0 61.8 65.1 66.1 68.7 69.3 73.7 75.1 74.9 79.9 82.1 85.5 85.7 82.5 84.0 84.1 86.2 87.6 87.1 86.5 87.6 87.1 87.4 85.7 84.9 87.2 83.0 83.7 83.7 85.6 88.7 86.1 85.7 84.3 85.2 85.7 87.9 85.6 86.9 83.4 83.4 83.6 84.0 82.5 81.9 82.1 80.3 82.6 84.1 83.7 81.0 80.8 75.9 79.8 74.2 74.8 70.5 66.9 68.1 72.4 72.6 75.9 72.9 75.8 73.5 70.6 68.8 71.1 63.6 64.9 62.1 60.4 59.1 59.5 59.3 44.3 39.7 48.8
54.9 53.4 55.0 58.0 59.8 61.5 61.0 63.4 63.7 66.9 67.7 70.5 72.8 74.8 73.9 80.0 78.8 84.4 84.7 83.5 84.6 85.9 87.2 88.1 86.6 88.0 86.6 86.6 85.2 85.8 84.8 84.5 82.6 83.8 83.9 86.7 87.5 84.7 85.8 84.3 84.3 86.2 86.9 84.6 84.0 82.7 82.3 81.4 81.3 80.7 82.4 80.5 81.7 82.8 80.3 83.8 81.0 81.9 77.8 79.5 78.5 73.1 73.1 73.2 72.5 73.9 75.2 76.4 75.0 78.8 72.1 72.8 68.0 72.8 65.4 65.7 66.0 62.3 61.3 59.8 53.2 44.9 44.2 49.8
53.9 53.8 54.0 58.2 60.6 64.1 62.7 64.3 64.4 67.5 68.7 70.3 74.2 72.6 74.4 76.5 79.2 81.3 89.6 85.3 84.6 85.9 89.4 87.6 86.3 88.7 87.5 86.7 85.7 87.2 84.2 84.6 83.5 84.4 85.2 86.8 85.2 85.9 84.4 85.1 86.2 86.7 85.7 86.4 83.8 83.4 80.9 79.9 82.6 80.8 83.4 81.0 81.8 83.6 83.7 83.9 80.5 82.4 79.3 79.9 73.7 76.3 76.0 75.0 74.4 76.8 77.6 76.0 75.4 72.6 70.9 70.4 70.7 72.7 65.6 65.4 66.8 64.0 61.3 60.3 54.5 46.0 49.7 54.1
53.5 53.5 55.4 60.2 60.9 63.5 65.3 63.5 67.2 66.7 68.8 70.5 73.1 73.8 76.8 77.5 78.1 82.3 84.0 86.3 83.1 86.3 85.7 87.6 88.8 87.8 88.3 88.3 86.6 88.7 85.9 84.1 83.2 83.8 83.1 86.1 85.4 87.1 83.3 85.3 84.5 86.1 86.1 86.5 93.8 82.8 79.7 81.0 81.7 82.3 83.4 81.1 84.2 82.9 87.4 82.6 81.6 81.7 78.4 77.7 73.8 76.4 79.2 76.4 71.6 76.9 77.4 75.7 74.5 72.4 69.6 70.1 69.0 70.6 65.3 66.5 66.6 66.6 66.5 59.9 55.3 47.7 53.4 58.4
52.9 52.5 58.5 59.6 60.7 63.3 64.0 64.8 66.7 68.8 67.6 70.5 74.0 73.2 74.9 77.5 76.7 79.4 83.9 85.1 85.0 86.1 87.3 86.4 88.2 88.2 85.7 88.5 89.3 87.4 86.9 83.4 84.4 84.4 83.7 85.4 86.4 87.7 84.2 86.0 85.6 87.1 85.7 85.8 88.9 85.8 84.7 85.6 82.9 82.5 84.3 80.8 82.1 82.9 85.9 83.7 81.8 82.7 80.7 75.3 74.1 77.0 77.6 74.6 77.8 77.6 78.2 76.2 74.0 69.5 69.0 69.9 72.2 67.4 64.6 65.4 69.2 69.2 69.3 61.0 53.8 52.7 58.3 62.7
56.0 54.7 56.7 61.1 63.3 64.6 67.4 67.2 69.7 69.8 70.2 70.2 74.6 73.5 75.6 75.6 76.8 79.4 83.1 84.7 82.8 85.7 86.9 86.9 87.0 89.2 87.8 88.4 87.3 87.8 84.8 84.5 84.8 83.4 82.8 82.5 83.8 86.6 85.6 86.5 85.1 87.1 84.0 85.4 86.0 85.0 84.0 85.0 83.6 82.3 84.8 81.0 81.8 84.0 83.0 83.9 83.1 83.5 79.8 73.2 75.3 78.1 77.1 75.9 76.2 77.3 77.4 72.7 70.7 72.5 71.0 71.2 74.5 68.6 66.2 65.1 70.0 70.4 74.3 62.3 58.5 60.1 59.5 66.8
56.5 56.1 50.6 60.4 61.5 63.9 66.3 66.7 69.5 69.8 69.9 71.1 71.9 73.8 75.2 75.3 76.0 78.5 82.3 85.7 82.6 84.7 84.8 86.1 82.9 89.1 87.0 87.5 85.8 85.9 86.3 83.8 81.4 82.1 83.5 83.7 84.2 86.8 84.7 85.5 85.4 86.8 85.3 85.0 84.8 85.8 84.9 83.8 83.9 82.3 84.6 80.4 82.9 84.7 83.8 83.8 81.6 82.0 79.7 71.3 76.0 77.2 75.0 77.6 75.4 77.1 75.8 71.6 69.9 73.6 70.8 74.2 78.3 68.2 66.6 65.3 69.3 72.3 74.7 63.9 61.9 59.7 65.4 68.0
57.0 56.4 58.1 62.2 61.7 66.6 65.5 66.9 69.0 70.1 71.0 71.2 73.0 73.2 75.8 75.8 77.7 78.3 77.1 85.4 82.7 82.9 86.8 86.6 86.5 89.7 86.9 86.9 87.0 87.3 87.1 84.5 82.8 83.7 83.2 84.3 84.7 84.3 87.4 85.8 86.5 86.0 85.4 87.9 84.7 83.5 85.0 84.8 85.3 83.0 83.6 82.0 83.2 82.6 84.8 83.0 82.6 80.7 80.3 71.4 76.7 78.5 81.2 79.9 80.5 77.2 74.0 70.6 71.0 71.5 70.8 76.5 82.9 67.6 69.0 70.8 73.3 74.9 74.5 65.4 64.5 63.3 68.2 63.3
59.1 61.3 59.1 64.8 67.3 68.2 67.7 68.6 70.8 71.3 72.3 71.2 76.6 72.4 73.3 74.9 76.5 77.3 72.2 83.5 82.3 84.3 85.6 86.6 87.9 88.7 87.5 87.2 85.8 85.2 85.1 83.2 85.6 83.5 81.1 83.2 84.2 83.2 86.1 85.7 83.7 88.4 84.0 84.7 86.9 82.8 84.1 85.9 84.3 83.7 83.2 82.8 82.6 81.9 88.7 82.6 83.1 82.1 78.8 70.0 77.2 79.7 80.1 83.2 82.3 77.8 74.7 70.5 71.4 72.4 76.2 82.3 83.1 66.5 70.4 70.4 73.5 74.0 74.1 66.3 68.9 66.3 68.6 65.5
62.0 64.9 65.9 65.3 67.2 69.0 68.1 69.9 71.3 71.0 71.9 70.8 73.9 73.4 75.4 75.4 75.6 75.1 75.9 82.4 83.0 83.6 84.5 86.9 87.8 90.6 85.5 87.7 85.3 84.1 85.4 83.8 83.3 82.3 79.5 81.9 85.1 83.3 85.7 86.2 85.2 86.0 85.8 86.4 87.7 83.6 85.4 84.3 84.7 82.5 85.1 81.1 80.7 81.6 81.8 84.9 82.2 82.8 81.5 69.3 77.8 79.0 81.4 82.9 79.8 80.0 76.9 72.9 72.2 76.1 80.2 84.2 83.7 67.3 71.7 69.4 73.3 72.3 75.6 68.2 70.4 71.7 71.3 69.6
66.2 68.3 66.3 68.5 66.2 70.0 66.4 70.8 72.9 72.3 72.9 71.8 73.9 74.2 74.7 77.2 76.6 79.7 79.8 81.8 83.7 83.6 86.0 87.4 87.3 88.6 90.0 88.9 86.0 84.9 84.4 84.5 81.4 82.9 80.4 79.7 86.3 82.1 84.4 86.9 85.5 87.9 85.0 85.3 87.0 84.0 83.7 83.7 85.9 82.3 85.0 83.6 82.5 82.2 83.3 82.9 81.9 82.5 81.3 68.6 78.5 78.1 77.7 82.6 81.2 80.3 78.9 77.0 78.2 78.9 82.1 85.4 82.5 67.6 72.5 70.4 74.0 74.2 74.6 69.0 71.1 72.6 70.7 71.4
71.0 69.8 68.1 70.9 70.2 71.7 72.6 71.6 70.1 72.0 72.9 71.7 73.1 74.5 75.7 77.1 77.1 83.2 81.8 80.7 83.0 83.0 89.0 86.6 88.5 88.1 85.8 88.2 85.1 89.1 83.7 82.8 84.3 82.2 80.4 80.0 83.6 83.6 80.2 85.5 84.5 86.3 86.7 84.8 84.5 80.9 86.7 83.1 84.0 83.4 84.9 84.0 84.5 83.1 84.1 82.1 83.2 81.7 79.5 69.1 81.3 78.2 75.8 84.1 81.7 79.9 82.2 79.1 79.6 80.8 83.4 84.5 74.5 68.5 70.2 73.0 74.1 77.0 76.6 70.2 69.2 72.7 73.7 70.1
74.3 72.2 69.2 71.0 71.1 72.3 71.1 73.4 73.4 73.3 72.4 70.4 72.6 73.0 75.0 75.2 78.9 84.9 75.9 80.3 84.8 83.1 84.2 86.4 89.0 88.2 83.8 87.2 86.3 90.5 83.0 83.9 83.0 81.8 79.6 80.4 80.9 82.9 80.0 84.6 85.6 86.3 85.5 84.6 82.0 81.7 85.8 82.2 85.9 83.0 85.3 84.0 85.0 82.9 83.5 82.5 81.0 82.4 75.0 70.4 81.2 76.8 78.9 82.8 80.2 81.0 83.1 80.6 79.3 82.2 85.2 84.5 72.2 70.1 70.9 72.8 76.1 76.3 77.5 70.4 71.2 75.4 74.7 68.4
77.5 73.0 69.2 71.2 72.7 74.5 71.0 73.0 74.2 72.7 74.2 73.2 74.0 74.9 77.3 75.5 77.0 79.0 78.6 80.4 82.1 82.8 83.8 86.9 87.4 88.1 86.7 87.5 87.4 89.0 84.3 84.3 81.3 81.9 79.3 79.9 80.5 82.8 80.8 82.1 86.3 87.0 85.2 84.4 83.9 83.4 86.5 84.0 84.7 83.0 83.9 83.7 83.6 83.4 83.2 83.1 82.1 82.7 74.0 72.7 80.9 77.2 79.9 82.6 81.9 82.1 81.0 83.1 81.1 83.3 83.7 84.2 71.3 71.5 71.2 75.3 75.2 77.3 77.3 70.7 73.2 76.9 72.2 68.8
80.0 77.5 67.8 71.6 73.8 74.1 75.6 73.1 76.7 74.6 73.3 73.1 73.1 74.9 76.4 77.3 76.2 78.8 78.0 80.8 83.0 81.4 84.9 85.3 87.3 87.9 86.9 86.5 84.9 88.3 84.1 83.8 81.2 82.2 81.0 81.4 81.3 81.8 79.7 81.9 85.0 87.4 84.7 84.7 86.4 85.5 80.3 84.4 84.8 82.6 82.7 84.1 82.5 83.5 84.1 82.3 82.8 81.5 72.8 77.2 80.3 78.5 80.9 83.1 81.5 82.5 82.6 83.1 82.9 84.8 84.1 82.8 72.1 72.3 72.7 71.4 75.3 77.7 76.7 72.3 75.8 78.9 73.4 67.8
80.0 78.0 68.5 70.3 69.9 74.2 73.2 74.5 73.6 74.0 74.2 72.6 76.3 74.4 77.0 76.9 78.1 79.6 77.5 78.3 79.0 82.8 80.7 84.1 86.5 86.9 85.4 86.5 85.1 85.9 83.9 83.6 80.7 83.1 81.5 81.4 80.9 82.0 79.9 82.1 85.5 87.5 86.3 84.4 84.2 85.3 77.3 83.0 84.9 82.8 83.6 84.3 83.7 84.2 83.2 83.9 81.6 80.8 70.3 80.3 80.2 79.5 82.7 82.2 81.5 82.1 83.1 81.2 81.9 82.6 85.4 83.0 69.3 72.6 71.1 74.6 78.5 77.0 78.2 74.2 76.0 78.1 72.5 67.8
80.0 77.7 71.8 70.5 73.4 73.8 74.1 75.7 76.2 73.0 76.5 72.5 76.6 75.9 74.2 76.5 81.1 80.3 79.5 78.7 78.4 81.6 83.4 85.0 87.4 86.9 86.6 86.3 85.4 85.0 82.2 84.7 82.2 81.9 81.1 81.1 81.0 81.9 81.4 81.7 83.7 87.2 87.4 84.1 83.3 84.1 81.9 82.4 83.8 82.3 83.0 83.6 84.3 82.5 83.1 85.0 81.3 79.5 68.6 81.8 81.0 78.8 81.7 83.4 81.4 82.7 82.4 81.9 83.4 83.6 83.8 83.0 70.3 73.0 72.7 77.3 78.9 78.0 78.6 75.8 77.4 77.8 72.0 68.1
78.6 78.1 74.8 71.7 73.6 75.2 72.9 74.8 73.4 74.9 75.5 73.9 74.9 74.4 75.9 77.8 75.9 79.4 79.5 79.4 80.9 81.7 81.3 85.2 86.7 86.7 86.7 86.2 86.9 84.5 84.4 85.8 81.8 82.6 82.2 81.8 82.9 82.6 80.5 81.4 81.9 84.9 85.8 86.0 85.0 84.1 80.4 82.3 83.8 82.1 80.9 83.0 81.5 82.5 83.5 84.0 81.4 79.4 69.9 82.2 78.9 78.8 82.2 83.2 82.9 82.9 81.2 82.7 83.5 84.0 82.4 80.5 71.2 74.0 72.5 76.6 76.8 78.8 78.7 76.7 78.3 75.8 73.8 68.3
78.8 76.6 78.5 72.9 72.0 75.7 74.8 75.6 69.6 78.1 75.4 73.9 76.1 75.1 76.5 76.7 74.6 79.8 78.0 79.2 80.1 81.4 80.2 85.0 84.8 84.7 85.5 86.2 87.0 85.0 83.7 86.0 83.5 82.4 80.3 82.2 82.2 83.5 80.2 81.4 83.2 87.0 85.6 89.5 85.9 81.6 85.0 81.8 82.6 82.1 83.2 83.0 82.5 82.1 84.4 83.4 81.0 77.0 72.5 80.7 79.1 79.0 81.9 82.6 81.0 81.9 81.9 82.5 84.0 84.2 81.5 77.6 70.8 74.3 72.0 76.0 77.1 79.4 77.4 77.5 80.9 75.5 72.8 68.3
