morphological_analysis/input_data/surveys/q15_2/matrix_q15_2s6.txt
north:            -537.50
south:           -1267.50
east:             2691.00
west:              -93.00
rows:                 148
cols:                 278
null:              -999.0
[rows 0 to 37 of 148, columns 84 to 167 of 278]
52.2 76.8 86.4 84.4 64.6 54.0 54.7 61.3 68.4 64.6 50.6 55.1 59.1 57.9 55.6 62.5 55.7 45.7 53.6 59.8 55.3 54.8 51.2 62.1 55.9 49.8 56.7 63.5 68.2 69.1 63.1 53.3 51.5 67.4 58.3 57.0 68.4 75.0 72.5 69.0 65.9 74.3 64.3 60.5 51.5 54.8 64.1 63.9 45.6 60.7 66.3 53.0 53.8 68.5 65.5 62.5 70.7 67.9 66.5 71.6 73.4 77.0 75.7 76.5 74.1 71.1 78.2 83.7 73.0 74.9 56.4 51.1 59.2 63.5 61.4 64.2 84.1 87.2 86.8 74.9 64.5 70.3 64.0 64.0
51.6 82.0 91.1 92.9 64.4 53.7 54.0 61.4 67.8 64.7 50.8 55.3 59.1 57.8 55.2 62.2 56.1 46.3 53.5 59.8 55.3 54.7 55.0 63.4 56.0 50.2 56.5 63.5 68.3 69.1 65.1 53.3 51.1 67.9 59.2 57.1 67.9 74.9 72.1 68.8 65.0 75.1 66.3 60.3 53.3 54.8 64.2 63.5 48.1 61.4 66.9 53.4 53.9 68.5 65.1 62.3 70.9 69.2 66.3 72.3 72.4 79.1 75.1 76.7 72.9 71.1 77.8 83.7 77.1 74.9 54.9 51.2 59.2 63.5 61.8 64.8 84.7 87.2 85.3 74.9 65.0 70.4 63.9 64.0
70.8 101.6 112.9 112.7 93.7 53.1 54.4 63.6 69.8 65.2 52.4 55.2 59.4 59.5 57.5 62.2 56.6 47.6 55.5 63.6 58.7 54.8 56.0 65.0 58.6 52.5 57.5 65.0 69.3 69.9 63.0 53.4 53.5 67.9 62.0 60.6 71.4 76.4 74.2 70.7 69.5 75.2 68.3 60.4 56.5 57.0 66.2 63.5 50.3 63.4 62.3 65.2 61.2 67.5 66.1 64.5 72.5 73.2 68.5 75.9 74.9 80.9 78.1 77.2 75.0 70.5 79.7 84.8 82.9 74.6 58.0 49.6 59.3 64.9 59.3 67.3 83.0 88.7 90.2 74.6 64.6 70.6 64.2 64.0
110.2 119.0 119.4 121.6 119.7 58.8 56.0 66.3 69.1 69.8 55.0 56.2 62.5 60.3 52.6 62.9 57.5 51.1 58.8 66.5 54.7 54.8 60.9 66.4 63.7 55.3 59.3 67.8 72.6 70.4 62.5 54.4 52.7 71.1 65.5 63.0 71.7 77.3 76.9 70.0 66.1 79.0 68.4 60.3 57.5 58.5 65.1 61.6 54.7 67.1 85.7 91.1 74.2 80.4 64.6 62.4 73.4 74.7 72.0 78.5 77.4 82.5 78.9 78.8 75.6 71.4 79.9 85.7 83.8 74.9 57.1 48.5 60.1 66.6 57.8 68.1 78.5 88.9 90.6 74.6 67.8 75.1 63.8 65.7
116.7 120.3 119.8 121.9 119.9 111.8 58.6 70.3 68.9 69.6 55.9 57.2 62.9 61.3 56.8 66.9 60.9 51.6 63.0 69.5 60.4 59.1 65.2 68.3 63.8 58.6 59.3 70.9 75.6 72.3 63.1 56.5 58.6 74.3 68.4 65.0 75.4 76.3 77.4 69.7 66.3 81.1 75.8 65.5 61.5 61.3 67.1 61.8 53.4 68.2 113.3 113.8 120.6 111.1 71.9 65.4 73.4 76.2 77.5 79.2 79.7 83.3 79.7 80.5 76.6 73.2 78.7 87.9 82.6 77.0 61.9 47.8 59.9 64.9 58.3 68.2 84.2 90.9 92.7 73.0 67.4 71.9 67.7 67.5
119.8 120.9 121.6 121.1 120.7 120.3 111.1 82.6 69.0 71.0 59.0 59.8 62.1 62.9 54.8 64.2 63.5 55.7 64.4 69.0 63.6 64.6 65.5 69.8 64.3 61.7 63.3 71.8 76.7 73.9 65.8 56.2 60.2 76.7 75.0 68.3 76.7 78.5 80.0 68.2 66.3 80.9 75.7 66.4 63.9 62.3 66.1 67.4 83.6 107.3 118.0 120.5 119.5 118.8 107.4 77.5 72.0 77.0 76.9 82.7 84.3 84.6 81.6 82.6 77.9 75.9 83.3 89.8 85.6 79.7 63.4 51.1 61.4 64.6 63.4 68.6 84.9 91.3 92.0 78.1 70.0 73.9 71.6 69.4
122.6 121.1 122.1 122.6 119.8 122.6 118.7 117.0 69.9 77.2 64.3 66.9 64.6 66.3 58.9 64.4 63.9 65.7 65.9 72.0 66.6 70.6 69.8 75.3 67.0 66.7 65.9 75.0 79.0 75.0 65.2 57.4 64.1 82.7 73.3 70.5 78.1 77.5 81.1 70.2 70.4 81.5 76.9 67.7 67.6 64.6 66.4 78.2 104.6 119.0 121.0 120.2 120.4 117.6 112.4 86.9 69.7 77.2 80.5 84.6 83.3 86.4 83.6 83.4 78.2 75.9 84.6 92.3 87.6 80.9 64.2 54.4 64.9 66.5 65.8 69.4 89.2 92.4 92.3 79.9 72.1 75.7 74.0 71.8
124.3 121.4 121.5 123.1 120.5 124.4 122.1 124.4 111.2 102.8 105.1 85.1 74.8 82.4 60.3 67.2 63.8 112.8 69.6 111.5 69.2 74.9 72.7 91.7 73.3 73.5 69.0 76.9 83.1 77.5 71.1 63.4 67.4 85.0 74.9 72.9 80.7 78.9 80.6 72.5 72.1 85.5 77.9 73.5 65.1 74.0 73.1 102.0 114.2 121.4 123.6 119.8 120.8 119.9 117.3 98.9 71.6 79.0 82.7 84.7 83.0 88.5 85.0 84.3 78.7 76.9 84.7 93.3 92.7 82.0 67.3 58.0 66.8 68.2 66.9 72.4 91.6 91.7 95.1 79.7 74.3 78.4 76.5 73.1
125.9 122.9 123.3 123.6 121.6 124.0 125.5 126.5 122.8 119.7 121.8 113.3 121.0 119.0 119.3 116.3 118.1 101.0 117.2 121.8 116.4 103.7 108.7 106.1 110.2 103.4 109.4 82.7 97.2 82.9 86.4 71.4 68.7 92.6 77.7 82.2 81.4 85.3 81.4 92.3 71.2 89.4 91.9 101.2 107.1 111.7 94.8 115.3 121.4 122.3 121.1 120.0 119.5 121.6 122.2 109.7 76.0 91.9 94.2 90.2 82.7 96.0 86.1 100.6 76.2 99.6 84.3 95.0 91.4 86.2 69.6 88.1 73.9 73.6 68.7 76.1 92.5 92.9 93.1 82.9 78.6 87.5 83.1 79.2
124.1 123.2 122.2 122.7 121.0 125.9 124.3 127.1 126.2 127.7 124.8 125.0 122.3 119.3 120.3 122.2 121.1 122.2 119.3 123.4 122.9 124.4 118.3 122.3 122.8 123.2 122.7 120.1 121.5 119.2 123.9 119.9 123.1 119.7 122.1 120.5 121.7 119.4 122.6 120.1 121.8 120.8 121.8 119.6 121.9 116.4 117.3 120.2 121.4 123.7 121.3 120.2 120.3 121.0 123.6 122.1 118.3 119.3 114.5 117.9 119.1 115.4 120.8 114.8 120.2 119.9 110.4 104.8 113.4 101.5 113.6 107.7 110.7 92.4 110.8 120.1 113.3 98.5 106.7 97.9 109.8 116.2 97.4 96.7
125.3 121.6 122.3 122.1 121.1 124.6 127.2 123.9 126.7 125.1 124.0 125.8 123.4 119.1 121.5 122.3 122.8 121.9 123.2 122.2 123.0 123.7 124.8 124.1 123.0 126.1 124.2 123.0 124.5 124.7 124.1 122.2 121.7 124.5 120.7 122.0 121.7 120.9 120.6 124.0 121.8 122.0 123.0 122.4 123.0 116.5 122.8 124.9 125.4 122.9 122.5 119.7 122.3 121.2 124.9 125.7 124.3 121.8 121.6 121.9 119.4 120.3 121.6 120.4 122.2 121.0 119.9 119.5 122.4 121.2 122.7 121.3 120.1 120.7 122.0 116.8 120.7 116.5 120.7 117.0 119.0 118.8 113.5 117.7
124.6 121.2 123.0 123.4 121.4 123.9 127.4 125.8 126.7 123.4 123.5 123.2 124.0 122.1 120.7 122.0 120.5 121.6 123.0 122.5 123.8 123.7 123.4 124.8 123.6 125.7 123.7 124.1 124.5 123.9 125.0 123.1 121.3 125.1 122.2 122.3 121.1 120.1 124.3 122.7 122.2 121.9 122.4 123.0 123.3 117.2 123.9 125.8 124.4 123.5 121.2 117.3 120.1 122.1 124.6 127.0 124.9 121.7 121.6 122.7 120.5 119.8 122.0 121.6 119.8 122.2 119.5 120.0 121.8 121.6 121.4 120.8 120.8 122.2 122.7 121.7 123.7 119.8 120.1 120.7 117.8 118.9 119.5 118.3
123.0 118.2 122.1 120.2 122.4 122.8 123.2 125.9 126.2 123.1 121.8 116.5 124.1 118.8 121.5 120.4 123.3 119.9 122.5 122.6 124.3 124.0 124.1 124.4 124.9 124.6 125.0 125.2 124.8 124.1 125.4 123.3 125.1 121.9 123.2 123.1 121.3 121.9 124.3 124.2 122.0 123.0 121.9 123.3 123.0 118.8 122.9 125.9 124.3 124.4 121.9 120.8 120.2 121.8 124.3 125.4 124.7 121.6 121.1 123.2 122.2 119.8 121.5 121.4 122.0 120.5 120.0 119.5 120.8 121.2 120.5 120.6 120.4 119.6 122.1 122.3 122.2 119.2 119.9 120.1 119.1 119.6 118.3 118.3
109.2 83.7 112.8 115.4 87.5 110.7 121.3 112.6 121.5 94.4 119.9 108.0 120.1 112.3 116.5 112.3 122.6 115.2 123.4 116.9 121.5 117.1 120.9 121.0 123.8 118.6 125.3 124.2 124.2 123.1 123.9 121.6 122.9 115.2 119.9 121.7 122.6 117.3 122.7 122.7 123.7 121.3 123.3 121.4 122.5 123.4 121.3 123.4 123.3 121.0 122.4 118.4 121.8 120.9 123.8 125.4 125.6 122.0 122.4 117.7 122.5 119.3 120.8 119.5 122.1 118.0 121.1 120.2 120.8 121.3 121.0 120.8 120.0 121.0 120.8 123.0 120.8 119.4 120.0 119.1 118.8 118.8 119.6 117.9
96.0 61.3 54.6 59.3 55.8 58.8 59.4 65.5 60.1 66.6 54.0 50.0 52.0 56.0 60.1 64.0 58.8 63.2 61.7 81.7 80.8 111.1 101.9 105.6 121.5 74.2 120.6 120.4 122.0 114.8 121.2 103.1 115.8 112.7 122.4 111.5 120.1 107.2 120.8 101.4 114.3 117.0 122.9 117.4 122.2 114.7 122.7 107.9 113.9 114.3 121.5 94.5 120.7 111.4 117.4 113.6 120.8 112.2 121.1 111.2 116.9 111.3 121.8 112.1 121.1 116.8 118.2 114.0 118.8 119.4 120.6 119.5 121.0 120.1 122.5 120.3 121.8 119.1 119.5 115.9 120.0 119.3 117.5 116.5
55.7 55.7 54.8 55.7 56.7 56.0 58.9 61.5 63.0 59.4 54.4 50.6 51.7 52.1 53.3 59.2 59.7 60.0 60.9 66.7 62.2 64.5 61.4 64.8 62.0 68.2 73.8 106.7 95.4 86.9 70.0 76.2 73.5 75.5 74.9 79.6 80.5 80.4 75.8 77.7 78.5 81.7 100.7 81.6 81.8 78.6 79.0 85.8 80.0 81.2 81.8 81.3 82.2 84.3 96.7 78.4 81.0 97.9 69.8 70.7 64.2 73.9 67.1 71.0 68.0 71.7 70.0 75.8 74.8 96.0 120.7 95.5 116.1 100.8 119.1 110.7 122.0 114.5 117.6 99.4 83.4 102.5 104.8 107.0
58.8 56.6 56.3 56.6 55.9 55.2 61.2 60.7 61.1 58.7 54.4 51.5 52.5 52.4 53.1 55.9 58.2 61.1 60.0 62.2 62.3 62.5 60.5 61.1 61.4 61.0 61.2 63.6 65.8 65.8 67.9 72.2 72.9 72.7 73.0 75.1 77.6 78.1 81.4 78.8 81.0 80.0 76.1 79.7 79.7 78.1 79.7 79.7 80.1 80.6 78.9 76.6 77.3 78.6 77.5 74.4 71.2 71.5 66.6 65.4 66.3 62.8 64.9 64.5 66.4 65.7 67.4 70.9 72.8 78.5 101.7 78.3 75.6 83.8 83.6 83.6 82.9 82.1 86.1 81.0 83.7 82.1 82.4 85.5
61.6 60.7 59.7 60.0 58.6 54.9 60.4 62.3 61.0 59.9 55.3 53.9 55.7 53.3 56.5 57.3 59.3 60.2 58.1 61.8 60.8 63.0 63.5 61.7 62.4 61.7 61.7 62.6 64.2 65.9 67.0 69.7 69.5 72.0 73.6 73.8 74.3 77.3 74.8 79.0 79.5 78.6 78.7 80.2 80.3 77.7 78.9 76.2 79.7 79.6 79.2 77.3 79.8 77.3 76.0 73.3 71.8 71.1 64.2 63.8 64.8 64.1 63.9 63.5 66.0 66.9 67.6 70.5 73.4 74.8 101.7 76.2 78.4 79.6 81.4 80.6 81.1 82.0 82.7 83.5 83.8 81.3 81.1 82.6
60.4 64.6 61.0 61.2 62.0 55.7 60.4 60.2 60.4 57.6 57.1 54.2 55.5 54.6 56.3 58.0 59.1 59.2 60.0 61.1 63.2 62.4 59.7 61.5 62.6 63.6 64.0 63.1 63.0 65.7 66.8 67.9 70.0 71.6 72.8 74.0 75.0 76.4 75.4 77.3 77.4 79.7 78.0 80.8 79.0 77.7 81.1 80.6 82.9 80.1 79.6 78.2 78.1 77.9 77.8 73.6 72.1 70.0 68.0 65.5 62.7 63.0 63.4 63.3 64.9 67.7 67.0 70.8 72.5 74.2 76.8 77.7 76.2 77.0 81.5 80.6 76.5 80.7 85.0 80.9 83.7 82.7 82.0 82.9
61.3 63.0 62.0 63.0 61.8 60.3 61.3 60.6 59.7 61.3 56.9 54.5 56.0 54.2 57.3 57.9 59.1 59.6 60.7 61.5 62.1 62.6 57.6 61.6 63.3 61.4 62.5 63.5 62.0 66.4 65.3 66.1 70.3 69.2 72.5 73.8 73.8 74.9 79.3 77.2 77.8 78.7 79.7 81.1 80.9 78.1 78.7 80.1 78.4 79.7 77.3 79.0 78.0 78.8 76.5 74.4 72.0 68.8 66.5 66.5 61.9 61.6 64.0 65.5 65.0 68.6 70.2 70.8 74.6 74.1 77.3 77.7 75.5 77.6 79.0 80.4 77.9 81.0 79.8 80.1 83.9 81.9 81.9 81.9
64.0 64.9 61.7 63.9 62.8 64.3 63.2 57.8 59.7 56.7 58.1 56.0 58.1 54.9 55.3 57.7 60.7 59.8 61.0 63.1 61.8 61.6 57.1 62.1 63.0 64.4 62.6 63.0 65.3 66.0 66.4 68.4 72.2 70.4 72.8 73.5 73.5 75.2 77.1 78.1 77.4 78.4 80.1 79.4 82.5 77.7 80.0 80.1 81.7 79.8 78.0 79.4 78.4 78.3 77.0 75.8 71.8 71.5 64.8 67.3 68.1 63.5 64.7 64.3 66.4 70.9 69.1 72.5 73.9 73.7 73.5 78.6 77.5 77.8 79.4 79.7 81.6 80.8 82.2 80.9 84.1 82.5 82.0 83.2
63.8 65.6 63.6 64.1 62.6 64.8 61.8 61.1 60.8 59.6 58.8 59.3 57.6 56.0 55.7 57.6 59.9 60.1 61.6 61.6 63.6 62.9 67.4 63.8 62.5 65.0 64.6 62.3 63.7 65.4 65.2 65.0 68.4 71.5 71.4 73.0 71.6 75.9 73.0 79.5 78.1 78.9 79.0 79.5 77.2 79.7 79.9 79.5 79.9 80.0 79.5 79.6 81.0 77.5 78.2 76.8 74.5 72.8 67.8 69.1 70.5 65.0 63.6 67.3 67.8 68.0 71.5 73.5 73.9 74.5 75.9 78.8 78.2 79.3 79.8 79.7 80.3 80.6 80.6 82.6 83.5 82.2 82.8 84.0
68.2 69.3 67.3 64.8 62.6 64.0 62.5 62.2 60.3 60.8 59.8 60.5 55.7 57.2 57.8 58.3 59.6 61.0 60.4 61.5 62.7 64.2 61.7 64.6 65.4 65.4 64.5 62.0 64.6 65.1 65.6 71.9 65.7 69.6 70.8 72.2 74.1 73.0 75.5 78.1 77.4 78.0 78.9 79.8 80.3 78.8 80.4 81.0 79.8 80.3 79.5 79.2 77.9 79.7 77.3 75.4 74.3 75.0 74.3 72.4 69.5 65.1 65.5 70.9 68.6 71.0 70.9 73.7 73.9 75.4 74.4 77.9 76.2 78.4 80.2 80.3 79.2 79.5 81.3 82.5 81.7 78.0 81.0 83.0
68.2 67.8 67.8 64.5 65.7 62.9 61.9 62.5 62.0 60.6 62.3 61.1 62.2 57.4 57.5 57.5 59.7 60.0 61.1 60.6 63.1 63.8 65.1 62.3 66.8 66.0 66.0 65.5 66.5 64.7 67.8 71.0 67.4 70.1 71.8 73.0 72.3 74.3 77.0 80.0 79.2 77.7 81.2 79.6 81.3 81.4 81.0 81.7 81.3 80.4 81.1 79.0 81.1 80.0 78.6 75.6 74.3 75.9 77.1 75.0 69.9 68.1 68.3 71.9 70.5 73.7 72.9 74.7 75.1 75.2 75.0 77.0 79.7 79.0 78.3 79.8 80.4 78.3 83.1 82.7 80.5 77.3 82.2 82.9
68.7 68.6 68.2 63.6 64.2 62.4 62.6 62.2 65.3 60.7 60.9 61.7 61.2 57.6 57.7 58.5 59.2 59.8 59.8 60.7 62.0 64.0 65.6 64.8 66.2 65.2 67.3 64.7 66.7 68.9 69.0 67.5 67.6 72.5 72.6 73.0 71.4 75.0 76.0 78.2 77.7 78.6 79.2 79.9 80.6 81.9 80.2 79.5 80.3 80.9 79.2 80.6 79.9 79.0 79.7 77.2 76.0 77.3 78.7 77.9 74.5 70.9 69.1 72.4 71.0 74.2 76.9 75.7 75.4 75.2 74.7 75.1 74.9 79.7 79.7 79.7 78.7 80.4 85.9 82.0 78.8 79.5 82.3 82.3
69.3 68.2 69.1 66.2 67.0 66.6 63.7 62.0 61.3 61.2 62.2 61.0 60.8 58.8 58.9 57.5 58.3 60.8 59.4 62.6 63.9 63.9 64.8 64.0 66.4 65.0 65.7 66.3 64.4 67.5 67.8 66.8 68.9 72.4 73.7 73.8 73.0 73.3 75.2 78.2 78.4 79.2 79.6 83.6 81.9 79.9 80.9 79.7 78.5 80.0 79.1 80.5 79.5 78.0 77.4 78.6 78.3 77.8 81.0 79.5 77.3 73.1 72.0 74.6 76.2 77.9 77.2 77.6 78.8 75.2 74.1 73.7 75.7 78.2 80.4 80.6 82.0 82.7 84.2 83.2 82.2 81.0 82.0 82.0
70.9 69.0 67.5 71.9 68.1 66.8 63.4 64.3 64.6 61.6 64.5 63.2 63.3 61.6 56.6 58.6 60.1 60.5 61.3 62.3 62.4 63.5 65.7 64.4 65.7 64.7 66.0 66.8 68.3 65.2 69.4 67.8 71.8 72.5 72.1 73.7 72.6 73.5 75.2 78.0 74.6 78.1 81.4 80.7 82.1 79.2 81.5 80.9 82.2 80.2 81.2 80.6 80.1 78.0 78.2 77.5 75.1 77.4 77.8 80.7 80.0 77.9 75.4 75.9 77.8 76.7 76.8 77.9 78.8 75.8 76.7 76.3 78.7 78.1 80.3 81.5 81.0 83.3 84.5 82.1 80.0 80.8 81.6 81.8
71.5 67.7 67.2 73.2 68.5 65.4 64.0 62.9 64.4 60.7 63.0 64.5 64.7 64.8 60.8 59.6 59.7 60.2 59.4 62.0 62.7 62.9 66.8 65.3 67.1 66.7 65.8 66.6 66.3 65.6 68.4 68.5 69.7 72.5 71.1 73.9 69.8 75.6 76.5 78.8 77.1 77.3 78.6 78.6 82.3 78.8 82.0 82.5 83.9 81.4 82.2 80.9 82.1 78.0 78.9 79.9 79.3 80.0 77.1 81.1 79.3 81.0 77.6 76.8 79.0 76.0 77.5 77.5 76.4 76.9 76.9 79.9 78.4 77.3 78.2 81.8 80.2 81.2 81.5 82.4 81.7 80.7 82.9 82.1
70.2 70.4 71.5 71.3 67.8 66.9 64.9 64.9 61.6 64.2 63.3 65.2 65.5 63.9 69.7 61.0 58.5 61.8 57.4 61.9 64.5 64.2 64.3 67.3 68.3 66.4 66.4 66.5 66.6 67.2 67.8 68.0 70.8 71.4 73.6 73.0 73.4 75.1 75.6 77.3 76.2 76.2 79.6 80.7 80.1 80.0 80.8 82.5 81.9 80.9 82.0 80.6 81.5 79.2 79.3 82.5 79.5 80.3 78.5 82.2 79.6 80.9 81.8 76.3 76.7 76.1 76.6 76.5 76.8 77.7 76.8 76.3 78.6 79.3 78.9 82.6 80.7 81.9 80.0 81.9 81.1 79.8 82.8 83.2
68.7 69.7 71.5 68.2 67.3 68.4 64.3 66.6 65.1 65.0 64.4 65.5 65.4 63.2 61.9 60.1 62.3 61.8 60.4 63.4 63.4 64.1 65.1 66.6 65.5 66.5 68.8 68.0 65.6 69.0 70.5 67.6 71.5 71.3 72.0 73.3 72.4 74.2 75.6 76.0 75.8 78.6 76.3 80.7 84.0 81.1 80.7 80.8 81.3 81.5 80.0 82.2 81.5 83.8 79.3 80.7 79.2 81.0 80.4 80.3 78.8 80.9 81.5 76.0 77.6 75.9 75.9 75.2 77.2 79.5 77.4 73.8 77.7 77.6 79.5 79.9 82.0 79.0 81.5 82.5 79.4 79.6 81.5 83.1
68.3 69.5 71.0 68.5 69.2 68.3 65.5 65.8 69.6 64.7 65.8 64.7 67.9 65.9 59.6 61.1 62.7 63.3 61.7 64.6 65.6 64.3 64.7 66.2 67.0 68.7 68.6 69.0 70.1 70.3 68.4 67.9 67.9 70.6 71.3 74.6 72.8 73.3 75.7 76.7 76.4 79.8 79.6 79.6 79.3 80.7 82.4 81.0 82.2 81.6 80.3 81.5 79.0 84.3 80.5 81.3 81.4 80.2 81.1 79.8 78.6 80.6 81.5 74.1 76.1 75.4 76.2 71.6 76.1 81.3 77.0 76.3 79.4 79.6 78.3 80.6 79.9 80.9 82.0 82.0 82.0 79.3 82.5 82.2
70.1 69.7 70.1 65.7 70.2 68.0 66.3 66.5 65.8 65.9 68.4 65.9 66.6 66.4 63.6 63.4 62.6 62.3 62.4 64.1 63.3 64.6 65.6 66.6 66.2 69.2 67.6 69.5 70.1 71.4 69.9 68.6 68.9 70.9 71.1 73.2 76.5 72.4 73.7 76.4 75.1 78.5 80.1 80.7 81.6 80.0 81.7 81.9 84.5 82.1 79.4 81.3 82.7 83.0 81.4 82.6 81.9 81.7 80.1 79.8 79.8 78.7 83.4 73.3 77.6 74.9 78.2 77.7 77.7 79.0 77.3 79.6 78.5 79.3 78.8 81.5 78.0 81.5 82.6 80.8 80.7 81.9 80.7 81.9
70.6 71.4 70.3 70.7 68.2 69.4 65.5 66.1 67.4 66.3 66.7 65.7 67.8 66.5 65.5 63.7 63.0 63.9 63.8 63.1 66.1 66.6 65.8 65.3 68.1 67.7 68.8 69.7 70.3 70.5 69.3 67.4 70.1 70.7 72.1 73.6 73.0 73.4 75.6 75.4 74.4 79.4 78.9 80.1 80.4 81.9 79.7 82.0 84.4 82.0 84.4 81.3 91.2 82.0 81.0 82.4 80.2 81.3 80.4 79.6 79.3 79.2 81.6 75.4 77.6 77.9 77.8 77.6 78.9 79.0 78.8 80.6 79.5 79.5 80.4 81.7 81.2 82.1 82.8 81.8 82.6 82.0 81.9 83.0
69.1 71.8 71.8 70.8 68.3 67.4 66.9 67.3 67.4 65.3 66.1 64.2 68.3 66.6 67.3 67.0 63.1 64.2 64.8 63.9 66.0 66.7 64.4 66.8 68.8 68.2 71.0 69.9 69.9 69.2 68.2 69.6 71.3 71.3 70.5 72.2 74.0 73.9 75.7 75.6 75.6 79.5 76.5 79.5 81.2 82.1 80.7 82.6 82.8 82.0 79.9 81.5 81.8 81.3 82.2 81.8 81.9 82.0 80.9 79.1 80.3 77.6 83.5 76.7 82.6 78.2 77.1 78.1 78.7 78.9 82.7 81.4 78.9 80.6 78.2 82.9 83.3 81.7 82.1 80.3 83.1 80.8 81.7 82.3
70.7 71.9 71.2 70.2 68.2 65.9 66.2 66.5 66.9 64.8 67.7 66.8 68.4 67.8 68.2 67.1 64.6 64.7 63.5 65.3 65.3 67.3 66.6 66.5 68.3 69.3 69.3 71.7 71.9 68.3 70.1 69.2 69.5 72.1 72.0 73.4 72.7 74.6 74.8 76.4 77.5 78.7 79.5 78.7 82.3 80.7 81.0 81.3 82.1 81.2 81.4 80.5 80.2 79.4 81.8 81.9 81.3 82.6 81.8 79.3 79.0 80.8 81.9 80.2 79.7 79.4 82.7 78.6 79.2 80.7 80.3 78.6 79.5 80.4 83.0 84.4 81.9 81.4 80.1 81.8 84.3 81.5 84.3 81.8
69.3 71.7 70.0 70.4 66.3 66.0 65.3 65.5 66.4 66.3 66.5 67.0 68.8 68.3 69.0 67.9 64.3 65.0 65.3 65.6 65.3 67.6 68.0 68.0 69.0 70.1 68.7 74.2 72.1 73.8 69.7 69.6 71.5 72.9 73.1 73.6 73.6 74.8 75.4 77.1 73.9 79.1 79.0 78.2 82.6 80.5 83.0 82.0 81.3 82.4 78.6 83.6 83.9 80.0 81.9 81.4 82.8 82.1 81.4 79.6 78.0 82.7 79.8 82.5 78.5 81.2 79.5 80.8 80.1 80.4 83.0 79.6 79.1 80.0 82.9 82.9 84.2 79.8 81.9 81.9 81.9 82.7 83.9 81.6
64.5 70.3 70.4 70.0 68.8 66.1 64.5 65.4 68.1 66.8 70.7 66.7 68.6 68.7 68.8 71.1 66.9 66.1 64.5 66.9 66.1 67.9 68.0 68.7 71.6 70.3 67.5 74.1 71.6 73.7 71.0 70.4 72.5 73.1 73.3 73.6 76.3 74.4 74.7 77.0 79.7 80.2 78.3 79.3 80.6 80.2 84.1 83.5 79.2 82.4 79.7 82.6 81.3 81.1 79.8 82.0 82.5 81.8 80.6 80.2 80.9 82.6 78.0 81.1 80.1 81.3 80.1 83.0 81.2 79.8 80.9 79.0 80.3 81.3 82.0 82.7 88.2 81.9 82.3 81.3 83.5 83.7 83.8 81.6
69.9 71.6 72.1 68.1 68.9 65.8 64.3 66.2 66.6 66.3 69.1 68.5 69.5 70.4 70.6 69.1 67.5 66.5 65.8 67.5 66.4 68.5 66.3 70.3 74.8 70.4 68.2 73.0 72.5 73.9 71.1 70.6 72.4 72.5 73.9 74.4 73.2 74.6 74.2 76.7 76.7 77.5 80.6 79.6 79.8 81.1 81.4 80.3 81.1 82.5 80.6 80.9 79.5 81.2 82.2 82.7 82.5 82.3 80.7 79.9 79.4 81.3 79.1 78.5 80.3 80.9 79.1 81.7 81.7 82.1 79.4 80.2 80.8 81.5 84.5 83.2 81.9 81.4 82.2 80.9 81.5 81.0 83.1 80.3
