morphological_analysis/input_data/surveys/q15_2/matrix_q15_2s3.txt
north:            -537.50
south:           -1267.50
east:             2691.00
west:              -93.00
rows:                 148
cols:                 278
null:              -999.0
[rows 0 to 37 of 148, columns 0 to 83 of 278]
63.0 69.5 75.6 83.0 82.6 87.0 86.9 83.5 82.7 78.5 78.0 75.8 65.7 64.7 67.8 62.6 59.8 63.6 66.9 66.6 73.1 72.5 63.1 67.2 75.9 72.5 78.3 81.3 72.4 74.7 83.6 72.4 74.6 76.1 73.9 80.3 -999.0 -999.0 -999.0 -999.0 72.3 74.3 77.7 80.9 70.2 77.0 69.8 75.0 82.4 82.3 95.8 80.3 77.0 90.5 87.1 89.3 91.2 90.9 88.4 79.2 74.9 74.2 64.4 66.4 72.3 70.7 66.7 63.5 74.2 63.6 59.1 63.7 61.9 47.7 42.4 47.6 43.2 53.2 49.3 60.7 64.3 58.3 46.3 50.1
62.3 69.3 75.8 82.9 82.3 87.0 87.5 83.6 83.4 78.4 76.8 75.8 66.0 65.1 66.6 62.5 59.8 63.6 64.7 67.3 73.8 72.7 63.7 67.3 75.8 72.3 78.1 81.2 72.2 74.9 84.3 72.3 76.0 76.0 76.0 78.0 -999.0 -999.0 -999.0 -999.0 73.2 74.9 77.6 81.3 74.4 77.1 70.0 75.2 81.2 82.1 96.9 80.3 77.6 90.9 88.5 89.3 90.5 90.9 90.1 79.2 74.9 74.1 63.7 66.4 73.2 70.7 66.2 63.3 72.4 63.5 57.8 64.3 61.1 48.1 42.4 47.5 44.5 53.2 48.4 60.7 65.2 58.3 47.2 50.6
65.8 72.8 75.3 82.0 84.9 86.9 82.9 85.0 83.1 80.9 77.9 78.3 66.5 68.5 71.5 72.0 73.1 68.9 74.8 70.7 73.9 71.9 62.9 66.5 76.2 70.2 78.8 82.1 73.1 76.3 84.8 75.1 76.6 78.3 76.1 108.8 -999.0 -999.0 -999.0 -999.0 72.6 83.2 78.0 81.2 77.7 77.3 76.3 77.5 84.2 86.1 95.8 85.3 81.3 87.0 88.9 91.5 93.3 89.2 91.2 81.7 76.7 76.5 67.9 68.6 74.3 72.3 69.2 66.0 76.7 65.5 62.6 65.5 63.9 50.5 43.9 47.6 43.0 52.5 50.9 58.8 62.9 57.3 47.6 56.4
90.5 71.9 76.2 80.5 85.3 87.5 85.9 86.3 83.1 79.5 82.8 82.5 87.0 86.2 95.3 90.4 79.6 85.5 98.2 84.6 83.6 77.3 78.2 68.8 72.5 72.0 77.5 82.2 75.9 83.5 91.8 76.9 76.6 78.5 108.6 110.1 -999.0 -999.0 -999.0 -999.0 72.6 110.5 77.1 84.0 77.5 80.1 77.3 80.9 87.3 86.7 93.9 89.5 86.9 86.9 92.7 93.1 93.3 91.8 93.5 82.4 79.0 77.1 73.0 69.8 75.5 72.7 72.8 67.8 79.1 66.3 70.8 67.6 64.1 52.4 44.5 47.9 45.4 51.2 52.2 60.6 63.5 58.4 59.3 87.3
85.5 71.8 76.0 80.4 85.2 87.5 85.3 86.4 83.1 79.4 81.9 82.7 83.0 87.2 90.6 91.4 94.3 86.4 93.8 85.2 81.7 77.6 75.3 100.9 104.3 96.5 97.4 91.6 101.6 91.2 99.3 87.7 97.4 96.9 102.2 -999.0 -999.0 -999.0 -999.0 -999.0 -999.0 111.5 104.7 94.4 80.1 81.1 79.2 82.6 88.6 90.6 88.8 93.4 87.6 90.9 93.9 94.3 93.2 90.2 90.2 84.3 81.3 80.4 76.4 72.9 75.8 72.6 75.6 71.7 78.7 67.0 70.7 66.5 65.8 53.3 49.7 55.2 52.9 55.6 61.3 70.0 64.1 66.4 91.4 111.5
90.5 -999.0 76.2 -999.0 85.3 -999.0 85.9 -999.0 83.1 -999.0 82.8 -999.0 87.0 -999.0 95.3 -999.0 95.8 -999.0 98.3 -999.0 83.6 -999.0 78.2 102.2 98.2 97.5 96.5 92.2 96.0 91.7 97.7 88.1 93.1 97.8 108.6 -999.0 -999.0 -999.0 -999.0 -999.0 -999.0 -999.0 108.5 103.9 106.8 81.2 76.5 85.7 87.4 96.3 88.8 95.6 89.9 90.4 92.1 96.7 93.0 91.7 91.4 87.8 82.0 83.5 72.9 77.9 76.6 72.7 73.3 71.3 77.5 68.2 66.1 72.2 65.2 72.1 77.3 77.5 81.5 80.8 85.9 86.8 83.8 84.8 94.3 116.6
-999.0 -999.0 -999.0 -999.0 -999.0 -999.0 -999.0 -999.0 -999.0 -999.0 -999.0 -999.0 -999.0 -999.0 -999.0 -999.0 -999.0 -999.0 -999.0 -999.0 -999.0 -999.0 -999.0 -999.0 104.4 -999.0 99.3 -999.0 101.7 -999.0 99.4 -999.0 97.4 -999.0 -999.0 -999.0 -999.0 -999.0 -999.0 -999.0 -999.0 -999.0 111.2 108.6 101.8 81.2 77.0 116.9 87.6 113.6 117.8 98.0 106.9 94.3 95.5 105.3 94.4 96.0 90.5 96.8 84.5 89.8 76.6 79.8 72.2 79.9 70.8 69.8 81.5 87.3 97.4 95.3 106.9 102.9 101.1 103.8 105.1 105.3 105.9 105.3 103.7 106.6 100.8 120.2
-999.0 -999.0 -999.0 -999.0 -999.0 -999.0 -999.0 -999.0 -999.0 -999.0 -999.0 -999.0 -999.0 -999.0 -999.0 -999.0 -999.0 -999.0 -999.0 -999.0 -999.0 -999.0 -999.0 -999.0 -999.0 -999.0 -999.0 -999.0 -999.0 -999.0 -999.0 -999.0 -999.0 -999.0 -999.0 -999.0 -999.0 -999.0 -999.0 -999.0 -999.0 -999.0 -999.0 -999.0 106.9 -999.0 76.5 118.4 87.4 118.0 112.3 98.4 103.7 120.7 94.8 119.9 105.6 122.0 114.7 121.0 121.2 120.2 122.4 118.2 120.1 115.9 124.4 111.0 119.0 119.8 118.1 121.9 118.3 118.8 117.8 116.9 117.2 118.6 117.2 119.3 120.0 120.0 117.0 124.0
79.9 95.9 90.4 -999.0 -999.0 -999.0 -999.0 -999.0 -999.0 -999.0 -999.0 -999.0 -999.0 -999.0 -999.0 -999.0 -999.0 -999.0 -999.0 -999.0 -999.0 -999.0 -999.0 -999.0 -999.0 -999.0 -999.0 -999.0 -999.0 -999.0 -999.0 -999.0 -999.0 -999.0 -999.0 -999.0 -999.0 -999.0 -999.0 -999.0 -999.0 -999.0 -999.0 -999.0 -999.0 -999.0 -999.0 -999.0 -999.0 -999.0 117.9 -999.0 106.9 121.8 95.5 122.8 120.4 123.1 122.4 123.5 123.4 123.2 124.5 123.7 123.5 122.7 123.8 124.8 121.1 122.8 125.7 123.3 124.5 124.4 124.5 125.8 119.6 123.3 123.6 125.1 125.4 126.5 125.1 124.7
78.8 92.5 88.0 79.8 80.7 79.8 80.5 80.1 80.2 79.4 81.0 78.7 79.1 86.5 80.3 87.4 79.0 95.7 83.3 94.7 80.9 90.6 85.3 97.3 80.9 89.4 81.7 88.1 80.4 93.3 77.9 88.9 92.1 -999.0 -999.0 -999.0 85.7 86.5 84.4 84.7 110.2 -999.0 -999.0 -999.0 -999.0 -999.0 -999.0 -999.0 -999.0 -999.0 -999.0 -999.0 -999.0 -999.0 -999.0 122.5 120.4 123.3 123.1 120.1 122.6 124.4 123.9 124.4 124.4 124.1 120.1 125.7 123.0 123.4 119.3 122.9 124.6 126.0 125.7 126.3 124.2 124.5 126.5 126.6 126.1 126.6 125.4 126.6
79.9 92.4 90.4 79.3 80.2 79.8 80.8 80.2 80.4 78.8 81.0 78.8 79.5 85.7 80.3 85.8 78.4 93.0 82.4 92.4 81.1 89.4 85.0 94.9 81.5 88.4 81.9 87.2 80.6 90.8 77.9 86.5 89.2 81.8 85.6 80.8 85.0 86.0 84.6 85.2 104.0 81.7 81.9 82.7 81.7 78.8 -999.0 84.6 80.8 93.8 93.2 98.9 86.6 121.7 113.3 122.5 119.2 123.4 123.2 119.4 123.5 123.7 125.4 125.0 124.7 124.4 123.9 124.1 124.0 123.7 125.1 124.0 125.6 125.8 126.0 124.0 124.0 125.9 130.4 126.0 125.8 126.6 126.1 125.1
74.4 75.6 77.8 79.3 80.7 79.5 80.5 80.2 80.2 78.7 81.0 78.8 79.1 85.7 80.3 85.5 79.0 93.0 83.3 92.7 80.9 89.5 85.3 95.4 80.9 88.3 81.7 87.4 80.4 91.1 77.9 86.0 92.1 81.9 85.6 81.1 85.7 86.1 84.4 82.7 109.6 82.3 82.4 82.3 81.6 78.7 81.6 83.4 81.1 92.0 90.8 96.3 84.5 115.1 113.3 121.8 109.5 76.1 121.7 119.7 125.5 121.9 126.3 123.7 124.2 122.8 124.0 123.5 124.8 122.8 125.4 126.8 126.7 124.9 125.2 122.1 126.6 124.8 125.9 125.5 126.2 126.8 126.5 125.9
71.4 76.1 73.1 76.8 78.0 79.2 81.9 80.8 81.0 75.6 81.1 79.3 81.2 81.9 80.4 76.4 76.3 77.8 78.9 80.6 81.7 83.8 84.0 82.6 84.2 82.7 82.8 82.4 81.4 78.6 76.9 72.6 77.6 81.9 85.6 81.3 82.2 83.8 85.5 83.8 84.1 82.4 81.9 82.5 81.7 78.7 80.7 83.0 80.8 91.6 93.2 96.7 86.6 115.8 113.3 104.6 117.8 76.0 122.0 116.9 121.2 113.6 123.5 119.2 122.6 116.6 123.1 107.7 111.2 120.2 123.5 123.3 123.6 123.1 122.9 121.7 123.8 122.1 124.2 124.3 125.8 122.6 124.7 124.5
71.8 72.7 77.9 75.0 76.5 76.9 78.7 80.6 80.0 80.3 82.9 80.4 82.6 83.4 79.9 78.5 77.5 77.7 78.9 79.1 81.2 83.3 83.9 84.2 85.7 84.0 85.2 84.2 83.9 80.4 76.8 73.1 81.4 82.4 82.3 83.3 82.7 85.2 85.1 84.0 85.2 85.3 84.2 80.8 81.0 78.3 81.0 79.3 82.3 84.9 82.2 83.4 76.8 82.0 83.6 78.7 77.8 76.0 79.3 78.2 76.9 66.2 58.7 86.9 65.3 79.1 84.5 86.2 81.7 97.8 105.7 111.4 118.1 112.4 120.2 115.6 120.3 118.9 120.6 117.7 120.2 110.1 119.8 101.4
70.3 71.8 70.7 74.8 75.9 76.5 77.4 81.8 80.4 83.3 81.5 80.7 80.8 82.7 82.4 80.5 84.2 79.7 78.0 80.6 80.5 83.4 85.2 84.1 85.4 85.3 85.3 83.2 83.9 82.3 79.6 73.8 81.9 83.0 82.8 85.6 84.4 85.8 86.3 84.5 85.1 84.8 87.4 85.5 80.5 80.3 76.4 78.7 82.2 84.3 83.1 82.2 80.7 81.3 81.4 77.3 75.6 75.3 73.3 76.7 75.8 61.6 56.7 59.7 61.3 64.0 66.8 66.4 67.4 68.0 67.8 73.4 61.6 59.2 61.7 84.5 74.6 98.2 82.6 95.0 45.5 57.9 38.4 44.4
67.8 70.5 70.3 72.4 75.0 74.0 77.7 81.3 81.0 82.3 82.1 82.0 82.4 82.7 82.6 82.0 79.2 80.7 78.9 79.4 81.2 84.4 85.1 84.8 89.6 89.2 86.0 84.0 81.4 84.4 83.8 83.3 81.0 83.2 82.9 86.6 84.5 85.7 87.2 83.7 85.2 84.8 85.7 85.6 81.6 81.9 81.7 83.9 82.0 83.9 83.6 83.2 82.5 81.4 83.3 82.8 78.6 74.9 74.5 78.0 74.2 66.2 60.3 63.6 59.5 63.2 64.3 65.1 67.5 68.9 69.0 69.3 63.5 52.1 53.9 66.0 60.8 59.4 55.0 49.2 45.4 54.1 40.0 41.9
69.4 70.2 70.5 70.7 73.6 73.2 75.2 79.4 77.9 80.3 82.8 82.1 83.1 82.6 84.6 82.4 84.2 82.0 79.4 79.6 81.3 83.4 90.6 85.7 89.3 88.6 86.6 86.3 84.9 86.0 83.3 85.5 81.8 83.1 83.3 85.2 85.5 85.4 86.2 87.7 85.5 85.5 85.0 80.7 86.4 82.7 82.9 83.7 83.1 82.8 81.8 81.7 81.2 82.9 82.0 88.1 78.5 77.0 79.8 77.2 70.9 70.6 64.9 62.1 63.1 63.2 66.6 70.6 69.4 69.2 68.9 70.6 62.9 58.0 56.3 70.5 59.9 59.7 57.5 46.6 45.4 54.7 43.3 41.4
67.7 69.8 70.0 71.2 71.3 73.1 74.0 76.2 75.0 79.5 80.0 82.1 79.5 84.1 85.5 84.4 84.3 83.6 82.6 81.5 83.4 86.6 89.0 82.5 92.4 88.6 86.3 87.9 85.5 84.1 85.5 85.7 81.5 82.7 83.1 87.4 85.8 85.1 88.4 87.0 85.2 86.6 85.4 85.2 82.0 82.4 83.4 81.4 83.3 82.2 81.6 82.1 84.3 83.2 82.5 83.3 79.0 79.0 79.4 77.5 72.6 71.9 68.2 62.3 66.7 66.9 70.1 71.2 74.0 71.6 71.2 69.0 63.4 61.2 58.1 68.1 60.8 61.0 53.1 46.9 49.7 55.2 42.6 40.8
66.1 69.5 69.2 70.6 71.7 72.3 74.8 74.7 75.3 75.9 81.0 80.0 81.6 82.3 83.8 84.0 86.8 84.2 85.4 81.3 84.0 84.7 84.6 84.9 87.0 87.1 87.8 86.3 85.4 83.0 83.3 81.0 83.3 83.5 83.0 88.2 87.8 85.6 85.9 85.4 85.0 85.5 84.2 88.0 85.1 83.8 82.9 82.1 81.0 83.6 82.2 79.3 82.8 82.5 82.1 83.7 81.0 79.8 79.4 78.1 73.6 72.1 70.0 69.5 69.9 69.7 70.5 72.8 73.6 74.2 72.4 68.8 65.6 62.5 62.8 67.1 61.6 61.2 57.1 49.4 51.8 56.0 43.7 42.6
69.0 69.0 70.0 69.1 70.8 69.0 73.3 72.0 72.9 75.5 79.0 81.6 81.6 83.4 84.5 84.5 85.9 83.9 84.8 82.4 83.5 85.0 85.7 85.1 86.3 88.4 85.9 87.5 84.9 85.5 85.7 84.0 83.7 83.9 82.6 79.2 90.8 85.5 86.4 82.1 85.8 86.4 85.5 85.0 85.2 82.6 83.2 82.2 84.9 82.2 81.4 83.8 81.4 82.5 82.1 83.6 80.1 81.5 79.1 78.5 75.0 75.4 72.2 70.8 70.1 72.4 76.1 75.0 74.5 72.8 69.8 70.0 67.5 64.2 66.0 64.3 62.7 60.0 61.0 54.7 54.6 56.6 47.5 42.2
66.9 68.0 68.3 69.9 70.4 70.3 72.0 70.7 73.3 75.3 75.2 80.3 82.0 83.3 84.0 85.2 88.2 84.6 86.7 84.0 83.3 85.7 86.0 86.1 88.5 88.4 88.2 87.9 86.7 86.4 86.1 84.7 84.4 82.2 84.3 84.2 87.5 84.8 85.8 85.1 84.6 85.7 85.3 82.4 84.8 83.4 81.5 81.2 81.3 81.0 82.0 83.3 83.3 83.2 82.1 84.8 81.4 81.8 79.1 78.4 75.0 74.7 74.6 73.3 73.1 77.6 76.7 74.8 76.6 74.8 70.6 70.9 67.9 68.6 67.7 63.5 64.8 60.0 59.8 56.6 56.1 54.5 49.1 42.8
65.6 68.0 70.4 69.8 69.1 70.4 71.1 72.0 74.4 73.8 77.6 78.8 79.3 81.3 83.5 85.3 88.1 85.5 86.7 82.9 83.9 85.7 86.1 87.1 88.1 88.8 88.8 87.6 86.0 86.1 83.5 82.0 84.2 83.6 83.5 86.2 86.6 85.7 83.9 87.7 86.5 85.4 85.7 85.5 82.4 83.1 82.0 78.1 80.8 82.9 83.3 81.6 79.7 84.0 85.0 83.2 81.3 82.0 82.0 78.5 73.3 74.7 74.7 75.0 75.8 76.5 74.6 75.8 76.3 74.5 70.8 68.6 68.4 70.9 64.5 62.1 62.5 61.1 59.9 59.4 58.2 53.7 47.9 48.7
67.7 67.6 69.9 69.6 71.1 67.7 71.5 72.4 72.2 72.4 76.2 77.7 79.0 81.7 82.5 85.6 85.6 85.5 87.6 82.1 82.0 85.4 85.4 86.5 88.7 90.0 87.6 88.5 86.8 84.3 86.6 84.6 83.6 83.8 84.9 83.1 87.7 87.3 84.7 84.8 86.0 87.2 86.4 86.5 84.4 81.6 80.0 79.6 81.4 82.8 83.5 84.3 82.9 83.6 82.9 86.0 82.2 80.1 83.5 78.7 75.1 74.3 78.0 78.1 79.7 76.7 74.5 74.5 75.5 70.6 70.8 70.8 73.1 74.5 66.1 62.1 66.2 62.2 63.5 61.7 61.4 55.2 51.5 51.1
68.1 68.4 66.4 69.1 66.7 68.6 71.4 70.7 74.1 72.8 78.6 77.8 77.6 80.9 80.1 84.1 87.8 85.1 87.0 84.8 85.0 84.7 87.4 86.1 92.8 90.4 89.6 88.6 87.7 85.7 86.9 85.4 82.5 84.5 84.0 85.4 88.6 86.6 86.1 86.4 85.1 87.4 85.0 85.6 84.5 82.2 83.6 82.2 81.4 84.8 82.7 85.3 82.4 83.5 83.9 84.3 81.4 80.4 77.3 77.1 75.8 76.2 76.5 79.4 78.8 76.8 76.0 74.7 75.4 70.3 70.4 70.8 74.4 77.3 65.1 65.0 64.4 64.2 66.8 65.5 66.9 57.4 54.4 52.0
68.1 67.2 69.2 69.9 72.0 72.4 72.3 76.6 73.1 73.9 75.3 77.6 79.8 81.1 81.5 83.4 85.8 86.3 86.7 84.2 84.7 84.8 83.0 87.4 88.5 89.8 88.2 87.6 87.0 87.1 86.1 84.7 84.9 83.4 83.3 86.1 84.7 87.0 87.2 88.0 85.8 87.4 86.2 86.5 86.6 83.4 84.2 84.9 81.3 84.3 82.4 84.1 83.7 83.2 84.3 83.7 82.6 83.0 78.7 74.9 75.4 77.5 77.1 78.5 74.7 75.5 74.9 73.1 71.2 70.3 71.0 73.5 76.8 80.5 65.7 63.8 63.8 65.2 68.0 69.1 68.4 62.0 54.4 52.9
67.7 68.4 67.8 69.0 74.8 70.1 72.4 71.5 71.5 74.7 76.4 76.6 78.0 79.4 81.1 83.8 83.3 87.1 86.4 83.5 82.7 83.3 87.7 89.5 87.8 89.2 87.5 88.5 86.1 86.8 86.2 83.2 83.7 83.1 82.3 84.4 84.9 85.5 88.5 86.4 85.1 84.9 86.9 85.1 88.3 83.4 83.8 84.3 82.7 85.1 82.7 81.4 82.5 84.3 83.1 84.1 82.4 82.8 79.8 74.1 74.6 78.3 76.1 77.1 77.9 75.3 72.5 69.4 70.8 70.3 73.7 75.6 79.7 84.2 65.8 64.0 63.7 67.9 70.1 70.0 65.9 68.1 56.0 55.6
68.5 67.9 65.7 67.7 67.8 68.9 71.8 71.1 69.7 73.2 72.3 76.6 76.3 79.6 78.7 84.2 82.9 87.7 86.1 85.6 82.6 83.3 86.3 87.7 87.2 90.2 86.5 87.0 87.2 86.0 85.0 84.0 82.1 82.7 82.0 83.0 86.2 82.5 88.8 85.4 85.2 86.6 86.0 85.1 84.1 84.9 84.3 85.4 83.5 82.8 81.6 81.6 83.0 84.0 85.3 84.0 81.5 83.4 80.8 71.5 78.1 77.1 76.4 80.5 79.0 77.4 71.7 70.3 70.9 70.7 75.8 79.8 84.9 83.3 67.3 65.2 67.1 69.6 68.3 73.0 71.5 69.3 59.7 60.2
67.0 66.4 67.3 69.7 69.4 70.4 71.5 72.4 74.7 74.4 74.4 75.1 76.6 80.6 80.0 80.2 82.6 85.9 84.1 85.2 82.9 83.4 83.5 86.7 86.7 88.3 88.3 86.9 87.1 86.5 83.7 84.1 85.4 81.5 80.5 82.6 86.6 81.5 87.1 85.5 86.5 87.6 85.1 84.7 86.2 85.4 85.5 85.3 85.6 83.0 83.8 81.9 84.2 83.2 84.6 82.9 80.4 82.0 78.0 70.3 77.3 77.6 76.4 81.3 81.5 79.7 72.5 72.2 70.7 72.7 77.0 81.7 82.2 82.8 64.4 65.3 66.3 72.2 70.8 74.6 70.7 68.0 66.2 59.2
66.6 65.6 67.7 68.1 68.8 69.2 70.9 71.6 72.6 74.2 74.0 73.8 76.3 78.8 81.8 75.5 80.6 85.3 85.6 84.8 82.9 83.1 84.9 88.4 87.4 88.7 87.9 87.9 86.3 88.7 84.7 83.2 80.4 82.9 82.8 82.4 85.5 82.5 86.7 86.2 84.3 88.0 84.6 85.4 86.4 83.5 85.7 85.5 84.4 83.5 83.2 81.8 80.8 81.9 82.0 83.2 80.7 82.5 82.3 68.3 78.3 78.5 77.3 81.6 82.1 82.9 76.9 74.5 74.5 75.9 81.8 83.6 85.4 81.1 63.4 67.1 68.9 70.6 73.2 76.2 69.0 71.9 64.2 62.7
67.4 66.7 67.2 68.6 69.3 70.7 71.4 72.0 73.7 74.5 74.3 76.0 77.0 79.0 83.3 80.5 82.7 81.8 85.7 84.4 80.1 83.4 85.1 89.8 86.8 88.0 90.3 87.2 88.3 86.1 83.9 84.1 81.0 79.9 80.4 79.3 85.4 82.3 83.9 86.4 87.3 87.9 86.8 85.2 89.4 84.2 85.0 84.6 83.4 83.0 85.6 82.9 81.7 82.6 84.7 83.8 82.5 83.3 80.0 67.9 80.4 77.5 80.2 82.3 80.9 82.2 79.8 77.3 76.3 79.1 80.4 85.6 82.5 70.4 66.1 67.2 69.9 69.6 70.5 73.0 70.7 74.6 68.3 67.0
65.5 66.0 68.7 69.0 71.0 70.6 71.4 71.0 73.7 74.2 74.1 76.2 75.8 79.9 75.3 79.1 80.1 79.9 83.2 84.4 78.9 82.0 84.6 82.4 89.6 87.1 83.2 87.5 86.3 88.2 84.6 83.7 82.3 81.4 79.6 78.7 89.3 82.5 81.7 85.1 84.0 87.1 86.8 84.9 85.8 82.3 86.4 84.8 85.5 83.8 84.0 84.4 84.6 82.8 84.1 83.3 83.7 82.9 83.5 67.3 79.9 76.8 81.4 83.1 82.3 79.7 81.9 80.5 81.7 80.9 80.8 84.4 85.0 67.2 66.0 67.0 68.9 69.1 73.8 72.6 71.2 74.4 71.0 72.6
65.2 66.6 68.0 69.3 68.8 69.8 73.2 70.4 71.4 72.8 74.3 76.2 74.4 78.3 83.2 78.1 82.3 80.4 82.6 83.9 81.3 82.2 85.0 86.5 88.0 87.5 81.1 88.6 87.2 88.3 83.6 83.8 80.6 81.0 79.3 80.2 79.9 82.4 81.8 86.1 82.7 86.9 85.1 85.6 85.0 83.5 86.1 84.7 83.4 84.6 84.6 84.6 83.4 81.8 85.8 84.1 81.2 83.3 74.5 68.7 80.6 76.5 83.9 82.8 81.7 81.8 82.6 81.4 81.5 81.9 82.9 84.9 82.4 68.2 63.5 68.1 70.5 71.6 74.1 74.2 72.0 73.6 78.2 74.8
64.0 65.9 67.6 69.5 69.9 69.8 73.1 71.8 73.9 74.1 74.8 74.2 76.7 77.8 78.2 78.8 80.6 81.2 78.8 83.8 81.1 81.7 82.0 87.9 86.3 87.2 91.6 88.1 89.4 87.2 85.7 83.9 76.7 80.8 79.4 80.1 82.7 82.3 80.7 83.6 85.9 86.6 86.0 84.4 87.1 83.8 82.6 85.1 81.4 85.3 83.6 84.5 84.5 82.2 84.8 85.1 81.7 82.0 74.2 69.2 81.2 75.7 83.6 82.8 81.0 80.9 81.4 81.8 84.7 82.4 83.3 82.3 81.9 67.0 67.8 71.0 69.0 72.4 74.4 75.1 72.8 78.7 78.3 76.4
66.2 65.2 68.4 67.3 72.7 69.0 73.0 70.6 73.1 74.9 74.2 74.3 76.2 79.4 79.8 78.3 82.0 81.6 79.0 83.8 79.5 81.8 84.7 85.3 88.4 85.8 88.0 88.6 86.5 86.3 86.4 84.2 86.5 81.6 80.2 80.0 84.6 80.4 82.0 81.6 83.7 87.3 87.5 84.5 85.2 84.8 83.8 84.7 81.4 83.1 82.9 84.4 84.4 83.1 84.1 83.8 84.1 81.2 72.7 74.2 81.1 75.9 81.1 82.9 78.0 83.6 83.4 82.1 83.0 82.6 82.2 81.3 79.9 67.8 69.1 72.9 67.4 72.7 73.3 75.5 74.3 79.1 79.7 77.8
65.8 66.4 66.2 68.7 71.0 70.3 72.9 72.1 73.1 74.2 75.4 75.4 75.5 77.5 80.0 78.6 80.0 81.4 78.9 81.3 81.0 81.8 82.8 83.6 86.9 86.8 86.8 88.1 86.6 85.7 84.3 81.8 83.2 81.1 80.7 81.8 83.1 80.8 80.5 82.3 85.2 86.5 86.4 85.1 83.7 84.0 83.2 84.5 87.7 82.5 83.2 83.3 86.4 83.7 84.6 84.5 82.8 80.5 68.3 77.9 81.6 76.3 83.9 81.3 82.6 83.8 82.9 82.0 82.4 82.4 82.7 81.5 78.0 68.6 66.2 72.8 73.1 72.7 74.1 73.3 74.1 79.6 80.6 79.2
65.6 65.3 67.0 69.6 69.7 70.9 72.7 73.4 73.4 74.6 73.9 74.7 75.4 76.4 77.5 79.5 80.1 80.0 78.7 79.7 82.8 82.2 83.4 84.7 86.1 86.0 86.9 87.3 86.1 85.1 85.0 82.7 78.6 81.4 82.5 82.5 79.9 81.8 84.3 81.8 79.7 86.9 86.2 86.4 84.6 82.0 82.8 83.2 79.3 83.3 82.6 83.1 83.7 81.3 83.3 83.0 75.6 79.1 68.4 79.2 80.2 77.0 82.5 82.6 81.6 83.5 82.0 81.6 82.2 81.7 83.9 81.8 76.0 69.5 69.3 72.7 72.9 73.4 75.6 73.6 75.5 76.5 79.7 80.5
68.2 66.9 69.0 69.8 69.9 70.6 72.1 72.2 75.9 76.2 76.6 74.6 76.5 76.3 79.4 79.3 80.8 79.0 80.7 79.3 81.6 82.5 83.5 84.1 88.3 86.3 85.0 87.3 87.5 84.2 84.4 83.1 85.9 81.9 81.2 82.7 82.4 81.8 83.3 81.5 81.5 85.4 87.0 86.6 88.9 85.0 83.5 82.8 81.3 84.2 82.6 82.9 77.0 82.2 84.0 83.0 78.3 78.0 69.4 81.8 81.4 76.5 81.9 82.6 83.4 82.8 80.7 80.4 84.1 83.7 78.9 81.7 72.8 70.3 69.6 72.6 72.7 73.8 78.9 74.3 77.1 77.6 81.2 80.0
66.2 67.6 67.3 70.4 70.1 72.3 72.2 72.1 72.5 75.8 75.9 76.1 76.3 76.2 79.8 80.3 80.4 77.4 81.0 79.5 77.9 81.1 82.4 83.5 85.4 85.5 85.6 87.5 86.1 83.5 82.8 84.1 85.0 81.5 85.0 81.9 81.8 82.2 82.4 80.3 84.2 86.1 85.3 86.9 83.9 84.2 83.4 82.1 89.1 83.0 81.2 83.2 81.3 82.7 82.9 82.8 83.2 78.2 68.4 81.4 80.4 75.8 82.6 83.2 82.8 82.3 84.3 83.1 84.2 83.1 80.9 79.7 71.3 69.7 71.2 73.5 75.1 73.2 79.1 75.1 76.3 75.7 80.2 79.8
