morphological_analysis/input_data/surveys/q15_2/matrix_q15_2s7.txt
north:            -537.50
south:           -1267.50
east:             2691.00
west:              -93.00
rows:                 148
cols:                 278
null:              -999.0
[rows 0 to 37 of 148, columns 0 to 83 of 278]
65.6 68.7 76.9 78.3 82.5 86.5 85.7 84.5 83.3 83.8 79.7 76.0 66.5 65.3 66.9 61.5 60.9 62.5 63.5 66.9 71.4 70.5 65.1 67.3 75.3 72.5 78.3 80.7 71.5 75.6 83.7 72.7 70.7 77.4 74.6 81.6 -999.0 -999.0 -999.0 -999.0 73.1 76.5 75.1 79.6 72.6 76.8 70.9 76.0 80.6 84.7 95.3 81.4 78.9 87.8 85.3 88.4 91.7 89.1 90.1 79.3 73.6 74.4 63.7 61.1 71.5 70.2 69.3 62.9 75.3 66.0 61.5 63.3 62.7 48.1 42.3 46.3 44.4 53.5 49.5 59.2 61.5 58.5 46.5 47.7
65.7 68.9 76.7 78.4 81.2 86.3 86.6 84.5 83.7 84.0 79.0 76.2 66.8 65.6 66.1 61.7 59.0 62.6 61.5 67.0 71.6 70.6 64.2 67.4 75.4 72.4 78.3 80.7 71.8 75.5 83.3 72.8 70.4 77.4 73.5 80.1 -999.0 -999.0 -999.0 -999.0 76.5 82.3 77.9 79.5 73.1 76.9 69.5 76.4 79.8 84.8 96.1 81.4 78.4 87.8 85.7 88.4 91.4 89.1 90.2 79.3 72.7 74.4 64.3 61.2 72.2 70.2 69.7 62.8 75.8 66.0 61.5 63.7 62.2 48.4 42.6 46.1 44.6 53.1 49.2 59.4 61.4 58.5 46.3 48.0
65.3 69.5 77.7 79.4 84.5 88.3 86.2 85.7 83.0 81.5 78.4 75.9 67.0 69.0 72.2 71.7 74.4 68.8 71.7 71.2 71.7 71.4 64.5 68.6 74.9 72.5 78.6 83.7 77.1 78.3 84.4 74.6 76.4 78.0 75.2 109.0 -999.0 -999.0 -999.0 -999.0 74.6 80.7 77.5 80.9 77.8 78.8 76.1 79.1 83.3 87.7 93.7 84.4 82.4 87.1 94.0 91.2 92.5 90.2 90.0 81.9 76.7 76.2 67.2 63.8 73.2 72.0 70.7 67.7 77.5 66.5 64.5 64.5 64.4 48.3 44.0 48.9 44.5 52.5 54.3 58.4 64.0 58.1 48.0 64.2
92.5 75.8 78.1 82.7 84.2 89.1 87.1 88.2 82.7 82.5 83.7 81.6 90.7 87.6 91.8 90.3 94.6 88.0 72.9 84.9 86.0 80.1 78.3 71.6 73.4 73.2 77.5 82.5 74.4 78.0 84.3 79.6 72.8 79.5 108.9 110.2 -999.0 -999.0 -999.0 -999.0 74.3 112.9 74.4 81.4 78.9 79.8 75.7 80.2 87.7 87.4 90.8 88.2 84.8 87.4 92.9 95.0 93.1 90.9 91.5 84.1 77.7 77.2 69.9 70.9 75.6 71.8 70.9 68.5 81.2 66.4 67.0 65.2 64.3 50.3 46.1 48.4 46.0 55.6 49.3 61.1 66.2 59.1 61.0 88.8
87.4 76.2 78.0 82.9 84.3 89.1 86.9 88.4 82.8 82.6 82.9 81.9 86.0 88.3 88.5 91.2 90.8 88.9 92.7 85.7 83.2 103.4 75.6 99.2 103.6 93.8 98.2 89.1 102.0 84.4 95.5 85.0 96.5 95.7 102.1 -999.0 -999.0 -999.0 -999.0 -999.0 -999.0 114.5 111.3 89.1 80.0 83.3 74.6 80.9 86.6 90.1 90.8 93.4 88.3 89.2 93.7 97.5 94.1 90.6 90.5 84.1 79.4 80.9 70.9 74.5 75.2 72.0 74.4 69.1 80.0 66.6 68.5 68.1 65.2 55.2 51.4 52.9 53.1 60.8 60.3 63.5 67.6 67.0 90.2 101.9
92.6 -999.0 78.1 -999.0 84.2 -999.0 87.1 -999.0 82.7 -999.0 83.8 -999.0 90.7 -999.0 92.0 -999.0 94.7 -999.0 97.9 -999.0 86.0 104.7 78.3 101.0 97.8 94.8 94.0 89.5 97.0 84.7 93.5 85.2 93.2 97.1 108.9 -999.0 -999.0 -999.0 -999.0 -999.0 -999.0 -999.0 104.0 106.8 107.3 86.6 76.3 80.4 87.4 93.5 87.9 94.2 91.9 90.1 93.6 98.5 94.9 91.2 91.7 85.5 82.9 83.0 76.5 75.2 76.7 74.1 73.4 68.5 81.8 69.0 67.8 70.7 67.6 71.5 77.9 77.6 83.3 83.0 81.5 84.8 82.1 85.8 99.7 113.0
-999.0 -999.0 -999.0 -999.0 -999.0 -999.0 -999.0 -999.0 -999.0 -999.0 -999.0 -999.0 -999.0 -999.0 -999.0 -999.0 -999.0 -999.0 97.9 -999.0 -999.0 -999.0 -999.0 -999.0 103.7 -999.0 98.2 -999.0 102.1 -999.0 95.6 -999.0 97.1 -999.0 -999.0 -999.0 -999.0 -999.0 -999.0 -999.0 -999.0 -999.0 111.3 107.4 102.2 114.8 76.0 80.4 87.3 114.2 118.3 96.7 103.4 91.1 93.9 100.5 94.7 94.2 94.3 92.2 83.2 95.8 76.9 80.7 75.5 78.9 72.3 73.9 80.4 93.2 96.5 97.8 103.1 102.0 103.9 105.8 106.1 105.5 103.4 104.4 103.3 106.5 107.6 121.1
-999.0 -999.0 -999.0 -999.0 -999.0 -999.0 -999.0 -999.0 -999.0 -999.0 -999.0 -999.0 -999.0 -999.0 -999.0 -999.0 -999.0 -999.0 97.9 -999.0 -999.0 -999.0 -999.0 -999.0 -999.0 -999.0 -999.0 -999.0 -999.0 86.4 -999.0 -999.0 -999.0 -999.0 -999.0 -999.0 -999.0 -999.0 -999.0 -999.0 -999.0 -999.0 -999.0 -999.0 107.4 116.9 76.3 -999.0 87.4 117.4 112.1 97.1 101.1 91.1 106.3 121.6 123.3 120.7 122.8 121.5 122.2 119.6 121.3 117.6 120.1 115.9 120.4 115.7 119.1 115.9 119.5 117.4 121.4 119.0 120.1 119.1 117.5 118.8 120.0 119.0 121.2 118.6 120.3 124.3
67.9 -999.0 80.8 -999.0 -999.0 -999.0 -999.0 -999.0 -999.0 -999.0 -999.0 -999.0 -999.0 -999.0 -999.0 -999.0 -999.0 -999.0 -999.0 -999.0 -999.0 -999.0 -999.0 -999.0 -999.0 -999.0 -999.0 -999.0 -999.0 86.4 -999.0 -999.0 -999.0 -999.0 -999.0 -999.0 -999.0 -999.0 -999.0 -999.0 -999.0 -999.0 -999.0 -999.0 -999.0 -999.0 -999.0 -999.0 -999.0 -999.0 118.3 -999.0 103.4 -999.0 122.5 122.8 123.3 121.9 124.0 123.3 123.6 123.2 123.4 124.1 123.4 123.7 121.2 124.6 124.7 123.3 123.0 127.3 125.1 124.2 124.4 124.3 124.0 124.3 126.4 123.8 127.2 125.1 127.4 125.6
67.2 65.9 77.9 67.0 -999.0 63.8 66.1 66.0 64.4 66.3 68.0 68.3 67.6 77.9 73.8 81.3 73.0 87.0 75.3 84.3 73.2 89.7 80.2 94.9 75.7 83.6 79.4 84.9 79.2 86.4 75.7 93.8 89.3 -999.0 106.5 -999.0 83.3 84.4 84.1 84.4 101.2 -999.0 -999.0 -999.0 -999.0 -999.0 -999.0 -999.0 -999.0 -999.0 -999.0 -999.0 -999.0 -999.0 122.4 -999.0 123.3 123.6 123.3 122.8 122.0 121.8 124.6 124.0 124.3 123.6 125.7 123.9 124.9 124.8 124.6 126.5 125.4 125.2 125.9 124.9 124.6 123.2 125.6 123.8 125.7 124.9 127.4 123.9
67.9 65.6 80.7 66.8 -999.0 64.2 66.1 65.8 64.7 66.4 68.1 68.4 68.1 77.0 73.9 80.5 74.0 85.1 75.2 83.0 73.6 87.6 79.6 92.9 75.7 83.5 80.5 84.2 79.7 83.7 75.1 91.0 87.2 83.6 102.3 80.7 83.3 84.3 84.1 84.1 97.6 80.7 86.6 80.7 79.2 81.0 77.1 82.1 80.7 90.7 83.5 89.0 85.3 118.8 118.9 -999.0 123.3 123.5 122.8 123.5 122.6 122.2 123.9 125.0 123.4 123.0 124.7 124.3 123.3 124.8 124.9 126.9 125.6 125.4 126.0 124.0 126.5 124.4 126.0 124.8 127.1 124.7 127.4 125.6
64.4 65.6 67.0 66.9 66.4 64.2 66.1 65.8 64.4 66.4 68.0 68.4 67.6 77.1 73.8 80.3 73.0 85.1 75.3 83.2 73.2 87.6 80.2 93.5 75.7 83.5 79.4 84.3 79.2 79.1 75.7 90.3 89.3 83.4 106.5 81.0 83.3 84.3 84.1 84.2 101.2 81.4 86.0 81.1 80.0 80.9 77.2 81.7 80.7 89.0 83.5 87.6 84.2 112.5 122.1 80.7 114.6 121.8 123.3 122.8 122.7 122.7 121.2 122.8 122.7 123.1 121.9 122.8 122.7 124.3 125.0 126.0 124.4 125.1 124.3 123.2 125.9 124.7 125.6 124.9 127.3 125.8 127.4 125.1
61.9 64.2 70.0 66.0 67.0 66.6 66.1 64.7 65.9 66.7 68.7 69.1 70.3 71.9 74.5 75.6 77.7 74.6 75.0 76.4 75.2 75.8 77.3 82.8 75.9 83.0 85.2 81.2 81.6 78.6 72.6 75.0 78.8 83.5 85.3 81.1 83.2 83.7 83.5 82.7 83.9 81.6 86.6 81.6 79.2 80.9 77.1 81.7 80.7 88.2 83.5 87.6 85.3 113.3 102.3 80.6 114.4 115.9 121.6 114.9 122.8 87.9 123.6 116.9 118.9 107.4 125.2 118.6 126.6 119.5 125.5 122.8 123.9 121.3 122.1 122.7 123.1 122.4 124.8 123.0 123.3 123.4 124.4 121.1
65.5 66.9 64.9 65.9 66.4 67.2 64.6 65.2 65.2 64.3 67.5 68.7 67.4 70.0 73.0 74.1 72.3 75.6 75.8 77.2 77.3 75.1 76.5 79.0 82.9 82.6 87.0 83.3 82.8 80.7 76.0 74.4 79.8 83.1 82.5 83.4 84.4 83.9 83.7 84.6 84.0 85.9 83.8 82.5 83.1 80.4 77.6 79.9 80.6 82.9 83.7 80.0 79.8 81.3 81.0 80.5 76.0 75.8 76.0 77.2 77.1 62.8 56.9 82.5 71.4 78.0 67.1 85.2 73.6 102.6 93.2 111.8 116.5 109.8 117.9 112.4 121.3 115.8 122.0 116.0 120.9 114.1 113.2 85.1
63.7 66.0 70.1 68.5 69.4 66.0 65.1 65.2 65.4 65.2 66.2 68.8 69.8 71.3 70.8 72.7 73.9 74.3 76.5 79.2 78.1 77.9 73.8 77.4 86.3 83.5 86.4 85.9 84.1 83.0 79.7 78.0 80.3 85.6 82.8 85.1 82.5 86.1 84.7 85.5 84.4 87.5 85.3 83.0 84.5 79.5 78.2 80.7 80.7 82.5 84.4 80.4 80.4 81.2 79.6 79.6 76.5 74.6 73.9 75.6 74.2 60.4 61.2 65.3 68.4 68.6 67.3 69.1 72.1 73.9 73.5 73.8 67.4 68.5 62.0 80.5 66.4 84.0 64.2 84.3 62.2 61.1 61.4 53.7
64.9 64.4 60.8 67.7 66.9 66.7 65.9 64.3 60.1 65.5 67.6 68.2 68.9 69.0 72.5 70.5 69.7 74.9 76.0 76.7 78.5 78.5 76.4 76.1 81.7 86.6 85.9 87.6 84.7 84.3 82.5 80.9 83.6 84.1 84.9 84.0 86.5 86.2 84.6 86.8 84.8 88.6 86.6 84.0 87.2 80.7 80.8 80.8 81.3 81.9 83.2 81.0 83.1 83.4 80.1 78.8 78.8 74.0 76.3 75.7 73.5 65.0 63.4 66.4 71.7 71.8 68.9 69.7 73.2 71.9 72.2 71.5 70.4 66.0 64.1 68.4 63.7 63.0 65.9 63.8 61.9 58.4 58.4 53.8
65.5 68.4 68.9 67.5 64.6 67.2 67.1 65.3 70.5 66.7 68.4 67.8 67.8 69.6 71.0 70.1 71.1 73.1 76.0 78.5 77.7 78.2 78.9 76.4 78.7 86.0 88.0 85.9 85.3 84.8 83.9 81.5 84.8 85.0 85.0 84.5 87.3 86.1 88.2 85.3 88.7 85.5 85.0 83.8 82.6 82.4 85.0 80.2 83.7 82.9 82.2 81.1 83.6 82.8 82.4 81.0 80.5 76.4 77.1 76.7 70.7 69.0 65.2 69.1 73.5 70.0 68.7 72.1 74.4 72.8 72.3 72.7 71.3 63.2 63.1 67.9 67.0 66.7 65.3 63.2 62.1 59.7 61.9 54.8
68.4 68.9 70.5 66.6 65.4 65.4 65.4 68.9 67.3 67.2 66.8 67.2 69.3 70.6 71.6 71.2 71.3 74.2 74.1 76.7 79.0 79.5 79.0 78.3 79.4 84.8 86.9 86.6 85.5 86.2 85.1 81.8 80.6 85.3 84.5 87.4 85.6 87.4 86.9 85.6 84.4 86.2 83.9 84.1 88.1 80.9 82.5 81.7 82.1 82.6 81.5 81.5 84.4 84.6 83.0 81.9 81.6 78.2 80.5 77.8 75.2 71.9 69.6 75.7 76.3 69.3 69.2 73.1 72.4 73.9 74.5 73.4 69.6 64.0 71.2 68.5 69.4 69.8 65.5 65.2 62.8 62.1 64.2 59.4
67.9 70.2 67.5 66.2 67.0 66.2 64.6 67.9 66.7 66.5 71.0 70.2 69.8 71.1 73.1 71.7 73.7 73.6 73.0 75.3 78.2 81.5 80.5 78.6 78.3 75.9 87.5 85.9 86.1 85.6 84.1 83.5 82.4 85.5 84.9 85.6 87.4 86.1 86.3 83.7 83.7 87.4 87.9 85.7 84.9 83.9 82.3 81.3 83.0 83.2 82.0 81.7 82.4 86.5 82.0 83.3 80.8 76.9 77.3 79.1 75.0 74.0 73.7 73.1 71.3 68.7 73.3 74.6 77.5 73.9 73.8 71.6 70.2 65.3 72.2 72.0 68.7 68.3 65.2 66.6 65.8 64.0 62.2 63.7
65.9 67.7 65.8 66.5 65.2 67.2 65.2 67.6 66.2 67.3 67.9 69.6 71.2 70.3 72.7 71.9 73.6 73.1 77.1 76.6 78.3 78.4 79.7 79.3 78.3 77.9 85.2 86.3 86.9 85.3 85.1 84.2 83.4 85.7 83.9 85.5 87.8 86.4 86.6 84.3 85.3 87.0 86.9 84.5 85.4 82.5 82.6 81.3 84.3 82.4 81.7 81.3 81.3 85.5 85.1 82.6 82.1 79.2 79.1 78.8 74.7 72.1 71.5 69.1 67.9 71.2 74.1 77.0 79.3 75.5 73.2 71.2 70.3 68.0 72.7 74.7 73.7 67.7 67.6 64.6 65.2 62.7 63.6 64.5
64.1 68.9 65.4 66.0 63.0 67.4 67.5 66.0 66.0 67.8 67.4 69.1 71.0 71.2 73.2 71.8 74.1 74.6 74.6 77.5 79.9 78.6 79.2 80.6 80.1 77.2 84.6 87.5 86.1 87.5 84.7 84.7 82.7 83.9 85.3 86.9 87.1 83.1 87.0 85.1 86.0 86.8 86.3 84.2 84.4 82.0 81.2 81.2 81.0 80.6 83.1 81.4 83.2 83.8 83.3 84.0 82.6 80.3 79.6 77.7 73.5 72.4 73.2 70.1 70.8 73.0 75.1 78.1 75.7 75.1 71.9 71.6 71.1 69.1 76.9 78.2 70.7 68.0 66.0 67.6 63.6 63.1 64.5 61.1
69.4 68.8 65.6 66.1 65.0 66.2 64.7 66.6 67.7 67.5 67.1 69.2 70.1 72.0 72.7 73.9 75.5 76.1 73.9 80.1 78.9 79.2 77.6 81.7 77.8 77.4 84.9 87.1 84.2 83.4 84.3 82.5 83.7 82.5 84.2 87.2 87.2 84.4 86.8 85.3 86.8 87.0 86.8 86.2 83.0 82.0 81.3 81.5 81.6 81.6 80.4 81.9 81.7 84.3 84.3 83.3 82.3 81.0 79.6 78.3 77.0 73.6 75.4 73.5 71.4 74.5 76.1 76.0 75.3 75.0 72.1 70.6 72.8 71.9 74.3 75.0 68.3 68.8 65.4 67.8 64.3 64.0 62.6 61.4
67.8 68.1 67.8 66.2 68.1 67.3 65.9 66.1 67.4 67.8 68.4 70.9 69.3 70.7 68.9 73.6 75.5 75.0 76.5 80.1 79.2 78.3 76.7 81.0 78.9 77.6 78.1 86.9 86.5 83.7 85.2 84.3 82.9 85.2 84.0 87.4 85.7 82.8 83.8 85.5 86.4 86.2 86.8 84.8 86.0 82.4 80.5 83.4 83.5 82.2 82.6 79.8 83.2 84.2 81.9 84.0 81.6 80.8 82.4 77.0 74.0 76.2 78.1 76.3 72.1 76.0 76.8 75.6 78.7 73.7 71.0 71.7 74.5 73.6 73.8 74.0 70.5 68.9 69.6 67.6 65.8 64.0 64.1 62.4
67.9 68.8 68.0 66.6 63.5 69.6 67.2 67.8 68.8 67.8 71.1 70.1 70.6 70.0 73.9 73.7 73.4 76.3 75.8 79.2 78.8 79.4 79.9 79.6 80.3 72.3 79.4 84.3 87.7 87.0 85.3 84.1 82.1 89.0 83.1 87.1 87.1 83.5 84.5 86.5 85.5 86.7 85.6 83.6 84.9 82.6 83.1 84.6 77.8 82.2 80.6 80.2 82.5 83.6 83.6 84.6 83.6 80.8 80.7 71.9 73.1 77.6 79.9 77.3 76.5 77.9 78.3 74.7 81.0 72.8 70.4 70.9 74.7 72.8 74.9 72.6 69.6 67.8 73.5 68.0 64.8 65.9 61.6 65.4
69.8 68.0 65.8 67.3 65.3 70.3 64.4 65.7 67.3 69.3 69.4 70.7 70.6 71.3 73.2 73.1 72.7 75.5 76.9 78.2 78.9 79.2 80.2 80.2 79.3 76.5 77.2 80.9 88.1 87.7 85.3 84.4 83.9 85.7 82.8 85.7 83.8 85.7 85.6 86.7 86.0 86.6 86.5 83.5 84.4 84.1 83.2 83.7 85.1 82.1 84.0 82.2 83.0 82.6 82.7 84.6 83.2 79.5 78.5 67.6 74.2 78.0 78.3 79.2 83.8 78.2 77.4 75.5 77.4 71.7 71.9 71.9 79.3 75.0 74.8 71.7 68.5 67.2 72.9 67.7 67.6 67.1 67.3 68.3
68.5 66.7 65.3 67.5 66.6 68.7 67.1 68.1 66.8 68.4 71.4 70.9 70.7 72.6 70.6 73.5 74.4 73.4 76.8 78.0 76.7 78.5 79.9 80.6 81.5 77.9 75.2 80.0 84.6 86.8 85.9 83.0 82.8 82.6 84.0 82.8 83.6 86.6 87.7 87.2 85.8 88.4 86.1 83.7 86.6 85.1 84.3 84.1 85.6 83.0 83.9 81.5 83.7 85.2 84.3 84.1 83.4 82.3 80.7 66.0 76.0 78.4 79.4 80.0 75.6 77.7 76.8 73.4 74.1 71.8 72.5 73.3 74.2 75.6 74.4 70.1 68.5 67.7 69.2 67.5 65.8 66.8 67.4 67.7
68.3 65.9 67.0 67.6 67.3 66.9 67.7 66.4 68.4 69.7 70.9 69.4 71.4 71.0 70.8 73.5 74.9 73.4 76.1 78.3 82.0 79.2 78.9 80.6 82.6 78.1 75.7 77.7 81.6 84.9 85.2 84.6 82.9 80.7 82.2 83.0 85.2 83.4 85.3 86.8 86.3 85.7 87.0 83.6 89.5 86.5 83.9 85.3 86.3 83.5 83.9 83.5 80.9 84.9 84.7 83.3 83.1 82.1 77.8 62.0 79.6 79.3 80.0 82.1 80.0 76.5 73.4 70.6 72.0 71.6 72.2 75.5 76.2 74.7 74.6 69.5 68.6 67.4 65.8 67.1 68.1 66.2 70.2 66.3
68.3 67.6 68.0 66.8 72.1 67.9 66.2 68.3 70.3 69.0 70.4 71.2 70.0 70.8 71.6 74.5 76.0 71.3 75.4 73.3 78.5 81.2 79.0 80.0 80.5 77.2 77.5 76.5 79.8 85.0 83.2 85.0 85.3 81.5 79.1 82.2 85.0 82.7 86.6 87.5 84.9 87.8 87.0 84.0 86.2 87.9 83.7 85.1 86.1 83.8 84.1 83.8 82.5 84.9 82.1 82.4 83.7 81.2 77.0 59.5 80.0 80.8 80.6 81.2 81.9 78.4 75.3 72.5 71.3 71.7 73.6 78.1 76.9 73.3 70.7 69.9 68.5 68.4 67.8 67.5 68.2 67.5 68.8 67.3
71.5 68.9 66.8 67.2 69.1 68.4 66.6 68.7 69.2 68.4 69.4 71.3 73.7 71.9 71.8 73.7 73.3 73.8 75.7 74.5 78.2 78.0 78.8 80.0 79.4 76.4 73.6 77.3 77.5 84.8 84.6 84.3 82.4 84.3 80.0 82.4 84.3 82.9 86.1 87.1 85.1 87.2 84.7 84.5 87.5 85.4 86.4 85.1 83.3 83.6 85.7 84.2 83.3 84.1 84.6 84.0 82.7 83.6 75.4 60.5 77.8 81.0 80.9 82.2 81.8 79.3 76.3 75.8 74.1 74.8 76.3 81.3 76.2 75.1 70.4 70.3 69.4 70.2 66.2 67.0 66.1 67.0 69.4 67.8
69.1 70.1 67.6 70.4 71.9 68.8 69.8 69.2 71.7 68.1 72.7 72.2 71.7 70.9 73.9 74.8 73.8 73.0 75.8 79.8 78.5 78.2 77.8 77.6 79.4 76.8 73.2 75.9 77.0 82.9 83.2 84.5 83.2 84.2 80.5 79.5 85.0 83.2 83.9 87.7 85.6 87.0 86.8 83.8 86.1 84.0 85.0 85.0 84.5 83.4 85.3 84.6 84.8 83.1 81.7 84.9 82.4 82.8 71.7 58.0 79.6 81.4 79.4 83.5 81.0 82.7 79.3 76.3 74.8 77.0 79.9 84.8 77.7 74.0 70.5 69.4 69.8 67.3 67.8 67.1 68.0 67.6 70.2 67.3
71.0 70.6 68.4 69.9 74.9 69.4 69.2 69.7 69.1 69.1 71.1 73.9 70.1 70.2 75.0 76.4 76.8 74.3 76.4 77.7 76.4 79.1 76.9 79.0 79.2 77.8 73.8 75.3 77.1 82.4 84.5 85.8 84.2 86.2 79.2 81.0 83.9 83.5 81.2 86.3 84.7 85.7 86.5 82.9 85.4 83.1 85.7 83.7 84.0 83.6 85.8 84.5 82.9 84.2 81.6 83.5 82.9 77.1 70.8 61.1 79.8 80.0 81.1 82.6 81.3 83.7 81.9 78.1 77.7 81.0 83.3 84.3 79.7 73.2 68.5 69.3 66.3 67.0 66.6 67.1 68.2 69.3 70.8 66.9
70.2 69.7 69.3 72.3 73.1 70.8 72.8 69.9 70.0 69.9 70.8 73.9 70.0 70.5 74.5 76.1 74.9 75.5 76.4 78.3 77.6 78.6 78.8 77.8 78.7 78.6 75.0 75.4 76.3 79.4 84.9 86.7 85.2 86.5 79.7 80.1 79.9 82.5 79.9 85.5 85.8 85.9 85.1 83.0 85.7 83.7 83.6 83.2 84.3 84.2 86.5 85.2 84.2 84.0 81.1 82.8 82.3 74.8 68.5 64.9 79.8 80.8 81.1 82.7 81.5 80.2 81.8 80.9 80.4 83.2 81.9 83.8 76.8 71.9 69.0 68.0 64.4 67.4 65.4 66.8 67.2 70.8 70.2 67.4
71.6 71.5 68.4 74.3 70.3 72.4 72.7 69.5 72.1 69.2 70.4 73.8 73.4 74.7 74.2 75.4 75.7 75.1 75.8 76.5 77.4 78.3 78.0 78.6 78.8 77.4 75.4 76.7 76.5 79.6 87.0 86.1 85.6 86.4 81.0 81.0 81.5 81.3 80.9 83.6 86.7 86.9 86.1 84.9 84.4 85.1 83.7 83.3 83.5 84.4 85.1 84.2 84.0 84.6 83.1 82.5 82.7 81.4 68.0 66.8 82.1 80.3 80.6 81.6 82.4 80.2 81.7 83.9 82.0 82.3 83.5 83.7 75.3 70.2 67.1 67.5 65.8 67.5 66.1 66.9 68.8 68.4 67.4 69.6
72.6 71.9 71.8 72.7 70.4 74.1 72.6 70.1 70.5 71.7 72.2 72.9 72.4 73.9 75.0 74.6 77.0 76.4 75.9 78.0 77.0 77.9 78.8 76.9 78.9 79.0 74.2 76.2 75.5 78.0 83.1 85.6 82.9 86.1 81.3 81.9 80.5 82.0 80.5 81.2 83.8 86.8 86.6 84.3 84.3 83.9 84.6 83.5 85.4 82.7 83.6 86.3 81.8 83.8 84.9 82.7 82.3 78.6 69.2 70.2 80.8 79.9 80.9 82.4 82.4 83.3 81.5 83.0 82.7 83.4 82.3 80.2 74.7 67.6 66.0 68.2 66.6 66.3 67.4 67.7 69.7 68.2 71.1 69.8
74.6 73.6 72.3 73.3 72.1 74.3 73.6 72.1 71.9 71.8 69.8 73.3 72.0 73.0 73.3 76.0 76.2 76.8 75.0 78.5 78.3 78.0 77.3 78.0 78.8 79.4 73.8 75.7 76.6 77.3 81.7 86.0 85.2 87.0 85.1 82.1 79.5 83.6 81.4 82.1 85.3 86.6 87.6 84.6 86.2 83.5 81.7 82.8 85.6 82.4 83.7 86.0 82.5 83.8 86.2 82.7 82.3 75.3 66.2 73.2 80.3 80.6 82.3 82.8 82.6 84.4 81.5 81.3 83.7 83.8 84.6 78.6 69.3 62.5 67.2 67.3 69.8 66.6 65.3 68.1 71.1 69.3 70.7 69.6
75.5 76.0 76.8 78.4 73.7 77.6 75.9 74.4 74.1 72.2 73.6 73.6 73.6 74.2 75.3 75.9 76.6 75.7 76.3 76.1 80.3 76.8 77.9 78.3 77.8 79.3 72.6 74.7 75.4 77.0 80.5 84.4 85.7 88.8 87.0 82.4 82.2 82.3 80.8 81.9 83.2 88.6 86.8 85.1 83.7 83.6 83.6 82.3 84.4 82.1 81.1 85.1 85.2 84.2 83.6 84.1 82.5 75.8 70.0 77.0 83.7 81.6 82.5 84.0 81.7 85.3 82.0 81.7 83.9 84.6 84.5 74.0 68.6 65.5 66.3 66.0 66.2 66.8 68.3 69.4 68.9 69.8 70.5 70.1
76.4 79.6 80.2 80.5 79.1 77.5 78.5 75.0 76.0 72.2 73.4 73.8 74.5 74.7 74.6 76.4 75.8 74.1 77.3 76.6 75.6 76.0 77.6 78.0 77.7 79.8 78.1 78.0 77.4 75.9 77.5 83.2 85.3 86.8 84.3 82.3 81.6 82.0 81.8 82.4 82.6 86.4 85.1 85.9 89.2 83.7 83.8 82.3 83.3 83.1 82.9 85.6 82.5 84.9 85.2 82.7 81.7 75.6 71.4 79.7 80.5 82.5 82.3 82.6 82.0 85.0 81.7 83.1 83.2 83.3 83.1 71.6 69.5 66.8 67.6 67.6 69.7 67.6 66.8 68.8 70.2 70.4 69.2 70.0
78.7 82.4 82.2 80.1 77.1 78.1 80.6 78.7 77.7 74.8 75.0 75.4 78.4 74.4 75.7 76.1 76.6 75.8 75.7 75.7 78.9 76.7 77.9 77.7 78.4 79.7 78.6 78.2 77.4 75.8 78.5 83.1 85.2 86.9 87.2 82.3 80.9 81.9 81.0 82.1 86.0 86.0 85.2 84.3 87.2 83.4 82.7 82.1 82.7 80.7 81.6 85.8 85.3 82.5 84.3 82.1 81.3 76.8 74.2 79.8 81.3 83.0 83.1 84.5 81.8 83.8 82.6 83.4 84.2 84.4 79.9 69.5 67.7 66.6 67.5 66.2 62.2 67.4 67.2 69.3 68.9 71.7 72.3 70.2
