morphological_analysis/input_data/surveys/q15_2/matrix_q15_2s7.txt
north:            -537.50
south:           -1267.50
east:             2691.00
west:              -93.00
rows:                 148
cols:                 278
null:              -999.0
[rows 0 to 37 of 148, columns 168 to 251 of 278]
65.7 77.0 68.9 63.3 68.8 65.5 58.2 44.1 58.1 63.1 56.9 66.1 67.0 56.8 65.0 69.6 72.1 60.8 50.4 83.5 100.1 99.9 102.1 99.8 127.4 60.9 65.2 61.8 61.8 63.7 57.7 58.9 50.8 71.3 65.9 65.6 64.4 64.5 67.3 67.8 66.5 70.8 68.9 60.0 58.8 63.2 57.8 61.3 70.7 131.3 129.6 129.1 126.8 124.6 60.0 63.6 72.6 68.5 56.2 62.9 71.4 70.8 63.5 68.6 62.0 76.5 73.5 63.0 63.3 66.1 53.1 46.0 44.4 51.6 51.4 59.9 36.7 44.4 51.2 54.5 48.8 51.8 59.6 66.5
65.6 77.6 68.7 63.8 71.8 65.4 57.4 44.1 58.3 63.6 61.6 66.8 67.0 56.9 64.7 69.6 70.7 61.0 51.7 83.5 99.2 99.9 101.9 100.5 127.3 61.0 65.5 62.0 58.8 64.4 58.7 58.9 49.9 71.3 66.8 65.8 65.1 64.6 66.7 67.2 66.6 70.9 69.2 59.6 58.7 64.6 58.2 62.0 71.8 131.5 129.7 130.7 126.7 124.7 59.1 63.7 72.4 68.5 57.7 62.9 72.2 70.8 63.6 68.7 63.0 77.0 72.3 63.7 64.4 66.2 53.1 46.1 44.6 51.6 50.9 60.0 42.7 44.6 50.6 54.8 49.0 51.7 58.7 65.7
67.7 80.0 69.8 60.8 70.9 66.3 58.6 48.3 60.1 63.8 62.1 70.4 68.6 57.8 66.1 68.5 73.1 60.9 52.7 74.2 101.8 100.7 103.1 104.1 59.6 59.5 65.5 62.5 63.2 66.7 55.5 59.2 56.2 71.0 65.1 66.2 66.8 65.5 66.3 66.0 68.7 69.8 67.6 58.3 61.3 67.9 61.9 63.2 74.0 131.7 133.6 130.1 127.3 126.4 63.6 64.1 72.3 68.2 58.4 63.9 71.9 70.5 64.7 68.8 71.5 81.3 77.4 68.6 64.0 68.1 53.9 46.7 43.8 51.0 54.0 60.1 44.0 45.8 53.1 56.4 51.7 53.9 58.5 64.9
72.0 80.9 69.3 64.9 72.7 65.2 58.9 50.9 62.9 67.1 63.8 73.4 69.7 59.8 66.5 70.8 73.0 62.5 54.3 92.0 102.8 102.4 103.8 105.2 139.7 62.2 64.9 63.9 60.6 67.9 62.6 59.5 57.9 70.8 67.8 67.5 67.3 65.7 66.3 67.3 70.2 71.2 68.7 60.3 62.9 70.0 63.6 63.8 73.8 133.1 133.6 130.3 127.8 127.5 60.4 65.8 70.1 68.3 60.8 64.3 73.6 70.3 64.8 69.9 79.0 85.6 83.1 72.9 66.0 67.9 53.1 48.8 46.2 51.2 57.1 61.4 45.8 45.5 51.4 53.9 52.2 52.3 58.5 62.9
72.3 80.6 69.3 67.5 72.7 67.5 60.8 52.7 65.8 69.1 67.8 73.3 70.4 60.4 67.5 74.8 71.4 74.7 61.8 99.6 103.9 103.7 104.6 105.6 141.8 61.2 64.1 65.9 61.1 71.0 66.6 61.1 60.5 72.9 69.0 68.1 66.6 65.7 66.4 68.5 70.6 71.5 71.5 62.7 65.1 72.6 65.3 65.8 74.7 133.9 132.2 130.6 127.6 127.8 63.2 66.8 69.9 65.7 62.0 67.4 73.9 71.1 62.7 72.5 87.9 89.4 86.8 82.5 68.8 69.8 55.9 53.7 47.2 53.0 58.9 63.0 50.5 44.5 52.5 54.6 55.9 50.6 56.0 63.8
74.2 82.9 69.4 68.9 73.6 67.4 60.9 56.0 67.8 74.0 72.9 76.6 70.9 64.7 70.1 110.2 110.9 107.0 102.5 90.5 103.7 102.0 105.6 98.1 83.9 61.0 67.9 65.3 62.1 74.2 71.3 63.5 62.1 73.7 68.2 69.4 67.0 66.1 66.3 70.8 66.4 71.7 71.8 62.8 63.7 74.2 65.5 67.4 79.9 133.9 131.7 131.1 128.7 127.9 63.9 68.7 69.6 65.9 63.1 69.8 76.2 73.7 64.8 82.4 96.1 96.4 94.3 91.2 73.9 69.7 60.7 52.7 49.0 53.7 60.9 64.2 51.8 45.6 54.8 59.1 56.7 50.7 52.9 63.5
78.0 84.0 70.5 71.6 74.1 72.7 60.8 57.1 70.0 72.7 72.9 80.3 67.0 73.5 102.0 110.2 111.0 112.2 112.3 78.8 90.8 91.4 87.7 89.1 58.7 61.6 65.9 68.8 64.3 75.1 75.7 64.5 62.0 71.0 70.0 70.7 67.6 67.8 62.8 67.4 66.8 72.9 70.9 68.3 72.4 75.6 67.4 71.4 80.4 132.5 134.1 130.1 128.8 128.0 67.1 69.3 65.8 66.6 65.0 69.2 80.3 75.9 67.2 91.5 103.4 107.7 106.9 101.3 81.0 70.7 62.4 55.6 53.0 54.5 62.0 66.1 49.3 45.6 54.7 58.4 59.9 50.3 51.4 63.5
80.5 84.6 72.0 74.7 73.7 73.1 63.3 58.6 73.9 72.8 77.7 94.4 66.5 100.7 112.9 113.0 112.0 112.5 112.7 81.2 64.6 65.3 68.0 66.8 56.7 62.0 63.6 69.5 62.6 76.3 76.5 72.9 76.2 78.6 77.6 82.7 78.1 78.7 72.4 70.8 71.8 73.3 71.9 74.7 79.6 83.6 77.2 82.2 82.3 132.2 125.0 125.7 122.6 119.7 69.9 70.3 64.0 66.8 70.1 69.3 79.9 79.1 81.5 102.7 115.0 116.8 115.9 108.8 89.5 77.7 66.6 66.4 57.7 57.2 60.8 68.5 51.4 46.3 55.0 60.7 62.3 49.5 51.2 64.9
82.8 86.4 72.7 74.8 81.8 80.9 62.8 66.7 72.6 75.7 79.6 113.0 103.2 118.4 118.5 113.5 111.7 113.1 115.1 100.3 55.0 66.1 56.6 57.6 54.3 62.9 67.3 70.5 79.4 80.0 84.9 88.4 88.5 92.0 84.2 93.2 83.0 93.2 84.9 80.3 74.9 77.2 78.5 82.1 84.8 92.2 87.1 94.0 82.5 104.9 93.3 94.8 93.6 90.3 71.5 74.9 72.6 71.6 71.8 80.5 79.1 82.6 92.2 111.4 118.9 121.0 120.0 114.9 97.6 86.6 81.5 74.2 64.2 72.1 63.1 67.2 50.8 51.6 57.9 63.0 62.8 49.0 53.1 66.3
101.5 91.2 107.6 95.1 92.4 109.7 109.6 104.2 107.9 103.6 107.5 118.2 114.8 118.5 118.6 113.5 113.1 112.7 114.3 109.3 100.7 70.0 63.9 73.3 77.7 77.1 90.0 91.4 103.1 96.1 97.8 100.9 97.3 102.0 93.8 104.6 91.4 104.4 100.4 91.3 81.4 86.3 92.9 91.8 94.1 101.1 100.5 100.8 91.5 93.2 86.6 81.6 88.0 85.9 79.4 83.4 82.0 79.4 74.6 90.7 88.6 92.5 101.4 117.6 121.1 122.8 122.0 120.0 100.7 94.3 92.6 81.2 74.2 82.5 72.8 67.8 62.9 62.4 56.7 61.3 64.0 50.0 54.9 67.3
116.1 116.5 118.8 116.8 117.3 118.2 115.7 116.6 118.8 117.7 114.9 119.5 119.3 118.5 119.6 114.3 112.0 113.3 114.8 114.9 114.1 108.1 111.5 113.3 110.8 107.3 106.2 108.5 109.8 110.5 110.9 109.6 109.1 109.4 110.2 111.3 111.1 115.6 108.7 106.2 106.1 102.9 110.8 106.2 112.0 108.9 109.1 108.6 106.0 99.6 89.2 85.0 88.5 93.8 90.0 96.6 94.9 89.0 77.3 100.3 101.8 105.8 109.5 121.8 121.4 123.8 122.5 121.5 107.3 100.9 104.0 90.3 89.3 92.0 85.2 71.0 70.3 81.1 60.5 63.3 65.0 51.9 57.2 66.2
118.8 118.8 118.8 118.0 116.4 117.2 117.7 117.8 118.3 117.9 118.8 120.5 120.2 119.5 115.4 115.0 112.7 112.0 112.3 118.4 117.5 116.0 115.7 118.9 116.5 115.9 116.4 116.1 117.7 116.6 118.6 114.6 114.0 117.8 116.2 117.2 115.7 116.8 119.0 117.4 118.5 116.8 117.6 117.0 119.6 115.1 115.9 115.2 115.6 115.3 91.3 111.0 112.2 107.3 111.3 109.7 110.4 103.4 106.0 108.5 112.1 113.7 117.1 123.4 122.1 124.6 122.0 123.7 120.0 110.1 112.4 102.0 103.4 106.5 102.2 92.0 86.1 98.7 85.7 71.9 65.6 55.8 57.8 68.3
117.9 119.5 119.9 118.1 118.2 117.9 119.5 118.4 119.0 117.0 119.6 121.2 122.5 119.9 114.2 115.4 112.9 112.9 113.1 118.1 115.5 115.9 115.5 120.5 116.1 118.5 117.1 116.6 115.6 119.1 119.9 117.6 117.1 119.0 120.1 119.7 120.0 119.9 121.4 120.9 121.8 120.7 121.9 124.2 123.2 120.9 116.4 120.2 118.1 118.9 119.3 119.5 117.7 118.5 117.4 118.6 119.0 115.8 119.5 118.2 118.8 119.9 122.3 125.7 122.1 124.0 124.9 123.4 123.4 119.5 118.1 112.4 115.3 114.7 113.7 106.0 103.2 117.4 108.9 114.2 70.9 61.0 57.7 70.9
118.5 118.5 118.5 119.4 118.8 118.0 118.7 117.9 118.9 117.3 119.8 120.4 117.9 118.8 116.5 114.3 112.6 113.3 113.7 117.9 116.0 116.3 113.4 117.3 115.8 115.9 117.5 117.6 115.7 118.4 118.3 116.5 117.9 118.1 119.8 121.2 119.5 120.7 121.8 123.3 121.8 121.3 123.0 122.4 121.6 120.7 118.9 120.4 119.8 118.9 118.6 118.6 118.6 118.5 117.5 118.4 119.3 120.1 120.8 120.7 120.3 122.7 126.9 125.6 121.3 125.8 123.7 121.8 127.6 122.9 122.2 119.4 122.3 122.3 120.4 118.3 119.1 120.4 117.9 118.3 112.6 114.0 115.2 87.8
117.6 113.3 114.9 117.6 116.6 117.4 117.8 117.5 115.1 116.5 117.0 117.8 117.1 117.1 116.8 114.9 116.6 110.3 115.0 114.5 116.9 114.3 115.6 116.7 117.0 116.7 116.4 115.0 117.7 118.5 118.0 116.3 120.4 118.1 118.7 121.6 120.6 120.3 123.4 122.5 123.2 122.1 122.5 122.1 123.1 122.4 119.0 119.5 118.7 120.9 118.6 120.7 122.2 119.4 116.2 122.5 119.9 119.3 121.4 120.4 122.9 123.8 126.5 125.7 122.2 125.7 122.5 125.0 124.4 125.2 126.6 125.7 124.4 124.3 124.7 123.9 122.1 122.4 123.6 127.3 125.1 124.7 127.0 124.2
98.0 104.3 96.4 108.9 93.8 99.1 114.0 86.3 114.7 110.8 115.9 97.2 119.9 109.7 117.5 104.5 98.2 104.6 114.3 107.7 112.1 106.5 112.3 109.4 115.8 111.8 115.6 112.7 115.5 112.1 115.5 111.7 116.7 113.3 116.4 118.6 118.0 119.1 120.4 122.0 122.7 121.8 121.2 120.7 120.0 122.2 118.5 119.5 117.7 118.9 118.3 119.5 120.7 120.2 116.7 122.9 120.0 118.8 121.2 120.8 122.8 124.0 124.9 125.3 121.5 125.2 123.0 123.3 127.5 126.7 124.3 124.7 128.6 125.0 124.1 126.0 125.6 123.2 125.2 127.4 132.8 128.5 130.3 131.2
83.0 83.7 84.6 87.7 80.9 84.0 83.6 87.0 78.1 81.7 84.1 81.8 85.6 77.4 87.5 70.6 61.9 67.2 60.7 85.3 84.1 94.9 63.8 82.0 76.3 95.2 112.5 95.3 110.7 101.9 112.6 106.3 113.7 83.1 112.0 110.7 116.1 113.8 118.2 116.4 118.6 117.6 120.0 115.0 115.2 116.6 117.0 110.5 119.4 110.1 118.2 112.4 122.7 118.8 118.6 116.4 120.1 114.3 122.1 119.4 123.1 123.1 122.6 123.6 121.6 123.9 120.6 122.1 126.1 127.6 126.0 124.0 126.0 122.0 124.8 125.4 125.8 124.5 126.2 126.3 128.5 128.0 129.0 128.4
83.0 81.5 86.2 89.2 83.3 85.4 84.4 83.5 82.2 81.4 80.9 79.5 78.6 74.6 77.1 69.5 66.0 65.2 60.2 62.0 56.3 61.5 62.4 55.8 59.7 57.7 52.1 53.8 50.3 52.6 49.4 67.5 35.8 77.3 48.0 85.5 112.2 98.4 115.5 78.8 116.1 112.8 108.9 89.3 99.3 101.1 71.0 80.6 70.4 74.9 54.6 59.3 108.7 94.6 97.7 105.0 114.8 106.7 117.9 115.5 120.0 110.0 121.7 119.5 119.4 121.2 121.6 121.2 123.5 126.0 125.4 122.8 123.6 123.7 123.4 124.3 124.7 123.5 125.8 125.6 127.6 126.7 128.4 127.8
83.4 80.5 86.8 85.7 86.1 86.3 84.4 82.7 83.1 82.6 82.0 79.7 79.6 75.4 75.4 70.0 63.2 64.0 62.0 61.6 56.7 57.2 63.0 58.2 56.1 52.6 50.5 47.5 48.8 51.5 54.5 45.7 40.4 51.7 48.7 50.9 57.6 68.9 70.4 70.3 71.7 102.6 71.4 78.1 73.4 71.5 73.2 72.7 72.0 71.5 58.5 57.2 52.3 57.2 54.6 49.5 55.7 61.5 61.4 98.2 111.8 79.2 122.1 109.5 119.3 113.6 120.2 118.7 121.0 115.8 122.9 116.0 122.3 120.4 121.8 122.7 123.5 118.7 124.7 123.5 126.5 124.3 127.8 125.5
82.2 83.3 85.2 85.4 86.3 87.0 84.3 84.1 82.3 83.7 84.8 81.3 80.7 76.4 73.1 69.3 68.5 64.4 60.7 60.0 59.4 56.5 63.0 63.0 55.5 51.4 51.3 51.9 51.0 52.6 59.4 44.6 42.7 51.6 46.9 52.6 58.6 63.9 65.4 67.0 68.9 72.0 69.1 71.4 73.5 68.5 73.3 72.3 72.6 71.1 66.0 61.2 49.7 56.4 51.4 51.1 54.7 56.4 61.8 64.5 64.0 66.1 75.7 83.0 75.1 79.2 102.6 89.6 106.7 92.7 103.6 87.9 78.0 101.7 95.9 111.0 119.0 113.0 122.2 112.2 118.4 113.3 118.8 94.0
82.2 86.9 84.9 86.4 86.3 87.5 86.1 85.9 86.9 85.1 83.4 83.0 82.3 77.0 66.6 71.0 72.6 63.2 61.3 59.7 60.8 59.0 63.2 64.7 57.1 53.4 52.5 52.9 54.4 57.7 60.1 46.2 42.9 51.6 48.3 57.0 58.2 63.6 66.8 68.7 68.9 68.0 71.0 72.1 73.0 67.1 74.0 71.2 71.9 68.6 65.3 63.4 59.1 56.1 54.2 56.2 53.1 57.1 59.5 60.8 64.6 58.7 65.2 70.6 71.6 80.3 78.0 83.0 83.5 80.9 80.7 80.3 80.3 77.2 74.9 75.8 79.4 76.9 90.9 74.8 79.0 77.3 75.5 77.6
81.7 87.4 87.4 86.5 86.5 87.5 84.9 86.8 84.1 84.5 83.9 82.8 82.7 71.3 70.3 70.9 73.8 63.1 57.0 60.8 59.6 61.1 61.5 65.5 55.1 56.2 54.9 53.7 56.8 62.8 57.2 51.7 51.4 56.2 52.3 58.6 58.3 64.4 66.5 68.9 69.2 70.0 72.9 72.1 72.6 71.4 72.9 72.3 70.6 70.2 65.4 64.7 65.9 59.3 57.5 60.3 54.7 57.7 62.0 61.3 59.5 57.3 65.6 67.3 69.2 75.7 75.1 80.7 82.8 80.6 84.4 80.8 84.5 78.3 75.5 72.9 76.3 74.4 75.3 76.5 76.3 77.6 74.2 76.2
81.0 80.1 84.2 85.7 85.9 88.7 85.9 87.4 87.1 82.9 84.4 84.3 84.9 69.3 71.9 71.1 67.4 62.7 60.8 62.5 60.0 62.8 61.4 67.3 56.3 58.4 55.8 62.2 62.6 65.0 64.0 56.9 53.5 56.3 54.2 59.2 61.5 66.1 66.5 69.8 68.4 69.7 74.5 72.1 73.6 70.8 72.0 71.0 71.9 70.5 65.1 66.5 70.5 63.5 58.5 58.9 57.7 58.8 61.2 61.9 65.2 61.3 65.5 66.9 70.0 72.5 72.9 77.7 81.0 83.1 84.9 80.7 82.4 77.7 76.4 74.2 76.8 76.2 76.6 76.5 71.1 77.3 76.9 76.1
83.1 81.1 85.2 86.6 86.4 88.5 86.7 85.5 85.4 84.6 84.7 84.9 78.3 69.8 68.5 72.9 67.5 61.5 62.5 66.0 63.3 65.2 63.4 69.1 65.0 60.9 62.1 64.9 63.5 65.8 62.5 58.8 56.9 56.4 56.8 62.3 63.9 66.4 68.3 69.5 70.7 69.6 75.9 71.2 71.4 70.0 71.3 72.6 74.2 68.0 66.9 68.8 69.7 66.8 60.1 57.8 58.3 59.8 62.6 62.7 62.5 62.0 62.2 66.9 68.9 71.9 72.6 76.6 77.9 82.6 83.3 83.5 77.9 81.6 78.2 75.4 74.8 77.1 77.6 76.5 75.4 75.8 76.5 76.3
84.0 81.4 83.4 87.4 87.4 88.7 85.3 86.3 82.9 85.1 84.6 84.4 79.9 70.3 69.0 71.0 65.1 63.4 62.0 70.8 66.1 70.7 61.2 68.7 64.8 64.3 64.8 66.8 67.4 67.1 60.6 60.8 61.2 58.0 63.1 64.5 62.0 66.0 69.5 70.8 69.1 71.1 75.2 72.3 70.8 68.4 73.2 72.3 70.9 67.5 67.2 67.6 64.8 67.4 66.4 67.3 61.3 59.7 63.5 65.1 65.1 63.7 64.2 66.9 68.1 68.9 69.6 75.2 78.6 81.6 83.7 84.1 74.5 82.1 80.6 77.5 77.4 76.3 77.1 75.9 67.1 77.0 77.0 76.0
82.5 80.3 80.8 85.6 86.7 87.2 86.2 86.8 87.1 84.4 83.8 83.6 75.4 69.9 69.7 70.3 61.9 63.9 67.7 70.3 71.8 73.1 60.7 65.4 69.9 68.5 70.7 68.1 69.2 65.9 62.7 64.1 65.2 65.0 66.1 67.8 68.2 68.5 70.4 70.7 69.9 70.1 71.7 73.8 72.4 70.0 73.1 70.2 69.8 67.4 67.3 68.7 66.3 67.4 68.0 69.0 62.6 60.6 63.1 65.4 65.7 67.5 65.3 67.4 67.0 70.1 69.2 73.8 76.5 80.9 80.3 83.7 78.2 81.6 82.6 79.3 76.7 75.4 78.5 77.2 76.4 77.5 76.1 76.7
82.4 81.3 79.4 83.9 86.9 87.6 87.3 86.0 85.5 85.8 84.6 81.7 70.2 71.8 71.0 67.6 62.7 64.5 70.7 70.6 70.1 73.7 59.6 67.7 69.3 69.4 68.0 69.5 68.3 66.7 60.4 69.3 66.9 70.3 67.1 68.4 71.9 70.3 71.1 70.0 70.4 71.2 71.9 73.7 71.9 69.6 69.4 70.6 69.8 67.9 67.8 68.9 66.6 69.6 69.2 70.2 64.8 62.2 62.5 65.0 64.3 65.6 64.6 69.2 69.3 69.6 68.7 71.3 75.0 79.5 81.4 83.0 81.0 76.5 82.0 80.2 77.2 75.5 75.5 74.5 74.9 77.0 75.3 76.3
81.8 83.3 80.7 81.2 85.6 87.0 86.7 86.8 84.7 85.8 81.9 81.2 69.9 74.8 72.8 64.9 66.0 68.5 65.2 71.1 78.6 72.3 60.9 70.4 69.0 69.8 74.2 71.8 69.0 67.4 63.9 69.1 71.1 72.4 68.0 70.0 69.5 71.3 66.5 70.5 71.1 70.3 73.2 76.6 74.5 68.4 68.7 70.4 67.8 68.0 67.9 68.9 68.2 70.0 67.4 70.6 67.0 61.8 64.1 66.7 65.9 66.6 65.7 71.1 69.4 68.9 67.6 71.9 73.4 78.8 84.2 83.5 85.3 79.1 83.0 81.2 76.8 77.2 75.7 77.9 76.1 73.9 76.4 75.8
81.3 82.1 79.4 79.6 87.7 87.0 86.6 86.3 83.8 85.0 84.6 77.7 70.6 76.1 71.2 65.5 67.4 70.3 68.5 72.2 75.0 71.7 61.0 71.8 66.5 71.2 75.0 71.5 67.6 67.8 72.7 72.3 72.0 73.8 72.0 70.8 71.4 71.4 72.0 72.5 72.5 69.6 68.7 69.4 72.0 70.0 67.7 69.3 67.1 68.4 68.3 69.4 70.1 69.9 70.9 70.4 68.5 63.8 64.9 67.0 67.2 68.2 71.8 67.6 69.4 69.4 66.2 67.8 71.1 76.3 82.8 83.8 85.0 80.4 82.7 80.7 78.2 77.4 76.9 80.1 74.9 74.9 75.8 77.9
82.7 82.8 82.5 78.4 85.2 87.5 86.4 84.1 81.9 84.2 83.9 74.1 72.1 76.7 67.9 66.4 69.5 71.2 70.9 72.7 74.5 68.4 64.8 72.9 69.9 71.5 74.4 72.6 65.0 69.7 75.7 72.6 73.7 74.4 69.7 73.0 73.6 73.3 73.9 70.9 70.9 70.2 73.4 67.4 70.4 69.3 67.2 67.9 70.7 68.9 65.9 69.6 68.5 71.2 70.8 66.6 71.6 70.0 66.5 68.2 68.7 68.7 70.5 71.4 72.0 69.1 69.8 67.9 70.8 73.7 79.1 84.4 85.6 81.2 81.1 80.4 76.8 78.4 78.2 78.9 77.5 78.9 74.2 76.5
82.8 82.6 81.8 75.7 84.3 87.1 85.1 84.7 83.8 83.3 82.0 72.6 74.1 76.4 74.4 68.8 68.4 72.1 72.2 73.4 73.9 66.8 67.9 72.5 72.1 74.0 78.2 71.8 63.3 73.3 77.4 71.4 76.3 74.9 71.5 73.1 70.3 72.6 75.5 71.0 71.4 69.1 72.0 68.8 71.2 67.4 65.7 67.5 65.7 71.7 68.3 70.1 69.1 71.0 71.4 67.5 71.4 69.7 65.0 66.5 66.8 69.5 73.1 72.1 72.6 71.0 71.1 68.8 67.8 71.4 79.0 84.2 87.0 80.9 83.3 80.3 79.0 80.2 79.1 78.7 75.9 79.6 75.7 77.1
82.9 82.5 81.1 77.3 79.6 85.9 87.0 85.8 83.9 83.8 80.4 72.5 75.2 75.9 73.7 68.4 68.9 73.7 75.7 74.7 73.7 65.8 68.7 74.3 74.9 73.8 75.2 70.4 64.5 76.0 77.6 70.6 75.4 76.0 74.3 71.8 71.3 70.2 73.9 70.8 69.0 70.2 70.2 70.2 70.3 68.7 66.1 68.1 67.0 69.1 70.9 70.8 73.8 70.8 70.7 68.1 70.5 70.6 65.8 65.9 65.3 68.7 68.9 71.6 73.3 72.7 70.8 66.7 69.0 70.7 75.3 82.6 85.5 82.6 84.4 80.8 80.5 80.3 79.6 79.6 76.7 80.7 78.8 77.0
83.3 82.7 81.3 77.4 76.9 85.6 84.2 85.2 83.8 83.6 75.1 72.6 76.4 76.7 74.7 69.0 72.1 75.2 78.1 75.4 74.4 66.8 69.1 74.3 74.7 75.1 75.3 68.8 63.8 75.4 76.9 68.2 75.9 74.8 74.0 70.9 69.5 64.3 69.9 69.2 68.8 69.1 71.6 68.4 69.5 68.2 66.1 67.9 68.2 68.3 72.4 71.6 71.2 70.7 69.1 69.5 72.0 69.0 67.2 66.1 66.5 68.6 71.3 71.2 72.2 73.2 65.9 69.5 71.2 69.9 74.0 78.2 85.3 82.5 83.5 80.8 80.5 80.4 80.9 80.4 78.5 81.1 80.8 80.2
84.1 83.8 81.9 76.9 77.2 84.8 85.6 85.7 83.9 82.2 72.6 75.2 76.7 76.2 73.1 69.9 72.0 75.7 75.3 76.9 74.6 67.6 71.6 74.8 73.9 76.4 73.7 68.4 65.5 77.0 77.3 67.3 72.5 69.2 71.6 69.4 67.6 64.4 64.9 66.2 67.5 67.3 69.7 67.7 69.1 67.4 64.8 68.3 67.2 70.4 72.3 72.0 71.4 70.2 69.2 68.7 72.2 68.2 68.5 67.0 67.1 67.7 68.7 72.6 72.4 73.0 71.6 70.7 68.7 68.7 71.4 74.6 81.2 81.6 82.7 81.3 81.1 79.3 81.5 81.7 83.1 81.1 78.7 82.2
82.7 84.1 82.8 79.7 76.5 80.8 86.3 86.4 82.0 80.2 73.0 76.7 78.2 74.2 75.8 70.9 74.3 76.4 76.5 76.6 70.7 70.3 72.9 75.1 74.4 75.0 76.6 68.8 66.0 77.2 77.3 65.3 66.1 66.3 64.3 64.0 65.2 61.9 64.4 65.6 66.9 67.4 68.5 69.5 68.3 66.3 68.4 68.8 69.1 70.5 70.5 71.2 72.2 70.4 67.4 73.4 73.2 67.4 67.1 67.9 69.2 66.9 66.6 71.4 73.5 73.0 68.4 72.8 70.8 69.0 70.0 73.4 79.7 82.0 82.6 80.6 81.1 79.7 82.4 82.9 79.5 81.0 80.0 82.3
82.3 82.6 83.0 80.7 77.4 77.6 86.6 86.5 82.3 76.9 74.9 77.0 79.8 75.9 77.1 73.2 75.9 77.0 76.9 77.7 71.7 70.0 73.2 74.1 75.6 75.1 76.2 68.0 68.4 80.6 78.6 64.1 62.2 64.4 62.0 60.9 61.9 62.7 60.8 65.0 63.3 65.3 68.7 69.2 67.1 67.7 69.4 70.7 70.8 69.9 70.6 72.7 75.0 70.0 69.5 72.0 73.5 68.1 66.9 69.0 67.5 68.3 69.6 70.6 72.7 73.7 76.6 72.0 71.3 69.7 70.8 74.0 79.0 81.2 79.9 81.3 82.1 81.0 81.5 83.3 81.2 82.3 81.2 82.8
82.6 82.5 82.8 80.4 81.3 76.8 88.7 85.9 84.3 76.0 73.8 77.0 79.8 78.1 76.3 72.7 77.5 76.1 78.3 74.9 75.2 65.2 73.1 73.0 76.3 76.4 75.7 69.0 70.6 78.6 76.0 64.6 60.8 63.2 61.9 62.4 61.9 64.0 66.7 65.1 62.9 63.8 66.9 69.0 69.5 68.4 68.5 70.9 68.6 69.6 71.2 72.8 71.2 70.2 73.9 72.8 74.0 69.5 68.6 68.0 69.0 69.0 67.8 69.2 72.3 72.6 76.4 70.3 71.2 70.9 71.5 72.9 75.0 83.0 83.1 81.9 82.6 82.5 81.3 82.4 79.7 82.8 81.6 82.4
83.1 81.0 81.1 81.0 78.7 77.4 83.5 86.5 81.2 76.5 77.9 78.0 77.3 77.6 78.2 72.4 76.7 77.9 77.5 77.5 69.8 61.9 74.5 72.3 81.5 76.3 75.3 66.6 74.5 76.5 69.4 65.5 66.4 63.3 63.7 64.4 65.7 65.4 65.3 65.1 63.7 63.1 68.8 67.2 68.6 68.7 70.7 68.1 68.2 69.6 73.3 71.6 72.4 70.6 71.2 72.9 72.8 69.3 71.2 68.2 65.0 69.1 69.0 68.8 72.7 72.0 70.4 71.7 68.7 68.8 71.4 71.0 72.7 81.9 84.1 83.0 83.5 81.7 81.4 79.4 79.7 81.0 79.7 82.5
