morphological_analysis/input_data/surveys/q15_2/matrix_q15_2s6.txt
north:            -537.50
south:           -1267.50
east:             2691.00
west:              -93.00
rows:                 148
cols:                 278
null:              -999.0
[rows 0 to 37 of 148, columns 0 to 83 of 278]
64.2 67.7 74.8 78.5 82.0 84.5 85.7 84.1 83.7 80.9 78.7 75.4 61.2 63.8 67.5 62.1 62.2 57.3 64.1 70.2 70.5 70.2 63.5 67.0 75.9 69.9 76.7 80.7 71.6 74.2 82.5 74.3 74.4 77.7 73.4 81.8 -999.0 -999.0 -999.0 -999.0 68.4 73.5 74.6 79.5 73.0 77.0 69.6 76.8 81.0 82.7 94.0 86.0 78.6 88.4 87.6 90.3 89.9 90.9 88.7 79.2 75.5 74.2 65.5 66.2 71.8 68.8 67.4 62.7 73.8 65.8 62.2 63.6 61.6 46.3 43.9 46.6 44.1 53.1 49.9 58.9 64.8 57.0 44.7 47.2
63.7 67.8 73.8 78.5 83.0 84.5 86.8 84.2 83.7 81.0 77.7 75.4 58.7 64.3 66.7 62.6 59.4 57.5 63.5 70.3 70.9 70.4 62.4 67.0 75.8 69.9 76.3 80.7 71.8 74.1 82.0 74.2 74.3 77.7 74.3 78.9 -999.0 -999.0 -999.0 -999.0 71.2 74.7 74.8 79.3 72.8 77.2 69.2 76.9 80.9 82.7 95.6 86.0 77.8 88.4 87.4 90.2 90.1 91.1 87.9 79.1 75.0 74.5 65.3 66.0 71.8 68.7 65.8 62.5 74.4 65.8 62.1 63.6 62.3 46.1 44.0 46.6 43.8 53.2 49.8 58.9 64.8 57.0 44.6 49.6
66.0 68.2 75.1 78.7 82.0 85.8 86.6 85.8 82.1 79.7 77.8 76.8 64.1 68.0 75.6 71.3 72.6 67.8 72.6 73.1 72.9 71.7 64.6 67.4 75.6 73.0 78.3 81.8 73.0 75.9 85.4 75.6 75.9 78.0 73.1 108.8 -999.0 -999.0 -999.0 -999.0 70.7 77.0 77.4 81.4 77.2 79.0 76.5 79.5 82.1 86.7 94.5 87.9 82.5 86.4 88.6 92.8 91.1 89.9 88.9 82.0 77.3 75.9 68.9 68.3 74.7 70.6 71.1 66.7 75.5 66.8 61.2 65.5 64.0 49.4 43.9 47.9 45.2 51.3 50.4 58.9 64.1 56.3 47.1 63.5
91.3 72.9 77.2 79.2 85.8 87.1 88.9 85.8 81.4 79.1 80.3 81.1 85.8 86.6 90.7 90.0 94.1 89.6 93.5 85.4 83.8 83.3 78.3 72.9 74.7 73.7 74.9 82.6 76.0 76.0 85.6 76.9 77.0 81.7 109.0 110.5 -999.0 -999.0 -999.0 -999.0 71.2 107.5 81.8 82.3 77.6 80.9 76.8 80.3 86.6 88.1 92.5 89.2 85.5 86.8 88.6 94.1 92.4 91.9 89.3 83.9 78.8 77.9 71.5 70.8 75.2 70.7 69.5 68.5 75.7 66.4 64.0 68.3 64.4 50.4 47.4 47.8 43.9 51.5 50.7 59.4 63.0 57.0 58.7 83.4
86.6 73.3 76.8 79.2 85.1 87.1 88.5 85.8 81.5 79.1 79.8 81.3 81.4 87.6 87.7 90.9 89.7 90.7 89.3 86.1 81.9 102.4 75.6 101.4 104.8 95.8 97.0 90.5 102.5 87.6 97.8 84.7 96.6 95.3 102.8 -999.0 -999.0 -999.0 -999.0 -999.0 -999.0 110.1 109.5 85.2 80.3 81.4 76.8 80.7 87.2 91.5 86.5 93.9 88.4 87.0 92.7 93.7 91.2 91.0 92.5 85.1 81.3 80.6 73.4 73.1 75.5 71.9 77.9 68.8 82.7 67.7 68.2 69.6 65.3 53.3 51.5 55.2 53.6 57.2 58.6 64.3 64.2 69.4 88.9 106.4
91.4 -999.0 77.2 -999.0 85.8 -999.0 88.9 -999.0 81.4 -999.0 80.3 -999.0 85.8 -999.0 90.7 -999.0 94.1 -999.0 93.5 -999.0 83.9 103.3 78.3 102.7 99.1 97.0 93.5 90.9 97.3 88.2 95.5 85.1 92.8 96.1 109.4 -999.0 -999.0 -999.0 -999.0 -999.0 -999.0 -999.0 99.7 105.3 102.8 81.2 72.7 78.7 87.7 92.2 87.9 93.4 90.6 89.9 88.6 96.8 92.5 90.6 90.3 89.2 81.0 82.6 76.6 76.0 73.0 73.3 77.0 70.4 80.2 69.2 69.1 73.5 61.6 69.9 77.0 77.4 81.4 81.1 82.6 82.0 80.8 84.8 98.4 113.9
-999.0 -999.0 -999.0 -999.0 -999.0 -999.0 -999.0 -999.0 -999.0 -999.0 -999.0 -999.0 -999.0 -999.0 -999.0 -999.0 -999.0 -999.0 -999.0 -999.0 -999.0 -999.0 -999.0 -999.0 104.9 -999.0 97.3 -999.0 102.6 -999.0 97.9 -999.0 96.7 -999.0 -999.0 -999.0 -999.0 -999.0 -999.0 -999.0 -999.0 -999.0 110.5 106.2 98.6 81.2 73.0 78.6 87.6 115.6 119.3 96.7 104.2 95.0 95.8 98.6 94.2 93.9 89.5 97.4 82.6 86.6 74.5 80.1 75.1 77.4 73.1 78.0 83.3 89.9 99.8 100.3 105.4 102.8 106.7 101.8 106.9 105.2 107.4 117.9 101.2 104.8 107.7 120.4
-999.0 -999.0 -999.0 -999.0 -999.0 -999.0 -999.0 -999.0 -999.0 -999.0 -999.0 -999.0 -999.0 -999.0 -999.0 -999.0 -999.0 -999.0 -999.0 -999.0 -999.0 -999.0 -999.0 -999.0 -999.0 -999.0 -999.0 -999.0 -999.0 -999.0 -999.0 -999.0 -999.0 -999.0 -999.0 -999.0 -999.0 -999.0 -999.0 -999.0 -999.0 -999.0 -999.0 -999.0 102.9 -999.0 72.4 -999.0 87.7 118.5 113.0 96.9 110.1 120.4 94.4 120.1 122.8 120.5 122.5 117.8 124.6 119.5 124.5 119.1 118.5 117.0 124.0 116.3 118.8 117.2 121.6 122.6 125.7 119.3 120.4 119.7 118.9 119.8 119.5 123.1 116.8 117.5 119.7 123.3
71.5 -999.0 69.5 -999.0 -999.0 -999.0 -999.0 -999.0 -999.0 -999.0 -999.0 -999.0 -999.0 -999.0 -999.0 -999.0 -999.0 -999.0 -999.0 -999.0 -999.0 -999.0 -999.0 -999.0 -999.0 -999.0 -999.0 -999.0 -999.0 -999.0 -999.0 -999.0 -999.0 -999.0 -999.0 -999.0 -999.0 -999.0 -999.0 -999.0 -999.0 -999.0 -999.0 -999.0 -999.0 -999.0 -999.0 -999.0 -999.0 119.1 119.3 -999.0 111.4 121.8 95.8 122.0 123.2 123.0 121.6 122.3 125.1 123.4 124.3 124.8 123.5 121.8 122.3 123.0 126.8 125.9 124.3 125.3 124.4 124.0 123.9 125.8 122.8 126.0 124.1 124.5 123.6 125.0 124.4 125.6
69.1 57.4 66.8 59.2 61.1 61.9 61.2 61.0 64.8 66.1 68.2 69.6 71.8 89.7 73.8 94.2 71.3 81.1 80.0 101.5 78.3 98.4 85.4 95.2 82.1 88.1 85.2 87.9 -999.0 92.4 81.3 94.8 104.3 -999.0 -999.0 -999.0 87.7 87.0 83.6 84.6 -999.0 -999.0 -999.0 -999.0 -999.0 -999.0 -999.0 -999.0 -999.0 -999.0 -999.0 -999.0 -999.0 121.1 -999.0 122.2 123.3 123.0 123.3 123.0 124.9 123.6 125.0 123.7 123.6 124.1 122.4 123.8 127.7 121.9 121.8 125.5 127.0 125.1 127.3 126.6 124.9 124.2 125.4 124.8 125.1 125.4 127.0 125.8
71.5 57.7 69.5 59.1 60.7 61.6 61.0 61.1 64.7 66.0 67.5 69.5 71.2 86.6 72.9 90.3 70.6 79.1 77.1 96.6 77.1 95.2 84.6 93.1 81.9 87.5 84.7 86.5 81.0 90.3 79.4 91.5 99.5 85.2 84.9 86.1 87.1 85.9 83.9 83.9 82.4 83.4 82.0 80.6 -999.0 80.2 79.2 81.3 -999.0 94.6 87.8 102.2 88.1 121.2 112.4 122.6 123.5 123.3 122.3 123.0 123.6 121.8 124.9 123.2 120.8 123.0 123.2 123.3 126.9 122.2 123.9 125.6 125.6 125.6 124.7 126.7 124.5 125.1 128.9 124.6 126.0 125.6 127.1 126.0
59.3 57.7 56.1 59.1 61.1 61.6 61.2 61.1 64.8 66.1 68.2 69.5 71.7 87.3 73.8 91.5 71.3 78.8 80.0 95.4 78.3 95.1 85.4 92.8 82.1 87.2 85.2 86.9 81.2 90.6 81.2 91.5 104.3 85.1 84.6 85.9 87.7 85.3 83.6 84.2 82.4 83.6 82.2 80.8 79.9 80.1 79.2 81.3 83.0 92.5 87.0 98.9 86.4 120.3 104.9 121.8 117.0 116.7 123.9 122.5 123.4 122.1 125.2 123.4 125.2 119.0 123.8 122.4 125.4 122.1 126.8 126.4 124.3 124.7 125.7 125.3 124.3 125.6 125.8 122.8 125.0 125.2 126.8 125.4
58.3 59.3 59.4 58.4 59.0 60.2 60.4 61.8 64.2 65.8 64.7 69.2 69.2 72.4 69.6 70.7 68.2 66.9 65.9 69.8 72.0 77.3 81.3 81.3 81.0 83.8 82.7 81.1 80.7 79.7 72.9 73.9 80.3 85.1 84.9 85.9 84.6 82.8 85.0 81.4 82.4 83.6 82.0 81.1 80.2 80.1 79.2 81.3 83.3 91.5 87.8 99.5 88.1 116.1 111.9 114.9 113.2 115.0 123.3 115.5 122.0 88.9 124.8 120.0 120.0 96.5 124.5 119.4 125.1 120.7 128.4 122.6 123.9 117.9 119.6 124.3 120.6 122.7 123.7 124.7 123.7 122.3 126.1 123.7
59.5 60.1 65.2 57.3 59.4 61.7 64.2 62.6 62.6 66.3 68.6 69.0 69.8 69.7 69.5 69.7 70.5 66.9 64.9 67.8 69.9 73.3 77.4 82.5 85.4 84.9 87.9 83.0 84.4 78.0 76.6 74.3 80.8 84.8 83.4 86.4 83.7 82.5 82.7 84.3 84.1 84.5 82.8 82.7 81.2 79.9 79.4 81.1 81.8 83.7 83.9 81.5 79.8 80.6 80.4 80.0 78.9 75.2 76.6 80.0 76.2 67.4 57.7 86.7 54.6 70.2 68.7 91.5 79.0 107.3 101.2 114.7 116.0 106.0 119.2 117.7 119.2 118.1 119.2 117.2 119.6 110.6 117.7 112.7
61.8 59.6 59.5 59.5 63.3 61.6 62.3 62.1 63.8 63.9 66.9 71.2 68.1 70.8 70.7 69.3 70.8 71.5 67.3 66.7 71.0 71.9 74.8 82.0 84.9 86.3 84.6 83.4 88.2 81.3 79.0 77.7 82.4 84.4 83.5 87.2 84.9 85.3 84.9 84.8 84.2 84.4 84.6 84.5 81.2 81.7 79.8 81.7 82.4 83.8 84.0 79.9 83.3 79.2 79.5 78.7 75.4 72.8 74.0 76.9 75.2 60.7 62.0 61.3 57.4 62.9 65.6 68.2 74.3 71.9 74.2 73.9 75.8 69.9 68.7 89.9 61.9 94.1 82.6 91.8 63.7 65.2 61.5 63.8
62.1 61.2 60.4 60.4 65.1 61.2 63.8 59.8 63.8 65.3 65.7 69.8 69.2 69.0 70.4 70.2 72.1 69.8 68.6 66.9 68.8 70.8 73.6 76.3 82.2 87.4 79.2 85.6 84.1 83.1 82.3 79.5 82.8 84.3 86.6 88.0 86.4 84.2 86.4 83.7 83.1 85.5 84.8 85.8 82.3 83.2 73.5 81.0 83.8 84.3 83.5 77.6 82.7 82.7 80.4 79.8 76.4 73.7 76.3 76.7 72.0 64.3 62.2 61.6 57.7 61.6 70.6 71.1 70.7 71.9 69.2 71.0 67.5 64.9 67.6 61.2 59.1 61.8 67.1 64.1 63.2 61.0 62.9 61.6
62.9 61.3 62.2 61.0 62.9 61.5 63.2 65.3 66.5 64.3 66.2 68.7 69.1 68.3 69.2 69.0 70.0 72.5 69.3 67.1 67.0 71.0 72.5 74.5 82.1 86.6 85.6 85.0 84.9 84.2 82.1 82.1 84.1 85.0 85.4 84.9 86.2 84.7 85.1 84.4 85.6 86.7 84.8 85.0 83.6 85.1 83.5 80.1 82.7 83.8 81.8 78.7 82.1 83.3 82.5 81.7 77.9 76.4 77.5 78.1 75.1 66.3 62.0 60.7 64.7 65.0 68.3 72.2 70.4 72.6 70.2 73.1 64.3 66.2 65.5 63.4 59.7 60.1 64.7 65.1 63.6 61.1 62.3 61.4
61.7 62.8 62.5 62.1 59.9 63.2 62.8 65.6 64.7 63.3 67.0 69.1 67.9 68.0 71.8 68.0 70.5 71.9 70.6 67.9 69.7 69.1 70.9 72.2 77.1 85.9 90.8 89.0 85.7 84.4 85.3 82.7 83.1 87.0 85.4 85.0 86.2 84.7 87.6 84.8 88.4 86.5 84.7 83.8 81.8 84.0 85.3 83.0 83.8 82.3 82.6 84.1 83.3 83.4 82.1 82.1 80.3 79.4 77.0 78.9 72.9 70.4 68.4 61.5 64.5 66.4 69.6 73.5 72.8 73.5 72.9 73.1 70.2 63.6 64.4 62.9 63.1 60.6 66.8 66.4 68.4 61.0 64.9 62.8
63.0 64.1 62.6 63.6 62.4 63.1 65.4 66.0 65.0 66.8 67.1 69.0 68.0 68.9 70.0 69.6 70.0 71.0 71.4 69.8 69.4 67.8 70.0 72.1 74.9 82.8 90.3 88.8 85.1 85.7 84.8 82.2 83.3 85.7 86.0 87.2 88.8 84.0 84.9 84.8 84.2 86.7 85.4 88.3 83.5 84.4 84.3 83.1 84.1 82.9 82.7 84.1 80.5 82.8 82.9 82.0 80.0 79.3 75.6 80.5 72.9 72.8 72.4 65.6 64.0 69.9 73.9 74.2 72.9 73.6 71.3 72.6 70.5 63.7 59.4 69.0 66.0 62.7 65.9 67.9 66.3 64.3 63.6 64.6
64.1 64.8 64.0 63.7 63.3 63.8 64.1 65.8 65.9 64.8 68.0 68.2 67.9 70.7 69.5 69.1 71.2 70.6 71.2 70.9 67.9 68.7 71.1 70.5 73.6 80.7 87.1 89.5 86.6 85.3 85.9 83.0 86.9 84.5 83.2 85.7 90.0 84.8 86.7 84.2 83.9 88.9 85.4 85.4 84.2 84.3 84.2 81.8 82.6 81.0 81.2 82.9 81.0 85.4 82.2 83.6 79.4 82.3 78.2 80.1 74.1 72.9 71.6 69.3 67.3 73.8 72.0 77.4 74.0 76.6 73.1 71.7 73.3 66.5 66.2 73.0 70.6 64.6 64.8 70.5 70.0 64.3 62.5 66.2
68.6 65.3 61.6 62.6 63.4 63.0 64.0 65.9 65.8 66.7 65.9 68.5 67.9 69.0 61.9 68.7 71.1 70.3 75.0 72.8 69.3 69.5 69.4 70.2 71.9 77.5 88.0 89.8 86.8 84.3 84.6 84.2 84.0 83.4 85.7 86.3 87.0 84.1 85.6 85.2 86.6 86.8 86.0 85.1 83.3 83.7 82.3 81.2 80.7 80.2 82.2 81.7 82.1 84.4 80.8 83.4 81.1 81.5 75.8 80.6 73.6 76.0 76.8 72.4 72.3 73.7 76.5 76.6 75.1 75.5 72.0 71.2 71.1 69.3 76.1 74.0 70.0 69.6 69.1 69.4 72.3 67.7 69.1 65.1
71.8 64.7 66.4 64.9 62.0 62.8 66.1 65.1 66.8 66.3 66.1 67.1 66.7 67.8 68.6 68.9 70.8 71.2 72.4 72.3 70.6 69.3 70.9 70.4 71.7 77.0 82.2 86.1 86.0 84.3 85.4 83.0 83.8 84.5 85.0 86.9 87.2 84.8 85.2 87.5 85.7 85.4 86.7 85.9 82.7 83.6 78.3 81.6 81.6 81.5 82.2 80.7 80.4 84.5 84.0 84.0 80.2 82.2 77.6 80.2 73.2 76.3 75.0 74.9 74.2 76.5 76.0 77.0 76.9 75.0 70.0 70.7 70.5 74.2 75.4 74.8 74.2 72.8 74.0 71.1 69.2 69.0 69.7 67.8
68.8 67.5 66.8 65.8 65.4 63.9 65.5 65.1 65.3 67.4 65.8 66.4 66.2 67.3 73.0 68.6 71.3 71.7 72.1 71.6 71.7 70.3 69.6 72.5 72.1 75.5 79.9 88.7 87.2 86.5 85.1 83.7 83.0 84.3 87.2 87.3 87.6 86.9 85.4 84.1 86.0 85.0 87.4 86.3 85.3 82.9 83.8 81.9 81.5 81.3 82.4 79.8 82.3 83.2 83.9 84.1 80.8 83.6 79.7 74.8 77.1 76.0 79.4 77.2 77.4 76.2 77.8 76.1 76.2 74.1 71.8 70.5 73.3 74.2 78.6 75.7 73.3 74.8 76.9 69.9 71.8 68.4 73.6 69.7
65.4 67.2 63.7 66.2 66.2 64.1 63.3 66.6 64.7 66.0 65.9 64.5 66.1 66.9 70.0 71.7 71.1 72.4 74.2 72.3 73.9 71.3 70.0 74.1 72.7 74.1 76.9 86.6 86.3 86.4 85.1 83.6 84.1 83.6 84.2 86.7 87.7 85.1 87.4 87.6 86.3 87.7 85.7 85.9 85.6 83.1 85.4 82.2 83.2 81.0 82.1 81.7 81.5 79.9 81.9 84.3 82.0 83.9 77.6 74.0 74.4 78.1 79.1 78.0 77.7 77.6 77.5 76.9 71.8 71.6 69.8 71.4 72.4 73.5 77.8 76.5 68.3 72.9 75.7 69.9 64.7 67.7 74.2 70.3
67.7 67.7 68.2 67.3 65.5 64.7 65.4 63.8 64.6 64.1 64.0 66.5 67.2 68.3 68.2 69.6 71.9 72.9 73.7 74.1 74.7 70.9 70.6 72.1 73.3 74.5 75.9 84.0 86.5 86.0 86.1 83.3 83.8 83.6 83.9 86.8 85.6 86.7 85.0 86.0 87.5 87.1 85.0 85.1 85.6 85.5 84.0 86.0 82.6 80.5 83.9 80.9 80.7 79.4 82.8 83.6 82.1 82.9 80.0 73.3 72.3 76.5 79.8 77.7 77.4 79.2 77.5 74.4 71.4 71.8 69.8 72.7 72.8 73.9 75.5 77.4 76.6 73.9 69.5 70.7 65.9 69.4 75.7 68.6
68.9 70.5 69.1 68.3 69.6 66.4 67.6 64.4 63.9 65.9 64.4 66.0 65.6 67.3 68.2 68.6 71.7 72.8 72.9 74.5 75.5 73.5 70.4 72.2 72.3 73.8 75.1 81.4 86.5 85.5 86.1 83.2 83.9 83.1 83.0 85.9 85.3 86.7 86.2 85.2 86.9 87.1 86.8 85.5 86.2 85.9 86.3 84.0 82.0 80.9 82.1 81.3 83.2 77.3 85.2 82.5 81.8 79.6 78.7 70.6 74.3 76.6 79.9 80.4 77.4 77.2 76.2 74.0 71.5 68.6 71.7 75.6 72.5 74.7 77.1 78.6 80.9 73.9 70.6 71.7 67.0 70.0 72.9 69.8
68.0 71.2 70.0 70.7 69.5 66.6 66.5 63.8 65.7 63.5 64.8 64.2 62.9 66.4 66.0 65.7 70.4 71.2 73.4 74.0 74.9 77.1 72.5 72.8 72.0 75.0 76.3 77.2 87.1 85.5 84.3 84.0 84.2 82.8 83.2 84.6 85.8 84.4 87.2 86.5 85.0 86.1 86.1 85.7 85.0 85.5 89.5 84.0 86.5 81.6 83.6 84.9 83.4 81.3 82.2 81.5 83.0 80.0 80.7 71.1 74.1 80.2 81.3 81.9 80.3 76.5 73.5 71.5 71.4 66.9 72.5 79.0 75.4 76.0 77.8 78.2 78.6 74.4 71.5 72.0 69.5 70.4 71.0 70.5
71.1 70.3 70.0 69.2 70.2 66.5 65.9 63.7 62.5 61.7 65.8 62.7 66.1 66.9 67.1 65.9 70.2 73.6 74.7 73.0 75.6 78.9 73.9 73.1 72.9 73.7 74.4 75.4 86.4 85.6 86.2 83.6 84.7 83.8 79.1 83.5 84.7 82.8 87.8 86.5 85.7 86.5 86.5 86.7 86.5 85.2 87.5 84.3 85.8 82.0 84.9 84.7 82.1 84.9 84.8 82.7 81.8 81.2 79.7 71.3 77.5 79.5 78.0 82.1 83.0 78.1 75.3 71.8 69.7 70.1 74.2 80.2 77.5 76.2 76.6 77.6 79.4 74.3 72.0 72.3 74.5 69.3 69.6 70.1
72.1 69.3 70.9 69.8 71.2 66.9 61.1 62.3 62.0 61.7 62.8 64.1 66.3 71.4 66.9 68.3 70.6 74.5 72.8 74.1 76.6 78.0 74.3 72.6 71.7 73.1 75.1 77.3 81.8 85.2 85.5 82.8 83.3 84.7 78.9 84.7 84.6 83.7 87.7 85.6 86.2 86.0 84.9 84.5 86.6 84.7 86.9 84.5 85.4 81.7 84.0 83.9 83.5 81.7 84.8 81.4 81.9 81.9 80.1 70.5 81.2 80.5 80.7 82.4 82.0 79.9 78.9 74.5 75.7 73.8 78.9 82.3 77.0 77.9 76.9 77.1 76.5 72.1 70.9 73.2 68.6 70.2 71.2 70.1
69.6 69.7 70.9 69.5 71.6 67.2 66.1 62.5 62.8 62.2 64.4 66.1 65.8 68.3 66.8 72.7 71.2 73.4 73.6 74.7 77.0 73.4 75.7 72.7 71.0 73.1 75.4 75.9 78.3 84.2 84.0 84.1 85.4 84.6 80.4 82.3 85.3 83.6 79.5 87.0 85.1 87.3 85.8 84.8 86.9 84.6 86.7 84.1 85.7 82.1 86.6 83.4 82.6 82.0 86.4 82.7 82.5 81.2 78.5 69.8 82.0 80.7 81.5 82.7 81.7 80.1 79.9 76.9 76.0 77.3 79.9 85.3 76.7 78.2 75.5 75.7 75.4 72.8 71.3 72.6 72.4 71.8 72.2 71.2
70.7 70.7 71.9 70.3 72.2 69.8 65.6 62.0 60.2 62.6 64.2 66.4 67.1 68.2 68.1 72.0 70.6 72.4 73.7 75.7 78.5 73.1 76.9 73.0 71.8 72.7 76.5 74.7 78.5 85.3 86.3 83.7 85.8 85.0 78.5 80.9 84.2 82.6 81.4 86.2 85.5 85.7 86.2 84.7 87.0 83.3 84.7 83.5 86.4 82.6 86.0 85.0 83.4 82.0 83.7 82.6 81.9 81.5 77.6 71.3 81.3 80.3 79.3 82.6 82.6 82.0 82.6 79.8 79.1 79.7 83.7 84.8 77.2 77.5 74.2 75.7 72.8 72.2 71.2 72.1 71.3 70.9 68.9 71.1
70.9 69.9 72.0 70.5 72.3 71.5 67.4 62.8 62.9 63.9 64.4 67.8 68.7 69.7 69.1 70.5 70.9 72.7 74.0 76.7 77.9 77.8 77.1 73.2 73.8 74.3 75.1 74.9 76.6 81.7 85.5 89.0 88.1 86.6 77.8 80.4 78.6 81.3 78.0 83.6 85.2 85.1 84.4 84.3 82.8 84.5 82.9 83.6 84.7 83.7 86.3 85.8 84.4 82.2 82.7 86.8 82.7 81.8 74.3 73.1 80.9 81.2 83.2 82.1 80.6 81.4 83.0 82.1 80.5 81.1 84.2 84.1 76.3 76.9 74.9 75.6 68.7 71.3 71.6 72.5 70.4 70.4 70.8 70.0
72.2 71.8 69.7 71.8 72.9 74.8 66.2 65.3 66.0 66.9 67.3 68.2 68.6 71.3 69.9 72.9 70.8 73.3 73.9 75.6 76.9 74.8 76.9 73.9 72.2 74.9 74.9 76.3 75.6 80.5 86.8 86.5 87.1 88.6 80.9 80.2 81.2 79.2 82.5 82.2 85.6 86.0 84.4 86.1 85.4 84.8 82.9 84.5 86.4 83.2 83.8 84.6 83.7 82.1 83.8 83.8 83.1 82.0 71.4 77.4 85.9 81.9 80.1 83.5 81.6 81.7 82.2 83.5 80.1 81.4 82.4 82.1 75.9 75.5 70.2 73.3 72.2 72.1 72.4 72.4 71.7 68.5 71.0 69.1
71.4 72.8 71.8 73.0 73.4 74.8 70.0 68.3 68.5 69.1 68.2 68.9 70.4 72.2 71.8 74.3 73.9 74.4 76.4 75.2 77.4 77.1 74.7 74.7 72.9 75.3 75.0 76.3 76.2 79.4 85.1 82.1 86.6 86.8 81.4 80.0 79.7 81.7 83.2 81.9 79.9 87.4 86.1 86.2 84.9 85.5 84.0 83.2 83.9 82.0 84.3 86.5 83.6 82.7 85.2 83.5 81.8 81.9 72.5 78.7 86.2 82.1 79.4 83.1 84.1 83.4 80.7 85.4 82.5 83.6 82.5 81.3 79.0 75.7 71.4 73.4 71.2 70.2 71.8 72.0 72.1 69.5 66.1 70.1
71.4 74.0 74.6 73.4 73.5 77.2 74.6 71.5 72.2 70.6 70.2 70.7 70.9 71.1 72.7 73.1 71.2 74.6 74.4 76.9 75.2 76.2 79.1 75.1 76.0 73.5 74.8 75.8 77.4 78.4 81.3 84.3 88.1 89.9 85.1 80.3 81.6 82.5 80.0 81.3 83.1 87.7 86.6 87.9 83.8 84.2 81.3 82.8 84.8 81.2 82.5 84.8 84.3 80.8 84.9 82.3 81.3 79.4 67.9 80.0 82.2 83.7 82.8 83.0 82.0 82.5 81.8 82.0 82.6 84.0 83.7 80.6 76.7 75.7 73.7 73.1 71.4 70.2 70.9 71.3 71.0 69.1 70.8 70.4
73.4 75.6 77.5 77.9 79.2 73.8 79.6 75.3 72.3 74.2 72.1 74.2 73.6 73.2 74.7 74.4 71.5 75.4 76.9 77.4 76.8 77.5 77.6 77.7 76.4 75.9 75.3 76.4 73.8 80.7 80.8 84.9 88.0 87.8 85.2 81.3 83.0 81.7 78.4 81.2 83.8 87.2 86.3 85.7 83.5 83.8 82.7 83.0 84.8 82.6 82.3 83.8 82.4 81.4 83.8 81.8 81.7 79.4 69.2 79.2 81.5 80.1 83.2 84.0 81.1 83.1 83.0 82.6 81.8 88.0 83.1 81.4 76.2 74.7 73.9 73.4 73.4 71.6 71.7 70.4 70.6 69.5 71.1 71.7
76.4 80.8 81.1 80.5 78.8 74.5 80.1 80.2 78.6 76.2 75.1 74.3 74.1 74.7 74.5 74.6 74.4 76.5 77.2 78.3 76.9 76.7 77.3 77.8 73.9 74.6 75.5 77.4 76.1 79.5 82.5 82.5 86.7 87.2 86.0 82.9 83.3 81.3 80.3 81.5 82.5 86.5 87.1 84.1 83.8 83.8 82.3 82.2 85.6 83.0 81.8 83.1 82.9 83.2 84.4 82.8 80.2 79.6 72.6 82.2 78.9 81.8 81.2 84.0 81.6 82.3 79.8 81.7 82.0 84.7 83.0 81.0 76.1 73.9 70.4 73.0 73.8 71.8 70.8 71.7 71.0 68.0 69.8 71.1
78.0 82.5 81.7 80.0 77.3 76.8 78.8 78.8 79.8 76.4 77.7 77.2 75.1 77.4 76.7 75.1 77.1 75.1 78.3 78.4 78.0 76.5 77.8 77.8 75.5 74.2 74.5 76.2 76.8 78.7 80.9 81.0 88.4 87.6 86.4 81.6 82.5 82.0 81.0 82.1 78.8 86.2 86.3 83.5 85.8 83.6 82.3 81.9 83.0 82.1 81.8 82.2 82.7 82.4 81.3 84.2 79.6 76.7 72.4 83.1 84.9 81.4 83.8 83.6 83.5 83.0 83.2 83.9 82.8 83.5 83.0 81.8 77.1 73.0 71.9 73.7 72.2 71.3 73.9 72.1 69.3 68.3 68.5 71.3
