morphological_analysis/input_data/surveys/q15_2/matrix_bed_q15_2s4.txt
north:            -537.50
south:           -1267.50
east:             2691.00
west:              -93.00
rows:                 148
cols:                 278
null:              -999.0
[rows 0 to 37 of 148, columns 168 to 251 of 278]
65.4 78.7 67.4 66.0 71.5 64.2 58.4 44.6 61.7 58.2 59.3 65.7 65.3 58.3 64.3 65.9 73.7 58.2 54.9 -999.0 -999.0 -999.0 -999.0 -999.0 2.6 62.6 63.9 66.1 59.9 64.2 57.4 57.5 48.9 72.3 65.8 66.7 66.0 65.6 67.1 66.7 66.1 74.3 68.7 60.3 60.0 65.1 58.2 60.9 70.5 -999.0 -999.0 -999.0 -999.0 -999.0 60.7 61.9 71.3 67.3 56.3 64.4 72.0 71.7 66.5 69.2 64.7 75.8 72.1 64.6 62.6 67.5 52.4 45.0 46.2 50.6 53.3 55.6 46.1 49.8 50.7 55.8 48.8 52.7 60.2 67.5
64.1 78.9 66.6 65.9 72.1 64.1 58.4 44.6 61.8 58.3 59.7 67.9 65.3 58.2 64.5 65.8 73.6 61.3 55.0 -999.0 -999.0 -999.0 -999.0 -999.0 2.6 62.0 64.4 64.6 59.3 64.4 59.5 57.7 50.1 72.3 64.4 66.7 65.5 65.6 67.1 67.0 65.5 71.3 68.0 60.4 59.7 64.9 57.6 60.9 72.7 -999.0 -999.0 -999.0 -999.0 -999.0 60.3 61.9 70.8 67.4 54.6 64.5 70.7 71.0 66.7 69.1 65.1 77.2 71.0 64.5 61.6 67.3 51.8 45.2 46.3 50.6 53.4 55.6 46.1 49.8 50.6 55.9 49.2 52.5 60.2 67.5
67.4 80.9 67.5 66.4 72.9 65.1 57.4 47.6 62.1 62.5 62.6 69.7 69.5 59.8 65.1 68.0 74.3 62.2 54.6 -999.0 -999.0 -999.0 -999.0 -999.0 2.6 62.1 65.7 63.8 60.7 66.4 61.2 57.8 53.0 72.3 61.7 68.0 68.3 65.8 66.2 67.7 67.6 70.9 68.4 60.8 61.6 67.4 62.7 63.3 73.3 -999.0 -999.0 -999.0 -999.0 -999.0 60.8 62.7 73.8 67.3 56.0 63.3 72.9 70.8 66.5 69.1 70.9 80.1 76.8 67.3 63.5 69.4 55.2 47.1 45.9 51.1 54.8 58.6 45.9 43.9 51.3 56.2 47.3 52.0 57.0 64.3
69.9 82.4 68.9 65.1 74.7 64.7 58.8 49.3 61.6 63.9 64.0 70.9 67.3 60.3 65.8 73.2 72.5 62.5 54.5 -999.0 -999.0 -999.0 -999.0 -999.0 2.6 58.8 65.7 64.3 61.8 67.9 65.3 59.8 57.2 72.3 70.0 67.8 67.2 66.4 66.3 67.4 70.0 71.8 67.8 62.6 62.3 66.9 64.0 65.5 74.7 -999.0 -999.0 -999.0 -999.0 -999.0 58.7 64.6 74.2 67.6 58.1 66.3 74.1 71.7 67.5 69.1 79.7 82.5 79.1 70.7 64.7 70.2 53.4 47.4 47.7 52.5 57.0 60.0 45.7 43.3 53.5 57.1 51.5 51.4 54.2 60.2
73.3 82.2 70.3 66.1 75.0 65.0 60.7 52.7 66.1 67.6 70.1 71.3 69.3 62.2 65.7 72.6 71.1 61.5 61.4 80.0 89.2 -999.0 -999.0 -999.0 -999.0 61.1 65.6 65.5 62.7 69.0 71.7 62.3 59.4 72.3 69.3 68.5 67.7 66.4 65.7 67.4 70.2 72.8 70.8 63.0 65.2 71.7 66.9 68.2 76.8 -999.0 -999.0 -999.0 -999.0 -999.0 61.6 65.4 70.1 66.2 63.1 70.3 72.4 73.2 66.4 73.3 88.0 85.0 85.4 85.1 67.9 70.3 57.5 48.5 49.6 54.6 61.6 62.3 46.1 45.9 53.2 57.9 55.9 51.5 53.4 62.8
74.5 82.7 64.9 68.3 75.1 69.6 60.4 55.0 66.6 69.5 73.8 75.1 70.1 62.8 68.4 72.3 71.3 61.5 61.2 78.8 84.0 67.1 92.7 73.1 56.5 61.8 66.1 66.7 63.6 72.8 72.1 63.4 61.6 73.0 69.8 69.7 67.1 67.5 65.1 67.9 69.9 73.3 70.7 63.8 65.3 74.3 67.8 70.6 78.1 -999.0 -999.0 -999.0 -999.0 -999.0 62.3 66.5 69.0 66.1 66.1 69.2 76.8 74.4 68.6 85.7 86.5 88.7 84.1 86.2 74.6 70.1 59.6 50.6 47.0 56.7 62.9 62.7 49.0 44.3 52.9 59.3 57.2 49.2 53.9 62.5
76.4 82.7 61.7 71.3 74.1 72.4 61.6 56.6 71.2 70.9 71.5 78.6 69.8 62.9 67.5 -999.0 71.1 -999.0 62.1 79.0 89.2 67.2 90.4 70.0 56.6 62.6 63.7 69.1 65.2 75.6 74.1 66.0 63.6 74.6 68.2 72.6 68.0 71.2 63.0 67.3 67.6 72.3 70.3 66.7 69.2 75.3 68.1 72.6 79.3 -999.0 -999.0 -999.0 88.2 -999.0 65.0 68.0 65.2 65.6 62.0 70.0 78.8 75.4 74.4 87.0 88.1 89.2 85.4 88.4 80.2 72.2 59.0 53.6 52.2 56.8 62.1 64.8 46.1 44.3 55.2 60.7 58.4 49.6 53.3 61.3
82.7 84.9 71.1 73.3 76.5 73.9 62.2 57.4 72.1 70.4 76.0 80.9 68.1 -999.0 68.4 -999.0 -999.0 -999.0 -999.0 72.1 63.0 67.2 78.3 65.5 56.2 62.2 66.3 69.0 65.0 75.9 74.1 75.8 75.7 80.5 78.9 79.3 80.7 78.3 71.8 72.5 70.5 75.5 71.5 75.8 80.9 75.6 78.2 79.4 81.7 -999.0 84.7 79.0 87.1 80.6 72.4 69.8 65.3 69.3 65.0 70.9 80.4 78.6 77.8 88.6 -999.0 -999.0 -999.0 -999.0 86.1 76.6 63.2 64.4 59.3 57.0 61.8 67.0 54.3 45.0 54.2 61.8 52.5 49.4 51.9 63.6
82.5 84.0 77.1 73.6 78.3 74.4 64.7 59.2 72.8 69.2 73.6 81.0 68.2 -999.0 -999.0 -999.0 -999.0 -999.0 -999.0 71.8 56.8 67.6 62.9 59.4 55.6 64.4 66.4 68.5 77.6 87.8 80.4 85.6 88.5 91.3 90.7 89.7 88.0 78.6 84.0 79.6 77.2 79.9 78.2 81.7 78.5 85.0 81.4 87.5 83.9 90.3 84.7 79.4 88.2 80.9 69.4 73.8 72.1 72.3 70.3 84.5 78.8 75.9 84.3 -999.0 -999.0 -999.0 -999.0 -999.0 85.3 82.8 68.8 75.1 65.4 68.7 62.0 69.0 52.5 52.6 56.5 63.7 57.7 47.8 53.1 65.2
82.6 85.2 78.6 73.7 77.9 85.5 64.2 59.3 72.7 69.1 73.7 81.0 68.0 -999.0 -999.0 -999.0 -999.0 -999.0 -999.0 -999.0 56.1 65.0 62.8 59.4 71.2 68.2 66.6 68.4 74.9 92.3 85.0 86.0 85.9 92.0 89.9 90.1 87.6 -999.0 81.6 87.6 88.2 86.8 91.9 90.4 81.0 85.4 89.8 88.5 85.6 90.3 84.7 79.7 82.9 81.2 76.4 80.7 81.1 78.6 79.7 86.1 81.8 75.8 84.3 -999.0 -999.0 -999.0 -999.0 -999.0 86.3 83.1 68.8 83.2 75.5 75.8 69.3 70.6 59.6 65.5 56.7 65.2 64.8 49.2 53.6 66.7
82.5 85.3 79.2 -999.0 78.3 86.8 64.7 -999.0 72.8 -999.0 73.4 -999.0 -999.0 -999.0 -999.0 -999.0 -999.0 -999.0 -999.0 -999.0 55.2 64.9 60.8 59.6 68.6 68.4 66.6 -999.0 78.1 92.6 85.3 -999.0 88.5 -999.0 92.0 -999.0 88.7 -999.0 84.0 87.9 86.4 87.2 89.3 90.7 -999.0 -999.0 89.8 -999.0 86.9 90.3 84.7 81.3 83.9 82.4 86.1 80.9 77.8 83.9 78.0 -999.0 87.4 -999.0 84.3 -999.0 -999.0 -999.0 -999.0 -999.0 -999.0 -999.0 68.8 83.6 73.1 77.9 85.0 72.4 69.0 78.0 61.3 64.0 68.1 51.3 56.4 66.7
-999.0 -999.0 -999.0 -999.0 -999.0 -999.0 -999.0 -999.0 -999.0 -999.0 -999.0 -999.0 -999.0 -999.0 -999.0 -999.0 -999.0 -999.0 -999.0 -999.0 -999.0 -999.0 62.8 -999.0 71.4 -999.0 -999.0 -999.0 -999.0 -999.0 -999.0 -999.0 -999.0 -999.0 -999.0 -999.0 -999.0 -999.0 -999.0 -999.0 88.4 -999.0 91.9 -999.0 -999.0 -999.0 89.8 -999.0 86.6 90.3 84.7 81.6 83.7 82.6 86.6 -999.0 81.2 85.9 79.8 -999.0 87.5 -999.0 -999.0 -999.0 -999.0 -999.0 -999.0 -999.0 -999.0 -999.0 -999.0 -999.0 75.5 -999.0 81.1 78.0 85.2 79.1 82.0 69.5 64.7 53.2 56.2 67.5
-999.0 -999.0 -999.0 -999.0 -999.0 -999.0 -999.0 -999.0 -999.0 -999.0 -999.0 -999.0 -999.0 -999.0 -999.0 -999.0 -999.0 -999.0 -999.0 -999.0 -999.0 -999.0 -999.0 -999.0 -999.0 -999.0 -999.0 -999.0 -999.0 -999.0 -999.0 -999.0 -999.0 -999.0 -999.0 -999.0 -999.0 -999.0 -999.0 -999.0 -999.0 -999.0 -999.0 -999.0 -999.0 -999.0 -999.0 -999.0 -999.0 -999.0 -999.0 -999.0 83.9 -999.0 88.6 -999.0 -999.0 -999.0 -999.0 -999.0 87.5 -999.0 -999.0 -999.0 -999.0 -999.0 -999.0 -999.0 -999.0 -999.0 -999.0 -999.0 -999.0 -999.0 85.0 78.3 83.2 -999.0 78.0 75.5 66.0 53.9 57.4 73.2
-999.0 85.4 89.1 -999.0 90.5 -999.0 -999.0 -999.0 -999.0 -999.0 -999.0 -999.0 -999.0 -999.0 -999.0 -999.0 -999.0 -999.0 -999.0 -999.0 -999.0 -999.0 -999.0 -999.0 -999.0 -999.0 -999.0 -999.0 -999.0 -999.0 -999.0 -999.0 -999.0 -999.0 -999.0 -999.0 -999.0 -999.0 -999.0 -999.0 -999.0 -999.0 -999.0 -999.0 -999.0 -999.0 -999.0 -999.0 -999.0 -999.0 -999.0 -999.0 -999.0 -999.0 -999.0 -999.0 -999.0 -999.0 -999.0 -999.0 -999.0 -999.0 -999.0 -999.0 -999.0 -999.0 -999.0 -999.0 -999.0 -999.0 -999.0 -999.0 -999.0 -999.0 -999.0 -999.0 85.8 -999.0 82.1 75.7 65.8 54.0 57.2 81.0
83.2 85.4 88.2 85.7 89.2 85.3 84.0 79.6 -999.0 81.0 82.0 82.9 82.8 78.4 61.3 59.8 57.1 55.8 56.3 78.8 89.3 -999.0 52.5 -999.0 53.2 -999.0 -999.0 -999.0 -999.0 -999.0 -999.0 -999.0 -999.0 -999.0 -999.0 -999.0 -999.0 -999.0 -999.0 -999.0 -999.0 -999.0 -999.0 -999.0 -999.0 -999.0 -999.0 -999.0 -999.0 -999.0 -999.0 -999.0 -999.0 -999.0 -999.0 -999.0 -999.0 -999.0 -999.0 -999.0 -999.0 -999.0 -999.0 -999.0 -999.0 -999.0 -999.0 -999.0 -999.0 -999.0 -999.0 -999.0 -999.0 -999.0 -999.0 -999.0 -999.0 -999.0 -999.0 -999.0 66.0 -999.0 57.4 83.0
83.2 85.4 89.1 85.7 90.5 85.3 83.9 79.9 83.6 81.0 81.9 83.0 82.8 78.7 62.2 59.0 57.6 56.1 56.3 76.3 80.4 54.5 51.8 44.7 52.1 48.4 45.0 45.9 43.3 45.5 52.0 64.7 63.3 85.7 64.7 -999.0 -999.0 -999.0 -999.0 -999.0 -999.0 -999.0 -999.0 -999.0 -999.0 -999.0 61.2 76.1 61.5 70.9 69.3 -999.0 -999.0 -999.0 -999.0 -999.0 -999.0 -999.0 -999.0 -999.0 -999.0 -999.0 -999.0 -999.0 -999.0 -999.0 -999.0 -999.0 -999.0 -999.0 -999.0 -999.0 -999.0 -999.0 -999.0 -999.0 -999.0 -999.0 -999.0 -999.0 -999.0 -999.0 -999.0 -999.0
83.2 85.1 84.4 85.5 84.0 85.3 84.0 80.7 83.7 81.0 82.0 83.0 82.8 78.7 61.3 62.6 57.1 56.1 56.3 66.8 88.7 54.4 52.5 45.4 53.0 48.6 44.7 46.0 43.4 45.8 52.8 63.3 63.3 82.9 64.4 64.9 64.7 65.1 -999.0 60.8 64.4 -999.0 45.5 44.9 40.5 44.7 57.9 72.6 61.0 69.4 69.3 66.8 67.5 70.8 71.5 77.3 77.4 82.6 79.8 -999.0 -999.0 -999.0 -999.0 -999.0 -999.0 -999.0 -999.0 -999.0 -999.0 -999.0 -999.0 -999.0 -999.0 -999.0 -999.0 -999.0 -999.0 -999.0 -999.0 -999.0 -999.0 -999.0 -999.0 -999.0
82.0 85.2 85.1 86.9 85.3 85.2 83.6 82.8 83.2 80.9 81.4 83.5 82.6 80.3 66.0 61.0 59.4 58.0 56.2 53.7 49.5 54.0 49.0 45.5 48.7 48.7 45.0 46.0 43.3 46.4 52.1 63.6 63.2 81.6 64.7 64.7 64.3 65.5 61.4 60.8 64.4 49.4 45.4 44.7 41.2 44.8 61.2 71.8 61.5 67.1 69.3 66.5 67.6 70.1 71.6 76.8 77.2 82.3 79.8 81.6 84.0 80.9 82.4 -999.0 -999.0 -999.0 -999.0 -999.0 -999.0 -999.0 -999.0 -999.0 76.7 -999.0 89.2 -999.0 -999.0 -999.0 -999.0 -999.0 -999.0 -999.0 -999.0 -999.0
82.9 82.8 84.5 87.2 86.7 83.6 86.6 83.8 84.5 79.7 81.6 82.9 81.1 79.7 66.3 63.0 60.2 59.6 57.9 56.5 52.0 55.3 47.9 48.5 47.2 49.4 43.6 46.6 43.9 47.1 55.4 57.0 60.4 65.1 63.4 64.7 64.7 63.3 61.5 60.8 64.4 49.6 45.5 44.1 40.5 44.8 44.3 52.2 59.0 64.4 65.1 65.4 67.5 70.3 71.5 76.7 77.4 78.8 79.8 81.6 83.5 81.5 82.3 81.0 84.1 81.4 80.9 80.4 80.2 78.2 74.6 78.3 77.1 77.0 86.8 75.7 79.3 74.4 80.0 75.5 74.1 74.0 74.0 75.6
83.3 85.6 85.1 87.0 87.6 88.4 84.7 82.6 85.6 82.3 81.9 82.1 81.8 77.6 67.6 62.5 61.7 62.1 53.2 55.8 53.0 54.7 53.7 49.3 50.4 49.3 41.8 45.2 47.5 48.3 55.9 58.7 62.3 63.4 65.1 63.9 62.8 60.1 61.3 60.9 58.7 50.1 45.3 42.9 43.9 44.3 43.0 50.2 56.8 62.6 66.1 63.1 67.8 67.0 72.0 73.6 76.2 79.0 79.6 81.5 84.0 82.7 82.4 81.1 84.2 81.2 80.6 80.2 79.9 78.4 75.2 78.5 76.7 76.9 89.2 75.7 78.8 74.3 80.0 75.2 74.1 73.8 73.9 75.9
83.1 85.1 83.6 87.7 89.4 87.1 85.0 82.8 86.1 84.0 81.9 82.8 80.3 76.2 65.1 63.2 58.1 61.5 58.4 56.6 55.4 54.7 57.4 50.2 53.2 50.8 44.7 47.3 49.1 51.6 58.9 59.7 60.1 64.1 63.5 64.6 63.8 59.8 62.4 60.4 56.0 50.3 48.3 43.2 39.6 42.9 47.5 49.5 57.8 59.6 64.8 62.9 66.1 68.6 70.7 73.0 71.3 79.0 79.4 80.9 81.6 82.2 81.8 81.1 83.5 81.1 80.9 80.2 80.2 79.1 74.6 77.4 78.4 76.9 77.5 75.8 79.3 74.3 80.0 74.6 74.1 73.8 74.0 75.9
82.6 85.4 85.1 86.0 87.1 86.6 86.1 84.5 85.3 83.9 80.9 83.6 82.3 74.0 64.7 63.2 57.0 59.6 61.6 58.1 59.2 57.7 57.7 55.5 55.6 48.9 45.9 48.5 53.7 54.7 60.5 63.5 62.8 65.0 66.5 65.4 64.4 64.3 62.2 57.3 52.2 50.2 45.6 45.1 44.9 46.8 48.0 52.8 59.6 59.7 65.5 64.5 68.5 67.5 71.0 72.3 71.2 76.7 78.3 78.2 80.1 79.9 80.2 80.8 81.1 79.4 79.7 79.3 78.9 80.3 77.4 77.7 76.4 76.4 77.7 76.1 77.0 74.6 78.0 74.7 75.9 73.2 73.4 77.3
82.5 85.5 84.9 87.1 87.9 87.3 86.9 83.6 84.7 83.0 85.7 84.5 84.2 70.6 65.4 62.7 57.0 60.8 62.8 60.9 59.7 59.1 62.4 57.9 55.6 49.2 45.3 49.7 53.4 57.7 60.5 63.4 64.5 65.6 68.5 65.5 61.4 64.6 60.2 55.9 53.4 48.7 46.4 45.2 45.9 48.0 46.9 54.3 58.3 62.2 65.8 68.0 70.3 67.5 68.1 72.1 70.7 75.3 75.5 78.0 77.9 79.7 81.4 78.9 80.9 78.9 79.2 79.4 77.1 77.7 75.2 77.7 77.9 76.8 79.0 77.7 76.4 75.4 77.1 75.8 74.3 74.6 75.3 76.4
82.7 84.9 84.0 87.6 88.0 88.0 87.4 82.7 85.5 82.3 83.2 82.7 81.9 70.3 61.2 63.6 59.4 61.5 64.1 64.1 63.3 60.9 65.2 62.4 59.5 50.2 51.3 54.1 56.3 60.5 65.8 65.6 64.4 68.2 66.3 66.1 63.8 64.1 58.2 55.3 51.8 49.5 46.6 39.6 46.2 51.1 53.9 57.2 63.3 63.8 66.1 69.1 69.3 70.1 71.8 73.4 71.0 75.7 76.2 77.5 77.8 80.9 78.0 79.2 83.3 80.3 79.1 79.3 77.6 79.1 76.3 77.2 78.2 76.4 79.0 77.8 76.3 75.3 75.8 74.3 73.6 72.3 74.9 75.4
83.2 86.2 87.1 88.8 86.6 88.1 86.7 84.6 84.3 83.2 83.4 84.5 81.9 70.2 64.7 64.8 59.8 62.7 63.3 63.5 63.7 64.9 65.9 65.1 55.1 52.9 53.1 58.4 57.9 65.1 63.2 67.5 67.3 67.2 66.7 67.7 68.5 62.2 55.7 54.2 48.8 50.1 45.6 40.5 46.5 54.4 56.7 59.8 63.0 65.6 68.2 70.6 71.0 71.8 71.8 73.6 73.0 75.3 76.5 74.6 79.4 78.6 79.1 80.5 81.4 80.0 85.3 80.3 79.0 78.7 77.4 78.1 79.5 76.5 78.6 77.8 76.5 74.9 72.5 74.8 72.5 75.3 74.8 73.2
81.1 86.1 86.5 88.6 88.6 87.9 84.0 84.3 82.5 83.6 82.5 84.3 79.4 70.3 62.7 67.4 60.0 65.3 63.8 64.0 60.3 67.9 66.6 66.4 54.7 53.8 58.7 62.5 64.9 67.1 64.4 65.2 66.4 67.5 66.2 68.3 64.4 60.5 58.9 53.5 51.4 50.0 47.0 44.1 53.0 57.6 56.6 53.9 64.1 66.4 68.9 69.4 73.3 72.3 72.7 73.0 74.7 74.9 74.9 77.2 75.0 79.4 78.5 79.9 80.8 79.7 78.9 80.5 79.5 78.8 77.5 79.3 79.9 78.1 79.5 76.9 77.3 75.8 73.9 75.3 72.7 76.8 74.2 75.4
84.4 85.4 88.0 87.6 86.5 88.9 86.4 83.5 84.5 85.0 85.0 83.9 73.3 69.6 64.0 74.0 64.0 66.9 67.6 66.6 66.1 68.1 67.3 66.2 56.3 54.6 60.3 67.7 70.1 67.4 66.8 64.3 65.7 66.3 65.8 68.0 64.4 59.4 57.9 52.9 51.9 49.6 48.6 48.3 57.2 61.3 61.4 53.2 63.5 65.4 67.5 70.0 68.3 74.1 72.6 72.8 74.7 73.4 77.4 78.4 77.0 77.3 76.2 76.9 79.5 80.5 80.7 80.6 78.7 79.4 75.9 79.4 78.0 77.9 77.3 74.8 79.9 77.2 75.4 77.5 74.5 75.5 73.0 74.7
86.5 83.0 86.6 87.5 85.0 88.0 87.5 85.0 84.4 81.5 81.8 83.8 72.4 68.8 62.5 74.5 67.9 68.4 68.9 69.6 67.7 68.9 67.7 65.6 59.2 58.2 65.8 69.8 68.9 66.8 66.5 66.5 66.5 66.2 67.3 65.5 60.1 59.4 58.1 53.3 53.2 49.6 55.1 52.7 60.3 63.1 63.9 65.1 63.0 66.6 68.7 70.6 72.9 74.7 71.6 74.0 74.1 73.8 75.2 75.6 75.5 77.1 77.9 78.0 79.7 79.7 78.5 81.5 82.2 81.1 78.8 79.9 78.9 78.9 79.7 77.4 77.8 75.7 71.8 77.8 77.6 74.6 76.2 77.6
84.7 83.4 86.1 88.1 88.0 87.3 84.6 85.6 82.7 81.7 84.3 83.4 73.1 69.8 62.6 74.6 69.5 69.7 69.9 74.6 71.9 69.6 68.9 66.0 58.9 63.3 67.9 70.7 68.8 68.4 67.7 68.0 69.9 66.6 65.5 63.6 57.4 58.9 60.2 54.0 54.7 58.2 58.2 55.0 60.8 65.3 65.0 67.1 66.0 67.3 66.9 70.9 71.6 75.5 74.6 74.6 74.2 75.2 75.3 77.2 74.3 77.3 76.2 78.1 78.6 79.5 80.6 82.7 79.6 80.6 78.7 80.6 79.2 80.0 77.2 77.4 76.9 74.1 74.7 76.2 76.4 72.2 78.5 75.9
83.8 83.4 85.4 88.2 86.0 88.3 85.9 84.5 84.5 80.5 83.1 81.4 72.3 66.1 57.7 70.1 69.4 71.6 72.3 70.5 72.8 68.9 68.4 67.1 63.7 67.4 69.8 72.0 66.9 66.8 70.6 67.2 66.7 68.2 66.4 62.0 64.5 59.1 59.4 55.6 56.0 63.2 64.7 58.5 63.4 68.1 65.7 68.4 66.6 67.4 65.8 69.6 70.5 73.2 75.1 74.2 73.7 74.8 74.2 78.2 76.3 77.3 78.1 78.1 79.8 78.8 84.3 81.3 81.4 77.0 77.6 82.1 81.0 78.0 78.3 75.3 77.3 77.6 77.6 76.8 73.6 73.7 77.3 75.9
82.9 84.3 84.5 87.1 85.7 86.4 85.8 83.5 84.6 83.2 82.5 79.6 71.5 66.2 67.9 67.4 69.3 72.2 75.1 69.4 72.7 69.1 71.4 68.3 67.9 71.9 70.6 71.7 67.7 67.0 66.4 67.6 67.5 68.8 65.2 61.8 62.2 58.4 59.4 58.2 62.2 66.2 67.7 62.8 68.7 69.3 62.9 68.2 65.7 66.9 68.1 70.0 71.3 70.0 73.9 73.7 73.6 75.9 77.3 77.5 68.1 77.2 76.8 76.7 79.1 79.8 79.0 82.0 80.2 83.6 78.6 81.9 76.6 80.8 78.7 77.1 78.8 78.8 79.5 78.8 76.9 75.6 76.1 76.8
82.2 83.8 83.3 87.6 80.4 86.6 83.5 84.7 85.3 86.0 83.3 78.0 71.8 63.1 71.3 68.7 72.2 72.6 73.9 70.7 73.8 70.9 69.0 67.7 72.0 74.0 75.9 72.1 67.6 64.9 64.7 67.6 67.1 68.8 61.3 60.6 60.5 59.6 60.7 60.0 66.6 67.9 70.7 67.2 67.2 69.9 70.3 67.7 67.3 65.2 69.0 69.7 68.9 68.3 74.1 74.2 74.4 76.2 75.6 77.3 76.5 77.2 77.4 78.8 78.2 79.3 78.2 82.2 80.2 81.8 80.9 81.6 84.7 81.2 82.8 79.4 81.7 80.2 80.0 80.3 78.5 81.5 79.9 80.2
82.7 86.0 84.4 86.1 84.7 86.8 85.4 84.0 86.3 84.9 85.5 76.4 70.2 65.6 66.1 67.1 71.5 72.5 76.0 72.3 74.8 72.6 67.9 67.7 71.6 74.7 77.1 71.8 69.1 65.2 66.4 65.8 65.7 65.2 59.7 59.8 60.3 61.8 62.1 62.9 69.8 69.3 71.3 71.5 69.7 69.7 68.8 66.1 69.0 66.3 68.5 69.9 71.0 73.1 75.4 74.5 75.2 75.0 74.9 78.0 78.9 77.0 77.5 77.8 78.8 77.8 79.1 82.0 82.7 84.5 81.2 80.8 83.3 81.9 84.6 79.7 79.5 80.3 82.0 81.7 79.9 82.0 77.2 83.1
81.7 84.3 80.5 84.6 92.6 86.6 85.3 84.2 84.4 83.4 82.3 73.2 68.4 66.6 72.9 67.7 71.4 73.5 76.0 69.8 73.6 73.0 72.2 69.3 74.1 75.8 75.3 70.1 70.0 66.5 63.9 64.9 66.4 62.0 60.0 60.3 60.2 61.4 64.5 65.4 71.8 68.6 72.6 72.8 73.0 71.2 68.0 68.5 67.7 66.6 66.9 70.6 71.3 72.9 74.2 75.9 73.9 73.5 74.2 73.8 77.7 78.0 77.2 78.7 78.6 78.6 76.6 81.2 82.4 84.8 79.6 82.2 81.2 79.2 83.7 80.8 79.3 80.5 82.1 82.5 79.2 80.8 79.2 82.2
80.7 84.1 74.4 85.1 89.5 85.2 87.4 85.0 85.4 81.3 80.9 72.2 69.2 67.3 73.0 68.9 70.9 74.1 74.9 72.4 76.0 69.6 73.4 69.9 75.5 79.0 70.3 70.3 70.8 66.7 64.4 63.9 63.0 60.9 58.8 59.4 59.3 64.3 67.8 72.3 75.5 71.4 72.3 75.8 72.4 72.3 67.1 69.6 70.9 68.3 68.7 69.8 69.5 69.3 71.2 74.6 73.4 74.3 74.9 77.4 77.5 76.9 76.8 79.5 80.9 79.3 83.2 79.8 82.6 84.8 81.8 83.6 80.9 82.0 85.4 83.2 81.6 81.2 78.7 83.3 80.7 80.4 81.0 82.8
80.4 84.2 76.5 84.3 90.3 85.5 87.0 83.0 86.2 83.3 76.7 70.8 70.2 67.2 72.9 69.8 72.0 74.8 72.9 75.7 74.5 71.1 74.1 73.3 77.0 82.2 77.5 68.3 68.4 67.4 67.5 64.1 61.7 61.2 57.7 63.6 63.0 68.9 71.1 71.3 74.1 72.8 73.5 78.8 76.0 73.5 72.5 70.3 68.0 69.8 70.9 69.1 71.7 70.5 71.4 74.3 73.9 76.4 77.2 79.7 77.0 79.2 77.6 79.9 78.4 78.7 79.8 79.5 82.1 84.2 84.0 83.3 81.7 82.8 82.9 81.5 81.3 81.1 84.6 83.0 81.2 83.8 81.6 83.6
79.3 83.5 79.9 79.7 85.2 84.9 86.5 81.3 85.0 80.1 72.2 70.3 71.8 67.1 72.5 69.7 73.7 74.4 73.7 75.2 73.6 71.8 76.5 76.1 75.2 84.2 75.4 68.8 67.8 69.7 63.7 64.6 64.5 61.7 59.4 65.5 65.4 70.0 71.3 70.6 73.7 71.7 76.9 78.4 74.8 75.6 70.3 71.2 70.5 71.6 70.4 69.1 72.3 70.9 70.5 75.3 72.8 77.2 74.5 81.6 77.9 78.7 78.1 78.1 80.5 79.9 75.9 79.5 81.0 84.9 83.7 83.3 82.4 83.3 82.6 80.7 81.3 80.6 82.7 82.6 82.1 83.9 83.8 83.0
80.2 82.0 80.8 74.3 86.6 84.8 86.8 85.4 85.7 76.7 68.0 69.4 69.2 69.1 73.0 69.0 75.6 74.5 77.4 74.2 76.6 72.5 73.9 78.1 77.7 85.3 73.6 71.4 70.4 70.3 68.5 65.0 59.8 67.0 60.2 68.9 69.5 71.6 73.7 75.2 71.0 74.5 78.3 78.3 73.2 75.0 74.8 71.5 71.3 71.0 69.8 69.2 71.9 70.6 76.3 74.8 74.1 77.4 73.3 75.8 78.3 76.9 78.6 77.2 78.9 77.2 78.6 80.0 82.4 86.2 82.8 82.3 82.7 82.8 80.3 80.5 80.8 81.7 79.5 82.0 80.2 84.0 81.6 82.7
