morphological_analysis/input_data/surveys/q10_2/matrix_bed_q10_2s4.txt
north:            -537.50
south:           -1247.50
east:             2697.00
west:              -93.00
rows:                 144
cols:                 279
null:              -999.0
[rows 0 to 37 of 144, columns 84 to 167 of 279]
-999.0 -999.0 -999.0 -999.0 -999.0 -999.0 -999.0 -999.0 -999.0 -999.0 -999.0 -999.0 -999.0 -999.0 -999.0 -999.0 -999.0 -999.0 -999.0 -999.0 -999.0 -999.0 -999.0 -999.0 -999.0 -999.0 -999.0 -999.0 -999.0 -999.0 -999.0 -999.0 -999.0 -999.0 -999.0 -999.0 -999.0 -999.0 -999.0 -999.0 -999.0 -999.0 -999.0 -999.0 -999.0 -999.0 -999.0 -999.0 -999.0 -999.0 -999.0 -999.0 -999.0 -999.0 -999.0 -999.0 -999.0 -999.0 -999.0 -999.0 -999.0 -999.0 -999.0 -999.0 -999.0 -999.0 -999.0 -999.0 -999.0 -999.0 -999.0 -999.0 -999.0 -999.0 -999.0 -999.0 -999.0 -999.0 -999.0 -999.0 -999.0 -999.0 -999.0 -999.0
-999.0 -999.0 -999.0 -999.0 -999.0 -999.0 -999.0 -999.0 -999.0 -999.0 -999.0 -999.0 -999.0 -999.0 -999.0 -999.0 -999.0 -999.0 -999.0 -999.0 -999.0 -999.0 -999.0 -999.0 -999.0 -999.0 -999.0 -999.0 -999.0 -999.0 -999.0 -999.0 -999.0 -999.0 -999.0 -999.0 -999.0 -999.0 -999.0 -999.0 -999.0 -999.0 -999.0 -999.0 -999.0 -999.0 -999.0 -999.0 -999.0 -999.0 -999.0 -999.0 -999.0 -999.0 -999.0 -999.0 -999.0 -999.0 -999.0 -999.0 -999.0 -999.0 -999.0 -999.0 -999.0 -999.0 -999.0 -999.0 -999.0 -999.0 -999.0 -999.0 -999.0 -999.0 -999.0 -999.0 -999.0 -999.0 -999.0 -999.0 -999.0 -999.0 -999.0 -999.0
-999.0 -999.0 -999.0 -999.0 -999.0 -999.0 -999.0 -999.0 -999.0 -999.0 -999.0 -999.0 -999.0 -999.0 -999.0 -999.0 -999.0 -999.0 -999.0 -999.0 -999.0 -999.0 -999.0 -999.0 -999.0 -999.0 -999.0 -999.0 -999.0 -999.0 -999.0 -999.0 -999.0 -999.0 -999.0 -999.0 -999.0 -999.0 -999.0 -999.0 -999.0 -999.0 -999.0 -999.0 -999.0 -999.0 -999.0 -999.0 -999.0 -999.0 -999.0 -999.0 -999.0 -999.0 -999.0 -999.0 -999.0 -999.0 -999.0 -999.0 -999.0 -999.0 -999.0 -999.0 -999.0 -999.0 -999.0 -999.0 -999.0 -999.0 -999.0 -999.0 -999.0 -999.0 -999.0 -999.0 -999.0 -999.0 -999.0 -999.0 -999.0 -999.0 -999.0 -999.0
-999.0 -999.0 -999.0 -999.0 -999.0 -999.0 -999.0 -999.0 -999.0 -999.0 -999.0 -999.0 -999.0 -999.0 -999.0 -999.0 -999.0 -999.0 -999.0 -999.0 -999.0 -999.0 -999.0 -999.0 -999.0 -999.0 -999.0 -999.0 -999.0 -999.0 -999.0 -999.0 -999.0 -999.0 -999.0 -999.0 -999.0 -999.0 -999.0 -999.0 -999.0 -999.0 -999.0 -999.0 -999.0 -999.0 -999.0 -999.0 -999.0 -999.0 -999.0 -999.0 -999.0 -999.0 -999.0 -999.0 -999.0 -999.0 -999.0 -999.0 -999.0 -999.0 -999.0 -999.0 -999.0 -999.0 -999.0 -999.0 -999.0 -999.0 -999.0 -999.0 -999.0 -999.0 -999.0 -999.0 -999.0 -999.0 -999.0 -999.0 -999.0 -999.0 -999.0 -999.0
-999.0 -999.0 -999.0 -999.0 -999.0 -999.0 -999.0 -999.0 -999.0 -999.0 -999.0 -999.0 -999.0 -999.0 -999.0 -999.0 -999.0 -999.0 -999.0 -999.0 -999.0 -999.0 -999.0 -999.0 -999.0 -999.0 -999.0 -999.0 -999.0 -999.0 -999.0 -999.0 -999.0 -999.0 -999.0 -999.0 -999.0 -999.0 -999.0 -999.0 -999.0 -999.0 -999.0 -999.0 -999.0 -999.0 -999.0 -999.0 -999.0 -999.0 -999.0 -999.0 -999.0 -999.0 -999.0 -999.0 -999.0 -999.0 -999.0 -999.0 -999.0 -999.0 -999.0 -999.0 -999.0 -999.0 -999.0 -999.0 -999.0 -999.0 -999.0 -999.0 -999.0 -999.0 -999.0 -999.0 -999.0 -999.0 -999.0 -999.0 -999.0 -999.0 -999.0 -999.0
-999.0 -999.0 -999.0 -999.0 -999.0 -999.0 -999.0 -999.0 -999.0 -999.0 -999.0 -999.0 -999.0 -999.0 -999.0 -999.0 -999.0 -999.0 -999.0 -999.0 -999.0 -999.0 -999.0 -999.0 -999.0 -999.0 -999.0 -999.0 -999.0 -999.0 -999.0 -999.0 -999.0 -999.0 -999.0 -999.0 -999.0 -999.0 -999.0 -999.0 -999.0 -999.0 -999.0 -999.0 -999.0 -999.0 -999.0 -999.0 -999.0 -999.0 -999.0 -999.0 -999.0 -999.0 -999.0 -999.0 -999.0 -999.0 -999.0 -999.0 -999.0 -999.0 -999.0 -999.0 -999.0 -999.0 -999.0 -999.0 -999.0 -999.0 -999.0 -999.0 -999.0 -999.0 -999.0 -999.0 -999.0 -999.0 -999.0 -999.0 -999.0 -999.0 -999.0 -999.0
-999.0 -999.0 -999.0 -999.0 -999.0 -999.0 -999.0 -999.0 -999.0 -999.0 -999.0 -999.0 -999.0 -999.0 -999.0 -999.0 -999.0 -999.0 -999.0 -999.0 -999.0 -999.0 -999.0 -999.0 -999.0 -999.0 -999.0 -999.0 -999.0 -999.0 -999.0 -999.0 -999.0 -999.0 -999.0 -999.0 -999.0 -999.0 -999.0 -999.0 -999.0 -999.0 -999.0 -999.0 -999.0 -999.0 -999.0 -999.0 -999.0 -999.0 -999.0 -999.0 -999.0 -999.0 -999.0 -999.0 -999.0 -999.0 -999.0 -999.0 -999.0 -999.0 -999.0 -999.0 -999.0 -999.0 -999.0 -999.0 -999.0 -999.0 -999.0 -999.0 -999.0 -999.0 -999.0 -999.0 -999.0 -999.0 -999.0 -999.0 -999.0 -999.0 -999.0 -999.0
-999.0 -999.0 -999.0 -999.0 -999.0 -999.0 -999.0 -999.0 -999.0 -999.0 -999.0 -999.0 -999.0 -999.0 -999.0 -999.0 -999.0 -999.0 -999.0 -999.0 -999.0 -999.0 -999.0 -999.0 -999.0 -999.0 -999.0 -999.0 -999.0 -999.0 -999.0 -999.0 -999.0 -999.0 -999.0 -999.0 -999.0 -999.0 -999.0 -999.0 -999.0 -999.0 -999.0 -999.0 -999.0 -999.0 -999.0 -999.0 -999.0 -999.0 -999.0 -999.0 -999.0 -999.0 -999.0 -999.0 -999.0 -999.0 -999.0 -999.0 -999.0 -999.0 -999.0 -999.0 -999.0 -999.0 -999.0 -999.0 -999.0 -999.0 -999.0 -999.0 -999.0 -999.0 -999.0 -999.0 -999.0 -999.0 -999.0 -999.0 -999.0 -999.0 -999.0 -999.0
-999.0 -999.0 -999.0 -999.0 -999.0 -999.0 -999.0 -999.0 -999.0 -999.0 -999.0 -999.0 -999.0 -999.0 -999.0 -999.0 -999.0 -999.0 -999.0 -999.0 -999.0 -999.0 -999.0 -999.0 -999.0 -999.0 -999.0 -999.0 -999.0 -999.0 -999.0 -999.0 -999.0 -999.0 -999.0 -999.0 -999.0 -999.0 -999.0 -999.0 -999.0 -999.0 -999.0 -999.0 -999.0 -999.0 -999.0 -999.0 -999.0 -999.0 -999.0 -999.0 -999.0 -999.0 -999.0 -999.0 -999.0 -999.0 -999.0 -999.0 -999.0 -999.0 -999.0 -999.0 -999.0 -999.0 -999.0 -999.0 -999.0 -999.0 -999.0 -999.0 -999.0 -999.0 -999.0 -999.0 -999.0 -999.0 -999.0 -999.0 -999.0 -999.0 -999.0 -999.0
-999.0 -999.0 -999.0 -999.0 -999.0 -999.0 -999.0 -999.0 -999.0 -999.0 -999.0 -999.0 -999.0 86.3 -999.0 -999.0 -999.0 -999.0 -999.0 -999.0 -999.0 -999.0 -999.0 -999.0 -999.0 -999.0 -999.0 -999.0 -999.0 -999.0 -999.0 -999.0 -999.0 -999.0 -999.0 -999.0 -999.0 -999.0 -999.0 -999.0 -999.0 -999.0 -999.0 -999.0 -999.0 -999.0 -999.0 -999.0 -999.0 -999.0 -999.0 -999.0 -999.0 -999.0 -999.0 -999.0 -999.0 -999.0 -999.0 -999.0 -999.0 -999.0 -999.0 -999.0 -999.0 -999.0 -999.0 -999.0 -999.0 -999.0 -999.0 -999.0 -999.0 -999.0 -999.0 -999.0 -999.0 -999.0 -999.0 -999.0 -999.0 -999.0 -999.0 -999.0
77.0 75.5 76.1 76.2 -999.0 74.5 74.1 72.6 73.5 78.8 72.2 69.8 71.4 86.3 -999.0 -999.0 -999.0 -999.0 -999.0 -999.0 -999.0 -999.0 -999.0 -999.0 -999.0 -999.0 -999.0 -999.0 -999.0 -999.0 -999.0 -999.0 -999.0 -999.0 -999.0 -999.0 -999.0 -999.0 -999.0 -999.0 -999.0 -999.0 -999.0 -999.0 -999.0 -999.0 -999.0 -999.0 -999.0 -999.0 -999.0 -999.0 -999.0 -999.0 -999.0 -999.0 -999.0 -999.0 -999.0 -999.0 -999.0 -999.0 -999.0 -999.0 -999.0 -999.0 -999.0 -999.0 -999.0 -999.0 -999.0 -999.0 -999.0 -999.0 -999.0 -999.0 -999.0 -999.0 -999.0 -999.0 -999.0 -999.0 -999.0 -999.0
77.0 75.3 76.1 76.3 75.7 74.5 74.1 73.1 73.1 78.1 72.4 70.3 71.1 86.2 71.8 64.5 70.4 56.4 -999.0 63.1 -999.0 72.9 71.4 72.6 -999.0 57.3 55.9 -999.0 -999.0 56.6 47.4 53.3 51.1 49.0 -999.0 53.3 -999.0 56.0 52.7 51.3 -999.0 54.1 -999.0 54.9 59.0 58.1 58.1 62.1 -999.0 64.5 67.6 67.5 70.3 69.2 70.6 72.3 72.3 72.9 75.9 77.6 78.2 79.2 -999.0 75.8 -999.0 78.3 78.4 76.0 75.8 78.5 81.9 80.2 80.5 87.2 78.7 85.8 78.4 87.9 77.0 80.0 -999.0 80.8 82.3 81.6
76.9 75.2 76.1 76.3 75.6 74.5 74.1 74.8 73.5 76.8 72.2 70.5 71.4 74.4 71.0 64.7 70.0 56.5 59.0 62.7 68.1 72.5 71.8 71.5 65.6 57.2 56.5 50.8 51.2 56.7 50.6 53.2 51.7 48.2 51.4 52.5 51.3 55.2 52.3 51.3 53.8 53.8 55.6 54.9 59.0 58.6 58.7 62.1 62.6 64.4 67.2 67.5 70.3 69.2 70.3 72.0 72.2 72.8 75.9 77.6 78.2 79.3 78.4 76.5 75.6 78.3 79.0 76.7 77.5 78.8 81.3 80.9 80.5 86.1 78.7 85.1 79.3 87.5 76.9 79.6 78.2 80.7 82.0 81.8
72.5 73.9 76.2 75.9 75.2 74.8 74.4 75.5 71.6 72.3 73.2 71.2 70.1 67.4 71.8 64.8 64.3 58.4 59.0 62.7 66.2 72.5 71.4 69.6 65.9 56.5 55.9 51.7 51.4 57.0 47.8 53.2 51.2 48.4 51.0 52.5 51.2 55.2 52.7 51.4 54.2 52.3 54.9 55.1 59.0 58.6 58.1 62.0 62.8 64.1 67.6 67.5 70.3 69.2 70.6 70.1 72.3 72.1 75.9 77.5 78.2 79.2 78.2 76.7 75.9 78.4 78.4 76.9 75.9 78.9 81.9 77.7 80.5 85.8 78.7 83.1 78.4 83.2 77.0 79.3 78.5 80.8 82.3 84.3
74.8 73.0 76.4 75.7 76.0 75.0 74.9 74.1 73.2 72.9 72.9 71.8 72.6 71.3 66.6 66.3 64.1 60.0 60.1 61.0 74.4 70.3 73.0 63.5 64.1 56.3 58.8 51.8 50.8 58.9 60.2 53.0 53.4 46.6 50.7 48.1 50.2 51.0 50.8 51.6 52.1 52.2 58.2 55.5 59.1 61.0 60.9 61.7 62.2 63.7 65.6 67.6 67.6 69.0 69.0 69.5 71.6 72.9 76.0 77.0 77.4 79.3 79.0 80.0 75.6 78.8 81.1 79.7 83.1 79.7 78.8 80.4 80.5 80.1 78.7 80.3 83.1 79.9 76.7 79.3 77.2 80.4 80.8 86.8
78.1 74.3 75.7 75.5 73.9 75.3 74.1 74.0 75.6 72.3 71.2 72.1 75.1 68.6 68.2 67.2 67.0 62.5 61.9 65.0 69.6 71.4 72.2 64.7 64.3 57.3 54.5 57.5 55.6 62.8 59.6 55.9 54.8 52.5 51.0 50.5 48.9 52.9 54.3 52.9 54.6 52.8 56.4 56.2 60.2 59.9 58.0 60.3 63.1 63.9 67.3 66.3 68.1 68.2 67.6 68.4 70.8 70.4 71.7 74.5 75.4 76.1 76.2 79.8 76.8 79.6 83.0 79.8 80.2 79.8 80.8 79.6 81.0 80.9 81.9 80.3 80.5 81.8 79.3 80.1 78.1 80.9 80.0 81.8
78.0 75.8 76.3 74.0 75.3 75.1 73.0 75.1 74.9 73.3 69.5 72.2 68.6 70.1 70.6 69.7 69.5 65.8 63.9 67.1 70.0 69.2 71.6 65.2 62.6 57.3 53.7 61.5 61.6 66.2 62.3 61.7 59.4 55.7 53.4 52.6 50.9 54.0 52.5 55.2 57.7 56.1 57.3 56.1 56.5 66.3 60.3 63.3 60.5 64.5 62.0 67.0 67.9 69.3 67.3 71.4 69.2 72.8 72.0 73.8 73.8 77.7 73.0 79.5 78.3 78.9 81.0 83.7 81.3 80.1 81.5 79.3 79.1 81.0 82.6 80.1 82.3 82.6 81.3 81.7 81.3 78.7 80.4 82.1
77.9 77.2 79.4 78.4 75.5 75.2 76.8 76.2 78.8 77.2 76.9 72.7 71.8 73.9 75.1 71.5 72.4 68.7 68.3 68.4 72.4 70.5 71.2 65.2 63.1 60.7 62.4 64.9 64.4 69.5 66.3 64.7 63.1 61.8 56.3 57.6 55.3 55.1 54.7 57.2 59.4 60.5 58.5 58.5 59.0 59.9 60.9 60.4 63.1 64.2 64.2 67.5 67.2 67.8 68.2 72.6 70.1 73.6 70.6 74.6 73.0 76.6 75.9 77.7 80.6 78.7 79.6 79.7 81.7 81.2 83.9 79.9 82.9 80.6 83.5 83.7 83.4 82.5 81.3 80.1 78.9 81.7 81.2 82.0
83.3 78.2 80.6 82.6 78.5 78.7 83.1 77.9 78.7 77.2 82.5 76.6 77.3 76.3 75.0 73.3 72.4 71.3 71.4 70.5 71.4 72.8 69.6 67.5 65.7 66.0 66.8 69.0 69.3 69.7 68.2 68.4 65.7 63.7 60.1 60.2 56.8 57.5 56.9 59.5 58.5 59.1 59.8 59.1 60.3 61.3 62.8 64.0 63.7 64.5 64.7 66.5 69.9 68.9 68.0 68.0 69.8 73.6 71.4 73.8 73.0 75.1 78.6 79.9 77.8 79.3 80.5 79.8 81.4 81.7 81.8 79.3 80.5 79.8 83.9 82.3 83.0 83.0 78.8 83.5 81.3 81.7 81.4 81.1
82.3 81.0 81.8 80.8 80.3 80.3 81.2 80.5 80.4 78.4 79.6 77.6 77.8 78.2 77.5 75.7 74.8 73.2 72.1 72.8 74.6 73.9 67.2 68.7 66.9 72.2 70.4 72.7 69.3 70.5 69.3 69.1 67.3 64.3 62.4 61.8 63.5 60.8 62.1 60.8 60.0 63.9 58.5 61.6 60.9 60.8 61.6 63.1 65.7 66.6 65.7 66.7 67.6 68.9 68.5 69.9 72.3 71.7 71.9 73.3 74.0 74.9 75.3 75.6 80.3 78.8 81.1 80.2 81.8 80.5 82.1 80.3 81.5 80.3 82.3 83.5 82.6 84.1 85.0 83.7 82.6 81.8 83.7 80.7
81.9 82.7 81.2 82.4 83.3 78.9 79.8 80.3 80.9 79.6 78.0 77.8 76.6 76.0 73.9 74.6 74.3 76.4 69.9 75.1 75.2 75.8 66.2 68.9 67.8 74.7 74.4 74.5 73.8 71.5 69.1 70.1 66.6 65.8 64.9 63.5 63.7 64.2 64.2 61.4 62.2 64.8 60.5 63.1 61.2 61.8 62.8 63.7 62.0 67.0 65.1 67.4 69.9 68.5 70.7 70.1 70.6 68.5 72.1 72.8 71.9 74.5 76.3 75.9 76.9 78.0 78.0 80.8 80.5 81.0 84.5 81.3 81.0 78.5 82.9 82.3 83.5 85.1 82.8 83.4 85.1 82.1 81.3 83.2
82.7 79.8 86.2 82.0 80.1 79.8 80.5 80.5 81.6 79.1 79.5 77.2 76.2 76.2 77.0 76.8 76.2 77.9 78.0 77.3 76.1 76.0 65.9 68.6 75.2 76.1 76.3 76.8 74.0 70.9 69.2 70.9 67.9 67.0 67.1 67.3 63.3 65.7 64.5 62.8 65.5 63.4 61.6 64.8 62.3 64.2 62.3 64.8 63.8 67.3 66.7 67.6 69.2 69.5 70.9 71.8 73.2 70.2 70.3 72.2 77.5 73.7 77.0 76.0 76.7 78.3 80.1 81.4 80.6 81.9 84.9 81.6 78.6 80.6 79.3 84.3 85.0 84.9 85.4 83.9 83.7 82.1 85.2 83.3
82.9 81.1 83.0 81.5 81.1 81.4 81.8 77.9 78.8 79.0 78.0 76.5 74.9 74.9 76.4 76.2 77.1 78.5 78.6 79.0 77.0 75.7 65.8 66.6 78.5 77.5 77.4 76.2 72.2 73.1 69.2 69.8 69.9 65.4 68.8 69.4 67.1 66.8 63.7 65.5 63.8 64.0 65.3 64.2 64.4 65.4 62.4 67.7 66.3 66.2 66.4 67.0 70.8 70.9 71.5 71.6 71.9 70.4 73.1 76.1 72.2 74.0 80.8 76.0 78.5 78.6 86.0 81.9 76.7 81.6 80.4 81.8 80.4 79.3 81.9 84.5 83.3 84.0 85.4 84.1 84.6 82.4 84.6 81.7
83.8 80.6 81.8 82.2 79.4 82.1 81.2 78.4 79.4 77.9 77.0 74.1 78.3 74.6 75.8 77.6 77.5 79.1 79.4 77.8 77.5 76.5 67.4 75.1 76.8 78.6 76.4 75.1 69.9 74.3 69.2 69.0 68.2 67.4 67.1 70.5 66.8 68.4 64.9 67.0 68.1 66.5 65.3 65.2 68.9 67.0 65.2 70.3 67.4 68.3 70.1 70.0 72.1 71.8 70.6 71.3 72.8 70.7 72.8 72.9 72.2 75.7 75.1 76.0 78.1 78.7 78.7 80.1 78.4 79.9 80.9 80.9 82.2 79.7 84.4 85.0 83.1 82.9 83.3 83.8 85.2 82.5 82.7 81.7
80.5 80.0 81.0 81.8 82.0 78.4 78.1 78.1 79.2 77.8 75.9 73.7 76.9 76.5 76.5 78.3 80.1 79.9 78.9 75.2 77.4 75.7 66.9 78.8 78.8 78.3 78.2 72.8 71.4 71.3 69.8 67.8 72.1 68.8 69.1 70.6 69.1 69.2 67.9 68.0 70.2 65.9 67.8 67.1 64.4 66.5 65.1 67.0 68.7 69.7 69.4 71.7 71.1 71.2 72.8 71.3 72.8 73.0 75.2 74.1 75.8 77.2 74.8 76.6 75.9 78.0 80.5 78.6 83.5 80.6 80.8 80.6 83.8 80.6 86.2 82.7 85.0 83.5 86.4 82.8 85.2 83.9 84.7 84.8
82.2 80.8 79.8 80.7 78.4 77.6 78.4 79.7 81.2 77.5 76.1 74.6 73.9 78.5 77.5 78.6 81.9 81.2 77.4 74.8 76.8 73.0 71.2 78.1 79.9 77.2 76.4 73.8 71.7 72.6 69.9 68.5 68.1 69.2 68.0 69.0 68.5 69.6 67.3 69.2 69.2 67.4 66.4 68.0 66.0 66.0 64.3 66.7 66.6 68.7 69.1 72.2 70.5 71.6 71.6 70.9 72.7 73.3 73.5 75.4 74.6 79.3 76.4 76.1 77.1 78.9 77.4 79.0 82.3 81.0 81.7 80.5 82.6 81.0 84.5 85.5 84.9 83.3 85.3 82.8 85.3 83.7 84.2 84.8
80.9 80.0 79.4 78.7 76.7 78.1 83.3 77.5 79.0 75.5 72.5 75.1 75.2 80.2 76.8 78.5 77.5 79.3 78.4 74.9 73.3 68.8 75.0 79.3 78.5 77.1 76.0 72.0 72.3 71.3 70.5 68.6 69.3 69.3 72.5 70.1 71.4 69.8 69.5 69.3 68.6 69.0 69.2 69.0 67.2 65.9 66.6 67.9 68.2 66.7 69.9 70.3 73.6 72.8 70.5 71.3 72.9 72.5 73.3 74.0 71.1 74.8 75.8 77.6 76.6 77.6 80.6 81.5 80.4 80.0 81.9 81.2 79.7 80.3 81.9 83.9 84.6 82.9 86.5 84.5 84.9 82.4 85.8 84.2
79.6 78.9 79.0 78.1 76.2 77.2 79.4 78.4 76.7 78.0 76.4 75.5 76.8 76.5 78.4 79.5 80.8 78.4 79.6 75.3 75.0 68.4 77.2 79.3 78.9 75.8 75.8 72.7 70.5 69.6 68.3 67.9 68.6 68.5 68.6 70.1 75.0 69.9 68.9 70.8 69.2 68.8 70.0 67.9 66.4 67.4 67.9 67.8 67.3 67.5 72.6 71.9 72.8 71.7 73.7 72.1 71.8 72.6 72.7 72.5 74.4 75.2 74.0 76.4 77.2 76.4 78.1 78.5 81.2 82.4 82.4 82.1 83.4 81.6 81.1 84.5 84.5 85.1 86.1 85.0 83.5 83.0 82.5 86.3
79.8 78.6 79.2 76.8 75.3 77.1 80.8 78.9 79.9 76.8 74.5 75.0 75.1 77.7 77.6 79.0 82.0 82.9 75.1 75.7 74.8 67.6 78.7 78.4 79.6 73.6 72.8 72.9 74.8 69.6 69.4 68.7 69.1 67.6 70.6 69.8 70.6 70.2 69.0 70.8 70.6 70.2 73.1 69.5 71.9 69.2 69.2 67.5 65.9 69.5 69.3 71.0 70.9 71.8 71.6 73.6 72.9 73.5 72.9 73.6 73.3 74.4 74.1 75.7 76.3 79.0 78.5 78.9 80.4 81.3 80.2 80.8 82.7 82.3 80.0 84.4 84.1 85.0 83.6 85.5 84.2 83.2 85.5 84.6
80.2 79.5 76.7 75.2 76.8 78.0 78.5 78.0 75.6 74.8 73.3 76.6 78.8 79.0 78.3 81.1 81.4 79.9 78.3 76.9 75.2 66.4 81.7 78.2 76.5 74.0 72.9 73.8 66.3 69.6 67.5 69.6 73.8 68.1 70.8 69.8 71.6 70.8 70.8 70.7 71.0 73.6 72.4 73.2 70.7 70.9 69.5 68.3 71.9 68.9 70.4 71.0 71.9 72.9 72.3 75.0 73.9 74.6 76.4 76.3 74.9 75.4 74.9 75.1 77.0 78.3 75.7 79.9 84.0 81.4 75.4 79.8 82.1 80.5 81.3 83.1 85.1 85.2 85.2 85.1 84.7 82.7 83.6 82.9
81.7 78.6 78.6 76.5 75.4 76.3 75.9 80.2 78.0 75.8 77.1 78.6 76.6 79.8 79.4 81.8 80.5 81.0 80.0 81.9 77.0 65.4 78.9 78.8 77.6 74.3 72.7 73.9 71.9 68.9 66.0 70.2 67.3 67.1 70.7 70.0 69.4 70.7 71.7 70.4 75.2 72.7 71.0 71.9 70.8 71.3 70.2 68.8 71.3 68.8 70.2 70.9 70.3 73.6 74.3 75.0 75.5 73.9 74.5 77.1 72.5 74.8 74.4 75.1 75.5 77.6 79.8 80.3 82.6 81.1 81.3 80.6 81.9 79.8 80.5 82.8 83.6 85.9 86.2 85.0 85.5 82.4 84.6 84.2
76.8 76.7 77.2 76.0 75.4 74.1 75.0 78.3 76.2 77.1 75.8 79.5 75.0 80.2 83.1 79.4 83.2 81.6 79.5 78.6 77.0 70.6 78.7 78.3 78.1 74.8 71.4 72.0 70.2 70.8 66.6 67.9 68.0 66.7 69.7 69.6 71.7 69.3 71.2 70.3 69.8 72.1 73.9 71.8 70.8 70.7 71.7 69.4 71.2 69.9 70.6 71.1 70.0 74.5 73.9 74.6 74.7 76.7 72.1 75.3 79.3 73.1 77.2 75.4 77.5 77.0 76.4 80.0 78.6 80.8 81.8 82.4 83.7 80.6 80.4 80.9 85.2 85.9 81.9 83.9 80.4 82.9 83.7 86.0
77.3 76.7 77.4 76.8 75.1 77.0 75.5 76.2 74.5 78.2 78.0 83.0 81.6 81.5 82.2 80.5 81.4 82.0 80.2 78.5 75.2 75.4 80.3 78.7 74.8 72.5 71.7 71.1 70.0 70.2 67.0 68.6 67.1 67.8 72.2 70.4 73.3 72.7 71.7 72.5 75.1 71.9 72.0 73.9 74.2 70.4 73.0 69.5 70.9 71.9 73.3 72.2 71.8 74.6 74.0 73.9 77.4 76.7 79.0 75.0 75.4 73.2 75.6 75.3 76.3 76.9 80.2 80.4 80.2 81.7 83.6 83.4 83.5 81.1 81.4 80.1 81.5 85.0 83.9 83.6 82.2 81.4 82.8 83.9
75.3 74.2 76.7 76.0 74.0 77.4 75.1 77.1 77.8 78.6 77.2 83.4 79.1 81.8 81.9 80.3 81.5 79.6 80.4 78.2 73.7 77.2 74.0 76.9 72.4 71.9 71.7 71.6 69.7 69.0 68.3 69.7 69.3 68.2 73.1 71.9 72.0 72.7 72.3 73.6 71.6 72.6 72.2 73.4 73.3 71.2 71.0 70.8 71.6 72.3 72.5 72.4 73.8 74.6 73.9 73.7 73.2 74.4 74.8 74.0 72.6 73.3 75.8 74.9 76.5 75.8 78.6 78.8 77.7 81.1 83.7 84.2 84.2 81.1 82.7 79.4 79.7 82.2 85.8 82.6 81.3 79.8 83.6 83.2
75.3 73.5 77.9 75.6 74.5 76.9 77.6 77.0 77.6 78.0 77.5 82.1 81.5 82.7 82.7 81.2 79.4 80.5 79.5 78.1 69.7 79.4 78.1 75.7 73.1 71.6 71.9 70.5 71.3 67.9 65.9 71.0 67.4 69.5 70.0 72.7 72.3 72.2 73.6 73.7 73.3 73.8 73.9 72.8 72.0 72.7 75.5 72.6 72.9 74.1 72.4 72.9 74.1 71.3 74.3 74.0 74.8 75.3 76.0 74.9 75.3 72.9 75.0 75.0 78.9 74.8 77.2 79.4 77.6 81.4 80.4 86.3 82.4 80.4 82.5 79.3 79.1 83.1 85.5 81.6 78.7 79.6 79.4 82.9
74.3 75.7 71.9 72.6 74.5 75.6 76.6 76.7 79.8 77.3 81.6 81.3 83.8 82.9 82.1 82.0 82.5 80.1 78.5 78.8 67.0 80.2 78.9 75.7 73.4 71.5 72.3 70.1 69.4 67.7 66.3 70.2 67.1 67.7 70.0 73.2 71.6 71.8 74.3 73.9 76.1 74.8 78.9 73.6 74.2 74.9 72.7 71.8 73.9 72.1 71.9 73.2 74.9 70.0 74.1 74.0 76.6 75.8 76.7 74.8 75.1 74.6 75.9 74.3 77.0 77.1 78.1 78.5 77.3 81.2 81.1 82.1 83.2 81.5 81.3 78.4 79.1 82.1 82.5 80.6 86.5 80.0 81.5 82.6
73.0 75.1 76.3 73.1 78.2 74.5 76.4 78.5 81.1 80.9 81.8 82.5 82.1 83.1 84.0 81.3 80.9 81.8 80.6 79.1 68.5 80.3 77.8 76.0 71.8 71.1 70.9 71.1 69.2 68.1 68.6 69.8 72.2 69.5 71.2 72.8 75.8 72.7 75.2 73.8 76.0 74.7 75.0 75.7 73.3 75.6 74.6 73.1 71.2 69.0 74.6 73.8 73.9 73.2 76.1 74.8 75.5 75.4 77.7 74.7 75.2 76.0 77.1 76.3 76.3 76.5 77.4 78.3 79.2 82.8 82.7 81.7 82.0 82.5 79.1 79.5 80.7 79.4 83.1 81.0 82.1 81.1 82.6 80.1
73.9 72.9 71.5 73.1 73.7 79.0 79.4 80.0 81.1 82.9 82.2 83.3 82.2 82.8 82.3 81.1 80.5 80.1 77.6 77.2 69.6 80.3 80.5 74.6 74.5 70.7 70.3 71.3 70.8 67.9 66.7 69.8 64.2 70.7 72.2 73.6 75.2 71.7 74.2 73.9 77.1 74.8 74.5 77.0 74.7 75.8 74.5 74.6 76.5 72.6 75.3 74.7 74.8 74.1 74.5 74.6 75.0 76.4 75.4 75.4 75.5 76.5 76.6 75.9 78.3 77.1 78.2 76.8 79.7 82.9 77.1 83.3 79.3 82.3 81.2 79.6 78.8 78.1 83.6 79.1 82.7 80.9 79.9 80.7
