morphological_analysis/input_data/surveys/q10_2/matrix_bed_q10_2s4.txt
north:            -537.50
south:           -1247.50
east:             2697.00
west:              -93.00
rows:                 144
cols:                 279
null:              -999.0
[rows 0 to 37 of 144, columns 0 to 83 of 279]
-999.0 -999.0 -999.0 -999.0 -999.0 -999.0 -999.0 -999.0 -999.0 -999.0 -999.0 -999.0 -999.0 -999.0 -999.0 -999.0 -999.0 -999.0 -999.0 -999.0 -999.0 -999.0 -999.0 -999.0 -999.0 -999.0 -999.0 -999.0 -999.0 -999.0 -999.0 -999.0 -999.0 -999.0 -999.0 -999.0 -999.0 -999.0 -999.0 -999.0 -999.0 -999.0 -999.0 -999.0 -999.0 -999.0 -999.0 -999.0 -999.0 -999.0 -999.0 -999.0 -999.0 -999.0 -999.0 -999.0 -999.0 -999.0 -999.0 -999.0 -999.0 -999.0 -999.0 -999.0 -999.0 -999.0 -999.0 -999.0 -999.0 -999.0 -999.0 -999.0 -999.0 -999.0 -999.0 -999.0 -999.0 -999.0 -999.0 -999.0 -999.0 -999.0 -999.0 -999.0
-999.0 -999.0 -999.0 -999.0 -999.0 -999.0 -999.0 -999.0 -999.0 -999.0 -999.0 -999.0 -999.0 -999.0 -999.0 -999.0 -999.0 -999.0 -999.0 -999.0 -999.0 -999.0 -999.0 -999.0 -999.0 -999.0 -999.0 -999.0 -999.0 -999.0 -999.0 -999.0 -999.0 -999.0 -999.0 -999.0 -999.0 -999.0 -999.0 -999.0 -999.0 -999.0 -999.0 -999.0 -999.0 -999.0 -999.0 -999.0 -999.0 -999.0 -999.0 -999.0 -999.0 -999.0 -999.0 -999.0 -999.0 -999.0 -999.0 -999.0 -999.0 -999.0 -999.0 -999.0 -999.0 -999.0 -999.0 -999.0 -999.0 -999.0 -999.0 -999.0 -999.0 -999.0 -999.0 -999.0 -999.0 -999.0 -999.0 -999.0 -999.0 -999.0 -999.0 -999.0
-999.0 -999.0 -999.0 -999.0 -999.0 -999.0 -999.0 -999.0 -999.0 -999.0 -999.0 -999.0 -999.0 -999.0 -999.0 -999.0 -999.0 -999.0 -999.0 -999.0 -999.0 -999.0 -999.0 -999.0 -999.0 -999.0 -999.0 -999.0 -999.0 -999.0 -999.0 -999.0 -999.0 -999.0 -999.0 -999.0 -999.0 -999.0 -999.0 -999.0 -999.0 -999.0 -999.0 -999.0 -999.0 -999.0 -999.0 -999.0 -999.0 -999.0 -999.0 -999.0 -999.0 -999.0 -999.0 -999.0 -999.0 -999.0 -999.0 -999.0 -999.0 -999.0 -999.0 -999.0 -999.0 -999.0 -999.0 -999.0 -999.0 -999.0 -999.0 -999.0 -999.0 -999.0 -999.0 -999.0 -999.0 -999.0 -999.0 -999.0 -999.0 -999.0 -999.0 -999.0
-999.0 -999.0 -999.0 -999.0 -999.0 -999.0 -999.0 -999.0 -999.0 -999.0 -999.0 -999.0 -999.0 -999.0 -999.0 -999.0 -999.0 -999.0 -999.0 -999.0 -999.0 -999.0 -999.0 -999.0 -999.0 -999.0 -999.0 -999.0 -999.0 -999.0 -999.0 -999.0 -999.0 -999.0 -999.0 -999.0 -999.0 -999.0 -999.0 -999.0 -999.0 -999.0 -999.0 -999.0 -999.0 -999.0 -999.0 -999.0 -999.0 -999.0 -999.0 -999.0 -999.0 -999.0 -999.0 -999.0 -999.0 -999.0 -999.0 -999.0 -999.0 -999.0 -999.0 -999.0 -999.0 -999.0 -999.0 -999.0 -999.0 -999.0 -999.0 -999.0 -999.0 -999.0 -999.0 -999.0 -999.0 -999.0 -999.0 -999.0 -999.0 -999.0 -999.0 -999.0
-999.0 -999.0 -999.0 -999.0 -999.0 -999.0 -999.0 -999.0 -999.0 -999.0 -999.0 -999.0 -999.0 -999.0 -999.0 -999.0 -999.0 -999.0 -999.0 -999.0 -999.0 -999.0 -999.0 -999.0 -999.0 -999.0 -999.0 -999.0 -999.0 -999.0 -999.0 -999.0 -999.0 -999.0 -999.0 -999.0 -999.0 -999.0 -999.0 -999.0 -999.0 -999.0 -999.0 -999.0 -999.0 -999.0 -999.0 -999.0 -999.0 -999.0 -999.0 -999.0 -999.0 -999.0 -999.0 -999.0 -999.0 -999.0 -999.0 -999.0 -999.0 -999.0 -999.0 -999.0 -999.0 -999.0 -999.0 -999.0 -999.0 -999.0 -999.0 -999.0 -999.0 -999.0 -999.0 -999.0 -999.0 -999.0 -999.0 -999.0 -999.0 -999.0 -999.0 -999.0
-999.0 -999.0 -999.0 -999.0 -999.0 -999.0 -999.0 -999.0 -999.0 -999.0 -999.0 -999.0 -999.0 -999.0 -999.0 -999.0 -999.0 -999.0 -999.0 -999.0 -999.0 -999.0 -999.0 -999.0 -999.0 -999.0 -999.0 -999.0 -999.0 -999.0 -999.0 -999.0 -999.0 -999.0 -999.0 -999.0 -999.0 -999.0 -999.0 -999.0 -999.0 -999.0 -999.0 -999.0 -999.0 -999.0 -999.0 -999.0 -999.0 -999.0 -999.0 -999.0 -999.0 -999.0 -999.0 -999.0 -999.0 -999.0 -999.0 -999.0 -999.0 -999.0 -999.0 -999.0 -999.0 -999.0 -999.0 -999.0 -999.0 -999.0 -999.0 -999.0 -999.0 -999.0 -999.0 -999.0 -999.0 -999.0 -999.0 -999.0 -999.0 -999.0 -999.0 -999.0
83.0 82.4 81.0 87.7 82.8 -999.0 89.8 -999.0 -999.0 -999.0 -999.0 -999.0 -999.0 -999.0 -999.0 -999.0 -999.0 -999.0 -999.0 -999.0 -999.0 -999.0 -999.0 -999.0 -999.0 -999.0 -999.0 -999.0 -999.0 -999.0 -999.0 -999.0 -999.0 -999.0 -999.0 -999.0 -999.0 -999.0 -999.0 -999.0 -999.0 -999.0 -999.0 -999.0 -999.0 -999.0 -999.0 -999.0 -999.0 -999.0 -999.0 -999.0 -999.0 -999.0 -999.0 -999.0 -999.0 -999.0 -999.0 -999.0 -999.0 -999.0 -999.0 -999.0 -999.0 -999.0 -999.0 -999.0 -999.0 -999.0 -999.0 -999.0 -999.0 -999.0 -999.0 -999.0 -999.0 -999.0 -999.0 -999.0 -999.0 -999.0 -999.0 -999.0
83.0 82.2 81.5 86.5 82.8 81.2 88.0 81.9 -999.0 82.5 80.4 81.4 78.5 76.8 72.5 72.5 -999.0 68.6 70.6 70.9 72.2 71.3 66.8 67.7 65.2 82.5 68.5 -999.0 67.2 -999.0 -999.0 -999.0 -999.0 -999.0 -999.0 -999.0 -999.0 -999.0 -999.0 -999.0 -999.0 -999.0 -999.0 -999.0 -999.0 -999.0 -999.0 -999.0 -999.0 -999.0 -999.0 -999.0 -999.0 -999.0 -999.0 -999.0 -999.0 -999.0 -999.0 -999.0 -999.0 -999.0 -999.0 -999.0 -999.0 -999.0 -999.0 -999.0 -999.0 -999.0 -999.0 -999.0 -999.0 -999.0 -999.0 -999.0 -999.0 -999.0 -999.0 -999.0 -999.0 -999.0 -999.0 -999.0
83.0 82.3 81.0 86.7 82.8 81.3 89.8 81.9 82.5 82.4 81.0 81.3 78.8 77.2 72.9 72.5 68.2 68.4 71.0 71.2 72.2 70.7 67.0 67.5 65.7 80.2 68.2 72.1 67.1 68.6 65.4 63.5 65.8 66.2 62.7 58.5 55.0 55.3 51.8 59.2 63.1 65.9 66.8 -999.0 69.0 75.5 67.9 88.9 90.3 -999.0 -999.0 -999.0 -999.0 -999.0 -999.0 -999.0 -999.0 -999.0 -999.0 -999.0 -999.0 -999.0 -999.0 -999.0 -999.0 -999.0 -999.0 -999.0 -999.0 -999.0 -999.0 -999.0 -999.0 -999.0 -999.0 -999.0 -999.0 -999.0 -999.0 -999.0 -999.0 -999.0 -999.0 -999.0
83.1 81.4 83.4 84.6 83.0 81.4 81.0 82.0 82.6 82.4 80.4 81.3 78.5 77.0 72.5 72.6 67.7 68.5 70.6 71.2 72.2 70.7 66.8 67.4 65.2 76.7 68.5 71.5 67.2 68.1 65.0 64.0 65.5 66.1 62.9 58.9 55.1 55.3 52.0 59.2 63.1 65.8 67.0 66.2 68.6 73.5 67.2 88.1 85.4 68.9 83.4 71.0 -999.0 72.0 74.0 75.5 76.1 76.6 77.1 79.4 -999.0 79.9 -999.0 84.2 75.9 83.6 82.0 83.7 83.6 91.0 81.5 -999.0 90.2 -999.0 -999.0 -999.0 -999.0 -999.0 -999.0 -999.0 -999.0 -999.0 -999.0 -999.0
84.3 83.1 83.8 83.5 81.9 82.5 81.8 82.3 82.7 82.3 83.2 81.0 79.8 78.3 74.4 72.9 70.6 68.1 72.3 72.9 72.4 67.6 67.8 67.9 67.7 68.1 66.9 71.6 66.9 68.0 65.4 63.8 65.8 66.1 62.7 58.8 55.0 55.3 51.8 58.6 63.1 65.7 66.8 66.1 69.0 70.7 67.9 73.9 90.3 68.8 87.2 71.3 72.6 71.6 73.5 75.3 76.1 76.7 76.9 79.3 77.7 79.6 75.7 82.5 76.0 82.8 81.2 83.6 83.1 89.4 80.9 79.0 88.7 81.7 -999.0 81.4 82.1 76.7 76.6 76.3 75.8 79.2 75.5 77.0
83.5 82.5 85.2 83.4 85.2 84.4 83.4 83.3 83.6 83.1 83.7 81.9 79.9 78.1 75.2 76.3 72.6 70.9 70.8 73.4 74.8 69.6 71.1 70.2 66.1 69.4 70.0 68.9 68.3 65.3 63.5 66.1 64.6 65.4 63.7 60.6 55.5 55.2 52.7 58.0 62.9 64.9 67.6 66.1 66.8 66.1 64.5 64.5 65.8 68.7 69.7 71.3 72.5 70.7 74.0 75.2 76.1 76.7 77.1 78.7 77.3 79.2 75.2 82.2 75.9 82.0 81.9 83.6 83.6 89.5 81.5 78.8 90.2 81.8 81.9 81.5 82.1 76.8 76.7 76.4 76.3 79.1 76.0 77.1
81.2 81.2 83.1 82.8 84.6 83.8 84.9 83.4 83.6 81.7 82.7 82.2 80.5 80.1 75.2 75.0 74.3 74.3 74.8 73.2 72.3 71.2 71.9 73.5 71.8 71.7 72.1 68.7 66.9 65.6 65.9 63.8 64.4 65.7 63.0 59.1 56.0 55.1 54.9 57.6 62.0 65.1 66.3 65.7 63.8 65.7 62.8 64.8 66.5 67.7 70.3 71.7 72.4 68.8 71.8 73.6 75.1 76.4 76.4 77.7 79.1 77.9 77.8 73.8 76.2 79.2 78.7 82.9 81.1 80.9 78.7 78.8 82.3 81.9 81.9 81.5 82.1 76.8 76.6 76.6 75.8 78.7 75.5 77.2
80.1 82.6 83.8 83.5 85.6 85.8 83.8 84.9 84.7 81.6 83.5 82.9 80.9 80.8 79.8 76.6 76.6 75.6 73.9 73.2 71.4 72.9 72.9 73.1 75.2 71.7 71.7 68.7 65.7 64.6 65.9 64.1 64.4 63.3 65.1 61.3 52.7 54.6 58.7 58.1 63.4 63.3 65.6 66.1 66.1 64.9 66.0 65.1 65.3 66.4 68.1 70.7 70.1 68.0 70.5 71.3 72.8 74.5 77.1 75.4 77.9 79.5 80.3 75.5 75.4 81.1 82.2 82.1 81.0 77.7 79.3 79.0 79.8 83.0 83.0 82.2 82.3 78.1 77.2 76.3 78.2 78.1 78.0 77.9
82.2 83.5 85.6 82.8 86.7 86.2 84.0 85.7 84.6 77.6 84.9 82.7 85.4 81.6 81.7 77.9 77.2 77.9 76.5 74.9 73.0 75.2 74.0 73.7 72.5 72.4 71.7 69.5 66.5 66.4 67.0 65.4 64.8 63.9 66.5 60.0 55.5 53.9 56.4 57.9 62.8 62.9 65.5 67.7 64.9 64.1 68.0 65.1 66.3 68.5 68.2 70.0 70.0 67.9 69.2 68.1 66.7 73.7 75.2 77.7 79.9 80.7 78.8 76.9 80.7 78.5 83.2 82.8 81.6 78.8 78.6 80.2 82.0 85.1 84.6 83.9 81.8 80.0 77.7 76.0 79.0 77.4 77.6 78.7
82.1 83.6 85.0 85.5 85.4 86.2 84.2 87.3 85.1 83.8 84.2 82.6 82.0 84.4 80.6 77.2 79.6 80.5 77.5 77.1 77.0 75.9 74.9 73.8 72.7 72.3 72.3 71.2 67.1 70.3 69.8 66.1 65.7 66.2 66.7 62.0 53.2 53.1 61.3 59.8 61.5 64.8 65.5 67.3 64.1 68.6 67.9 64.7 65.4 71.4 67.4 68.4 69.9 69.7 67.7 68.5 70.9 71.7 73.6 75.9 78.2 80.2 82.2 80.5 79.0 80.7 81.1 84.2 80.8 80.0 79.0 80.5 83.0 85.4 85.4 86.3 85.3 81.0 77.0 76.0 76.8 78.2 78.8 79.0
81.7 84.4 84.2 84.7 86.6 84.8 85.7 88.7 86.2 83.6 85.0 83.4 83.0 82.2 82.2 79.0 78.3 80.6 80.6 78.8 78.0 75.8 74.3 75.3 73.0 72.3 74.2 73.2 67.1 71.6 71.1 67.1 69.6 67.4 68.1 60.8 54.3 55.7 59.2 62.2 62.7 66.3 66.4 67.6 67.4 68.2 68.4 64.3 67.9 71.5 67.6 68.9 68.3 67.3 67.0 68.6 69.0 69.9 71.7 76.9 77.8 79.3 82.0 83.6 77.7 80.5 84.0 85.4 84.0 83.0 80.9 80.7 82.3 85.6 84.6 85.7 86.7 81.1 76.0 79.2 80.5 82.1 77.5 79.9
80.4 84.9 86.3 85.3 82.3 84.3 85.9 85.5 84.6 83.4 85.0 84.8 81.9 82.4 82.8 79.0 80.7 78.8 78.3 83.0 81.0 76.4 75.0 77.9 78.6 74.4 74.2 72.6 71.1 71.2 67.9 66.9 63.8 66.7 68.2 60.7 55.8 58.7 61.0 62.5 65.0 66.6 65.0 69.0 66.3 71.7 67.1 70.1 69.7 71.2 70.0 69.2 69.1 67.8 66.4 64.3 68.8 69.6 69.4 74.1 75.3 78.6 81.8 84.6 80.3 81.7 84.7 84.4 84.3 85.1 84.0 82.1 83.6 86.0 83.9 85.8 83.9 82.6 77.3 79.0 83.6 84.6 81.3 80.1
81.3 84.2 86.3 85.6 86.6 85.2 86.8 84.7 85.6 83.9 84.2 83.8 82.2 82.8 78.6 80.6 82.3 80.3 77.6 80.5 78.0 77.2 73.9 78.2 78.7 77.1 75.8 74.1 72.4 70.9 68.5 67.5 71.9 65.9 66.7 61.9 56.9 62.2 63.7 62.7 66.0 66.4 69.2 69.0 68.6 68.0 67.1 68.5 68.4 70.7 69.9 69.9 70.5 68.8 64.3 64.7 69.5 69.8 72.0 73.9 79.0 78.0 81.5 83.5 81.9 82.6 80.9 84.2 84.1 86.9 84.0 82.6 83.0 85.7 84.0 87.9 85.3 83.2 79.3 83.8 82.7 84.8 79.8 79.6
83.0 85.0 85.2 86.9 85.6 84.3 85.4 85.8 83.3 84.4 86.2 81.9 81.3 82.6 76.8 81.8 81.2 81.2 80.1 80.1 79.3 75.6 75.1 79.0 78.3 78.2 75.5 74.4 73.0 71.8 67.5 67.9 69.6 68.2 67.8 62.2 58.8 63.4 63.9 64.6 66.0 66.8 69.2 67.9 67.5 66.8 65.8 68.8 67.9 69.6 67.8 70.9 67.2 67.5 65.6 67.1 68.8 69.1 71.1 70.0 76.1 77.5 79.5 82.6 84.6 82.4 83.0 84.1 88.3 85.4 83.2 83.6 81.7 85.6 85.1 86.8 85.3 85.6 80.4 82.4 82.1 84.1 79.5 80.6
84.1 84.6 83.2 85.1 85.9 83.9 84.7 85.5 84.5 84.6 83.8 84.7 80.1 82.4 82.2 80.6 81.8 81.0 80.6 80.0 78.3 76.2 75.7 78.3 79.3 78.3 76.4 74.7 73.7 72.3 64.2 69.1 70.4 67.6 68.2 62.2 59.6 64.9 66.7 66.5 68.0 67.9 69.6 68.0 66.1 65.5 65.8 67.7 71.8 70.2 70.6 73.8 70.2 68.4 67.7 68.3 67.8 68.5 68.6 67.4 75.7 76.5 77.7 82.4 83.5 82.1 82.3 84.0 86.6 83.2 84.8 86.2 83.6 84.2 88.5 86.5 85.6 85.4 81.9 80.7 82.2 82.1 81.8 80.3
84.1 87.5 85.1 84.9 86.3 84.7 85.6 84.2 84.3 84.2 82.6 83.5 83.4 83.7 78.4 81.7 82.2 80.3 81.4 79.7 83.6 75.5 78.0 77.8 77.7 77.4 75.7 77.0 74.2 69.2 67.4 68.7 69.9 66.9 68.2 62.9 62.8 67.2 72.0 68.0 66.6 68.3 68.2 67.7 67.5 64.9 66.6 66.8 68.4 69.6 72.2 70.8 69.3 68.7 68.0 69.2 70.9 68.8 71.0 64.2 75.4 76.6 79.6 83.0 82.8 82.3 82.2 82.7 85.2 84.0 85.1 83.6 81.5 85.1 86.9 87.1 84.4 83.9 83.0 80.7 82.3 81.9 82.3 81.3
81.0 84.4 84.1 84.2 85.6 84.5 84.3 85.0 84.3 85.2 86.3 83.7 83.6 84.8 79.9 82.2 80.3 79.5 80.3 79.9 79.0 74.7 79.5 77.9 81.1 75.7 74.6 75.8 74.3 70.1 69.0 69.3 69.1 70.4 67.7 67.4 69.0 70.4 68.2 70.0 68.2 70.4 71.5 67.3 67.7 64.0 62.2 69.1 70.4 71.4 72.7 70.9 68.0 70.0 69.4 69.8 66.0 69.7 71.4 68.6 72.2 75.7 78.1 80.1 82.9 82.8 85.0 82.1 85.2 85.4 85.9 82.5 85.1 83.2 87.0 87.0 85.1 83.7 79.8 83.7 79.5 82.5 80.5 81.0
85.1 84.7 88.1 85.1 85.6 83.9 85.5 84.7 83.4 82.0 82.9 82.6 80.3 84.4 81.3 83.2 82.4 81.6 80.9 78.5 75.7 74.0 78.6 78.2 79.1 76.0 72.1 74.5 73.3 69.2 70.1 74.5 71.8 73.2 66.1 68.6 71.6 72.3 72.1 71.4 71.5 72.0 67.4 68.9 68.3 65.8 66.9 67.7 68.8 71.3 71.8 71.9 72.0 71.9 74.2 70.9 68.8 70.0 73.2 69.2 73.3 74.1 77.9 76.4 82.4 82.8 86.4 83.9 86.9 86.1 84.2 83.3 83.2 83.7 84.3 86.8 85.1 84.3 82.4 82.6 80.4 80.2 82.5 81.8
83.2 85.0 83.9 85.5 85.7 83.5 85.2 82.7 84.6 82.7 83.6 83.5 83.2 82.6 82.7 83.6 82.5 81.2 79.9 80.5 76.0 75.4 78.0 77.9 77.0 76.3 74.2 76.5 74.1 68.6 72.9 75.3 76.9 75.8 69.5 72.1 72.7 74.5 73.5 72.3 76.0 71.8 69.2 67.5 68.0 62.4 68.1 66.6 70.4 69.4 69.7 72.5 68.6 73.1 72.7 72.5 70.9 70.4 72.9 68.7 70.5 71.6 77.0 75.5 83.3 81.6 82.3 83.9 85.8 86.1 86.3 83.0 82.6 83.8 86.7 88.3 86.6 85.5 81.8 81.8 80.8 80.1 81.5 81.1
84.0 84.4 88.4 86.2 85.3 84.5 84.7 84.7 84.9 85.0 82.4 83.8 83.6 82.6 78.1 82.7 80.2 79.7 77.8 79.7 77.4 75.8 85.0 76.9 77.5 76.2 76.6 74.8 72.6 71.1 70.4 76.2 78.8 78.6 72.6 74.7 74.9 77.7 78.5 75.6 73.2 71.2 69.8 68.9 66.2 63.5 65.5 68.8 71.4 72.9 72.7 72.7 74.6 74.9 80.2 75.5 70.9 72.3 73.6 69.9 70.4 71.4 76.5 76.7 80.2 80.5 83.1 83.9 86.4 86.3 83.7 84.0 86.1 84.0 85.9 86.6 87.3 84.3 81.4 83.2 81.0 80.0 81.2 80.5
83.7 81.4 82.8 81.3 82.8 84.2 84.9 84.4 83.3 83.5 84.1 83.0 82.0 80.5 83.7 82.6 81.6 79.6 81.8 77.6 78.5 74.0 79.3 76.4 76.7 75.1 75.6 73.9 72.7 70.5 72.7 78.7 80.4 79.0 72.6 75.5 74.0 76.0 77.8 76.4 71.5 71.8 70.9 69.0 63.5 67.6 69.2 72.7 74.4 75.1 75.0 73.6 77.1 74.0 75.8 77.1 73.6 73.3 70.2 69.9 69.3 71.2 74.8 77.5 79.4 79.3 82.8 85.1 84.9 86.5 85.8 85.1 85.2 83.9 84.8 87.5 85.3 83.6 81.1 80.8 82.5 80.0 82.1 81.3
75.6 78.1 78.1 79.4 83.4 83.7 85.4 84.5 85.6 83.1 82.8 81.6 84.4 81.0 82.4 82.6 80.9 81.5 79.9 76.8 75.7 75.3 78.1 76.0 76.6 74.8 76.4 74.9 70.1 71.7 73.5 78.6 80.5 79.8 75.0 75.6 75.8 77.2 76.2 77.1 75.4 73.3 73.0 70.0 66.8 68.3 72.4 71.4 74.7 78.6 76.4 76.5 76.9 76.3 77.9 77.0 76.7 75.8 71.9 70.1 69.6 70.8 74.6 76.0 77.5 81.1 80.8 84.5 84.5 86.7 85.7 85.4 84.5 84.3 83.8 86.4 85.2 83.1 82.7 79.5 83.1 81.1 81.1 80.2
75.5 77.7 76.5 78.3 78.9 82.4 84.9 83.6 86.3 84.0 84.4 83.2 82.8 82.0 81.7 80.9 80.5 83.8 76.7 76.9 75.6 76.5 76.8 75.4 76.4 75.8 76.1 73.9 66.1 71.9 77.8 77.8 80.9 79.9 73.8 74.3 74.4 78.3 79.2 77.3 76.3 75.8 75.5 72.5 68.5 70.7 74.0 73.3 77.4 78.3 78.8 80.2 78.3 78.1 78.9 78.8 79.1 75.8 72.0 71.8 72.6 71.8 74.0 73.1 76.4 82.5 81.1 84.1 84.7 87.8 85.3 83.5 86.0 84.0 83.0 85.4 85.4 84.0 81.1 81.2 81.5 81.3 81.2 80.4
75.0 77.4 75.7 74.5 76.4 79.9 82.4 82.3 83.3 84.5 82.7 82.3 82.4 82.5 83.3 81.9 82.0 84.8 77.8 77.1 79.1 78.1 79.8 77.4 76.5 74.8 75.5 72.8 71.0 70.5 82.3 80.0 79.4 79.8 77.8 74.7 75.2 78.0 77.6 79.7 78.5 78.9 78.1 75.4 69.3 73.0 73.2 74.4 72.0 79.4 79.6 80.5 79.3 80.0 79.7 78.6 78.1 75.3 73.8 74.0 72.8 71.8 70.8 71.2 75.8 81.4 80.9 83.5 84.5 90.5 83.4 84.2 83.5 82.9 85.4 85.1 85.6 84.4 83.0 81.1 81.7 81.6 81.9 80.9
73.8 77.4 74.4 72.3 76.4 74.5 79.3 81.4 85.1 83.8 81.3 81.9 83.2 82.9 81.9 82.6 81.5 82.3 77.9 78.3 77.1 78.3 79.4 76.4 74.9 75.2 74.9 71.1 71.2 75.1 78.8 81.1 80.7 81.4 78.7 76.2 76.3 77.4 74.1 79.4 78.7 80.2 80.0 76.8 69.6 75.7 74.9 74.6 78.1 78.3 78.7 80.2 79.3 81.5 80.1 79.3 77.4 75.0 75.9 72.9 71.1 72.6 71.7 71.7 75.0 82.0 81.8 85.5 83.3 86.4 83.9 85.7 84.2 83.8 84.7 85.9 86.0 83.1 82.8 80.8 83.7 81.6 82.2 78.6
80.5 75.4 76.1 70.3 72.4 73.0 77.2 78.5 82.7 83.7 82.9 82.8 82.7 81.3 82.0 83.0 78.2 79.2 75.7 78.5 80.2 77.6 79.1 75.4 75.6 74.4 73.7 71.2 71.8 73.5 79.5 80.6 79.9 81.2 83.0 75.2 76.2 77.0 78.2 76.6 79.7 80.4 77.8 76.0 75.6 76.6 76.1 74.6 78.7 77.6 81.3 80.2 82.4 79.5 80.6 79.1 77.2 71.9 72.1 73.6 74.3 74.1 71.5 72.9 73.3 77.0 81.4 83.9 86.0 86.1 84.1 83.2 83.9 85.7 80.9 85.7 85.5 83.1 82.5 80.6 82.9 80.9 80.7 77.7
75.7 75.9 73.4 70.5 73.1 72.8 75.1 78.6 80.1 84.1 82.9 83.9 80.8 79.8 84.6 81.9 80.2 78.3 77.4 78.4 80.3 79.3 78.0 75.4 73.7 74.3 75.4 73.4 72.4 72.1 80.6 80.5 81.9 81.6 80.9 76.3 76.0 77.7 77.6 77.8 79.7 80.9 80.1 77.2 76.5 76.5 77.7 77.4 79.4 80.2 83.1 80.9 82.3 81.9 80.7 78.9 78.3 72.5 70.0 73.4 73.3 74.2 69.8 72.5 71.2 75.3 79.9 83.4 86.0 87.1 83.4 82.9 85.9 86.9 82.8 84.5 82.7 83.3 81.6 81.7 85.2 80.5 80.4 76.0
74.2 73.8 70.5 69.3 70.0 71.1 74.5 76.1 76.5 82.1 83.7 83.7 80.9 82.9 84.2 81.2 80.3 78.1 75.3 78.6 79.6 79.5 76.6 75.5 72.6 75.3 77.8 70.9 72.5 74.3 79.1 80.8 78.9 81.9 81.5 76.3 76.4 79.5 78.6 77.8 80.2 81.6 78.8 78.0 79.4 76.3 76.6 79.6 79.8 80.6 78.7 81.6 82.2 81.3 80.6 79.0 76.9 71.7 70.1 72.8 71.6 74.8 71.9 74.2 71.4 74.6 78.0 83.3 82.6 87.5 84.6 83.0 83.2 84.3 84.7 85.3 85.0 82.3 82.5 82.0 81.3 79.0 77.5 75.0
73.4 72.3 69.9 69.7 69.4 70.7 73.4 73.0 76.4 79.0 83.5 82.8 82.4 81.4 79.8 81.2 79.4 79.3 76.5 82.4 77.3 81.2 78.9 73.7 72.2 72.1 74.2 71.2 74.5 79.5 80.1 81.2 79.9 81.3 85.8 77.1 81.2 77.5 77.6 78.4 80.3 84.2 78.2 78.0 80.4 77.3 76.6 80.1 82.4 80.9 81.9 81.2 82.1 83.0 82.2 78.2 74.6 75.6 72.5 72.2 71.1 75.3 72.4 73.7 71.2 72.1 77.0 83.1 82.6 86.2 85.9 82.9 86.5 85.4 84.8 84.4 85.6 84.0 78.4 80.4 84.4 76.8 74.7 74.3
71.6 72.1 69.4 69.4 72.5 68.7 72.6 74.6 76.6 77.6 80.1 81.2 79.5 81.5 81.3 83.4 77.9 79.6 77.4 80.9 79.4 79.1 75.7 70.6 71.5 74.2 72.8 70.9 74.3 79.3 80.3 82.0 82.3 82.0 79.7 80.7 78.4 77.3 78.3 77.6 82.2 85.9 79.8 79.5 79.9 77.6 78.3 79.7 81.3 80.9 81.4 80.5 80.7 80.3 82.6 80.0 73.3 77.3 73.9 72.4 70.0 71.7 69.3 73.4 71.7 72.7 74.8 80.5 83.6 84.9 82.5 82.4 82.9 83.7 83.3 84.2 83.7 83.3 80.0 79.6 84.0 73.1 73.9 73.8
68.6 69.6 66.7 68.0 67.7 67.9 71.6 73.1 78.8 77.4 78.7 79.9 81.3 80.2 78.7 80.3 79.0 77.4 78.0 80.2 78.3 77.7 72.7 69.7 71.9 76.8 71.4 71.1 73.3 79.6 79.1 81.2 81.1 82.0 80.7 82.3 77.5 78.0 80.4 78.2 83.2 82.8 82.0 79.1 79.4 78.6 73.7 80.7 81.3 80.4 81.8 83.0 81.0 80.5 81.4 80.2 74.6 79.9 73.7 72.2 70.6 74.0 73.0 74.2 71.5 72.5 72.5 77.5 83.2 84.6 83.4 80.1 83.9 83.7 84.3 83.2 83.9 81.9 80.8 80.9 79.5 76.3 72.8 74.9
69.1 69.5 68.5 66.0 69.4 68.3 71.2 72.8 73.4 73.5 75.8 77.9 79.6 78.9 79.6 79.3 79.5 77.1 77.5 81.8 79.8 77.3 75.0 67.7 71.8 78.5 69.6 72.4 72.5 81.3 82.2 82.3 81.0 83.7 83.0 80.5 79.4 80.0 83.5 79.4 81.2 82.9 79.0 79.0 79.7 78.4 78.6 81.0 81.7 82.5 82.6 82.7 81.9 81.0 78.8 81.2 80.3 80.1 76.3 71.9 72.8 74.2 72.3 74.5 74.1 70.8 74.2 75.0 83.1 85.3 82.1 81.4 82.7 84.0 83.6 82.5 82.5 83.5 81.1 80.7 78.8 77.5 74.8 76.0
