morphological_analysis/input_data/surveys/q10_2/matrix_q10_2s3.txt
north:            -537.50
south:           -1247.50
east:             2697.00
west:              -93.00
rows:                 144
cols:                 279
null:              -999.0
[rows 0 to 37 of 144, columns 168 to 251 of 279]
100.5 97.2 96.8 95.9 91.9 88.4 87.3 93.9 92.6 92.5 95.5 96.0 88.7 88.7 83.7 85.2 89.3 86.8 82.1 83.6 88.8 84.3 81.4 82.5 87.3 92.7 81.2 82.7 91.2 92.2 96.2 95.2 93.5 95.4 94.3 94.3 93.2 93.7 98.8 104.3 99.7 97.8 94.5 97.2 91.6 90.8 84.8 91.4 93.7 90.7 95.7 95.3 96.3 95.7 87.3 85.6 89.8 96.3 98.4 101.3 102.9 98.1 94.8 89.6 75.7 79.1 80.2 84.7 91.9 94.7 83.7 83.4 87.5 84.0 75.1 70.3 70.5 82.2 84.6 84.6 73.7 74.9 65.6 68.5
100.6 97.2 97.1 96.2 92.3 88.7 87.7 94.2 91.7 93.2 95.9 96.1 90.3 88.7 84.1 87.0 89.5 87.5 82.6 83.7 89.0 84.3 81.0 83.5 87.3 93.0 81.5 83.5 91.5 92.2 96.7 95.2 93.7 95.4 99.1 94.4 93.5 95.0 98.8 104.2 100.3 97.9 94.4 97.3 93.2 90.8 84.8 91.4 90.9 90.5 95.7 95.4 96.2 95.7 88.3 85.6 89.7 97.5 98.9 101.3 102.8 98.2 96.8 89.6 75.3 79.2 79.8 84.6 92.0 94.6 83.5 84.3 87.1 84.1 75.4 71.0 75.5 82.0 84.2 85.0 80.6 75.4 67.7 68.8
103.9 96.8 96.7 93.7 93.9 90.3 88.8 96.2 96.0 94.6 95.6 97.1 96.2 88.0 83.4 96.2 95.6 90.8 83.7 84.5 91.5 81.3 81.4 88.2 92.4 96.2 85.4 86.1 90.1 93.8 98.0 99.2 95.9 94.7 94.0 95.2 95.1 97.1 99.8 103.8 101.0 99.4 95.8 97.3 96.3 94.5 87.4 92.3 95.8 94.4 95.5 96.0 96.8 95.5 92.6 89.5 90.4 101.5 100.2 99.8 103.6 98.2 95.1 93.7 76.3 80.4 82.0 88.5 94.0 94.1 86.4 86.6 86.6 86.3 79.7 70.9 76.9 85.0 86.3 85.1 81.0 75.4 67.6 68.7
104.7 99.3 98.0 96.6 94.7 91.6 90.6 99.5 96.5 96.3 91.3 98.3 97.2 92.5 85.5 111.4 113.0 110.9 100.6 85.8 92.6 87.3 82.7 92.2 96.3 98.9 85.8 89.4 95.2 95.6 97.6 101.2 97.5 97.4 99.1 96.5 97.4 98.9 100.0 103.4 102.9 100.9 95.5 97.8 97.4 95.2 89.1 93.9 98.4 96.1 95.0 96.5 99.5 96.9 93.6 91.8 90.5 101.8 98.9 101.7 105.2 98.6 93.1 97.8 77.9 86.1 85.5 90.5 96.2 94.5 88.8 93.6 87.9 88.9 82.9 75.3 79.6 86.9 87.5 88.4 82.5 78.5 67.2 70.5
105.9 102.2 99.5 99.2 100.1 95.8 94.4 100.1 98.9 99.0 97.7 99.7 98.2 91.0 101.4 111.5 111.1 112.4 109.9 85.9 92.5 90.8 85.9 91.0 96.3 100.8 95.1 92.0 97.2 98.1 98.7 103.0 99.3 100.8 99.8 97.4 99.7 100.0 99.7 104.5 103.4 102.3 96.2 96.1 99.3 100.7 91.7 97.4 99.5 99.5 97.1 97.2 99.6 99.6 96.0 92.9 94.5 105.0 101.9 100.0 102.8 98.4 92.0 98.6 99.5 97.1 87.4 91.2 94.5 95.4 91.0 94.2 91.5 89.7 84.0 78.9 84.3 88.3 89.3 89.6 90.9 81.1 74.5 72.0
107.2 103.3 100.0 101.1 97.5 98.6 95.9 101.0 101.7 99.8 99.8 99.8 99.1 101.1 113.1 112.3 112.1 112.5 115.2 99.4 94.3 92.2 87.5 92.2 97.4 102.8 94.0 96.7 98.4 99.7 100.5 104.9 100.4 99.7 100.6 99.5 99.3 101.3 101.3 105.2 104.0 103.5 98.0 94.7 99.1 101.8 97.8 98.0 101.2 100.9 97.0 95.6 98.2 101.5 99.3 94.6 100.5 106.7 102.8 101.3 103.3 99.6 92.2 98.2 117.0 117.3 113.1 98.0 98.6 95.8 94.5 95.7 93.4 91.2 86.9 81.0 83.3 88.5 92.2 88.8 89.1 84.4 74.8 73.8
107.7 104.0 104.1 105.4 101.3 100.0 99.8 101.5 99.1 100.4 101.8 100.2 98.4 109.5 118.5 112.1 112.8 112.7 114.7 110.7 94.0 94.4 89.9 94.4 98.5 103.1 96.9 97.9 100.3 100.8 101.9 103.9 102.5 103.3 104.0 102.3 101.9 103.7 104.0 104.2 105.7 105.3 101.7 98.4 101.5 102.4 96.3 100.1 102.2 102.3 96.3 96.1 102.4 103.8 99.2 96.6 102.4 108.1 105.7 101.8 105.1 100.7 87.6 98.3 122.3 121.6 121.6 106.0 98.8 97.2 97.0 99.5 93.8 94.3 89.1 84.2 86.6 90.6 96.5 88.4 91.0 89.0 78.2 76.2
111.4 105.8 109.4 106.8 104.4 103.2 105.3 107.7 105.2 105.1 106.1 103.3 106.1 116.9 117.9 111.8 112.5 113.3 113.8 112.3 98.7 101.3 91.2 97.9 100.6 104.2 97.5 99.1 102.7 101.8 102.1 105.8 105.4 107.3 102.8 103.2 103.5 104.8 103.7 105.2 108.6 107.2 103.2 99.1 103.3 104.8 100.4 101.7 103.3 105.3 98.8 103.0 103.9 106.7 113.0 100.3 105.1 109.2 106.6 102.1 104.0 101.3 89.0 120.0 121.3 122.3 124.4 121.5 97.1 97.7 97.8 99.9 98.4 98.8 89.4 87.1 88.8 93.0 95.6 94.5 92.6 90.0 78.7 78.2
112.7 114.7 117.0 114.8 116.3 117.3 113.7 115.4 114.0 113.0 117.0 118.4 118.6 118.9 118.4 113.7 111.0 111.5 115.4 114.8 107.8 112.3 112.3 108.2 109.9 110.9 107.2 102.0 105.7 103.6 107.2 110.9 106.5 108.7 105.9 108.2 105.3 105.4 103.7 108.9 108.0 108.2 104.0 101.5 102.4 108.3 103.3 106.4 104.2 109.3 100.9 108.1 105.6 107.0 107.2 100.4 103.0 108.8 106.5 102.3 107.0 102.8 89.0 124.7 121.5 125.2 124.1 124.1 108.5 100.2 100.9 100.0 98.8 98.9 91.7 88.2 88.9 94.8 98.7 96.6 92.8 90.3 81.4 79.5
115.4 115.7 116.9 116.7 116.2 116.2 115.6 113.2 114.6 112.5 117.4 118.8 118.3 118.3 117.4 112.8 112.1 110.3 114.1 115.6 115.7 118.1 113.7 113.9 114.3 112.0 113.6 113.0 110.9 114.2 112.8 114.9 113.1 114.0 113.8 114.7 116.0 115.8 113.7 117.8 115.5 114.6 102.9 115.3 116.2 114.1 114.0 114.5 111.4 112.7 114.7 120.0 109.2 106.8 105.3 103.5 105.9 112.1 109.5 106.9 107.5 101.2 101.1 126.1 122.6 124.9 124.4 124.4 114.7 101.0 102.0 99.5 98.8 101.2 95.7 87.8 89.4 96.4 101.1 99.6 101.1 94.1 82.9 80.1
116.0 116.5 117.1 116.1 116.6 115.4 121.2 113.5 115.5 113.7 116.3 118.6 118.3 119.8 117.2 112.3 112.1 112.6 112.8 113.6 118.1 113.0 115.0 113.8 115.4 112.5 113.0 114.0 109.3 113.3 115.8 113.5 113.2 114.9 115.0 114.3 114.9 116.5 114.5 115.2 117.2 116.0 116.5 116.4 117.4 114.3 118.0 116.9 115.0 116.8 116.9 123.6 117.2 117.3 117.5 116.8 112.2 117.3 118.8 119.3 113.1 120.9 129.4 126.9 122.0 126.3 124.6 125.7 119.0 114.6 115.2 107.1 108.6 110.3 105.6 90.3 90.4 110.2 104.0 105.5 97.1 95.8 81.5 90.6
115.4 117.4 116.3 115.0 117.0 114.8 113.1 114.9 116.6 116.3 119.0 118.2 119.7 120.2 116.9 110.8 112.9 112.6 111.5 114.7 119.2 116.6 112.6 111.7 113.0 113.1 111.8 113.4 112.1 114.9 116.0 112.7 113.3 114.1 114.9 113.7 114.1 116.4 116.0 116.4 117.5 117.2 117.8 117.3 116.2 116.2 113.5 118.7 115.8 116.5 116.0 121.1 117.8 118.8 114.5 116.6 117.8 117.2 119.3 119.5 123.8 126.3 129.5 126.7 123.1 125.8 124.4 125.3 124.7 124.1 120.7 119.9 121.9 120.1 124.2 120.1 98.7 121.1 121.9 121.2 120.1 117.8 117.0 110.4
116.5 112.8 117.9 98.0 117.6 108.7 113.6 109.3 115.6 112.2 118.9 114.9 118.0 115.1 118.3 82.5 113.1 109.3 111.1 112.6 118.4 116.1 113.4 110.5 113.5 111.0 112.4 112.2 114.5 114.3 114.4 113.0 112.8 113.9 115.3 114.8 115.9 115.2 118.7 117.0 117.0 118.9 117.8 117.9 117.3 115.4 117.0 121.1 114.8 117.1 117.0 119.9 117.4 118.9 115.7 117.8 116.5 116.7 120.0 119.9 123.7 127.6 129.4 126.4 123.6 124.2 123.5 124.1 128.2 125.9 124.0 123.2 120.0 120.8 124.6 123.1 122.1 123.6 125.0 125.1 120.6 124.5 124.5 125.3
79.2 83.7 81.8 83.2 84.4 86.9 86.4 81.3 79.2 93.1 82.9 109.5 111.1 102.6 108.9 78.1 85.2 96.7 109.7 109.7 113.5 110.4 112.0 108.9 110.8 105.5 110.9 109.5 115.2 105.2 113.9 108.5 113.8 96.6 114.3 112.4 113.9 113.0 117.1 114.6 115.8 116.8 117.2 112.6 118.0 114.0 116.6 114.4 116.8 115.3 116.9 120.7 115.7 116.3 118.3 117.4 120.5 118.9 118.3 120.3 123.2 127.1 128.1 125.2 123.1 122.8 123.8 124.0 126.9 127.7 125.8 123.4 122.5 121.0 124.0 124.0 126.5 124.4 124.8 126.1 128.0 126.7 124.7 124.1
83.1 82.2 80.5 81.4 78.8 77.7 77.7 77.0 79.1 80.1 76.5 79.7 76.8 79.6 73.3 75.5 75.9 75.2 80.9 78.7 78.1 89.1 78.8 84.9 79.5 80.6 88.4 81.2 83.7 90.1 81.0 79.1 91.1 84.8 86.2 107.6 107.4 104.3 109.2 100.3 114.4 102.8 114.2 77.4 114.1 96.1 119.5 100.3 113.0 110.3 115.9 103.1 112.3 110.1 116.1 118.5 119.0 116.9 119.8 116.9 121.7 128.3 125.7 123.2 125.1 122.4 123.5 124.3 127.0 129.0 123.5 122.3 122.6 121.3 123.0 123.5 122.8 123.8 125.7 126.7 126.5 125.9 124.5 124.9
81.9 83.7 82.0 82.7 79.9 78.6 78.7 77.9 76.5 77.4 75.5 75.8 74.3 78.1 73.8 75.8 73.6 73.4 76.1 77.0 80.7 79.5 81.5 82.6 83.4 79.6 78.5 81.0 79.1 78.2 79.3 81.8 78.6 76.8 79.6 78.3 74.8 75.5 70.9 63.7 59.0 76.6 44.9 56.1 49.3 53.0 64.3 62.7 66.1 69.3 70.4 81.4 94.5 74.6 103.2 86.7 111.9 109.6 120.6 112.5 119.0 118.4 125.0 120.8 122.6 122.8 120.8 122.2 127.9 127.6 123.1 123.4 122.2 121.5 122.9 123.1 122.7 122.9 123.9 124.9 128.3 124.3 125.7 125.2
82.0 81.0 83.1 82.8 81.8 79.7 82.0 77.0 79.7 77.6 78.1 75.2 75.1 75.0 75.3 76.4 77.6 74.5 77.1 76.6 79.3 78.5 77.9 79.7 83.8 79.0 77.9 79.6 80.0 80.3 80.9 79.4 79.2 78.7 77.8 77.7 76.6 69.6 66.4 63.2 57.4 51.2 48.2 49.2 46.4 51.5 56.8 59.2 62.7 66.3 68.9 69.8 70.9 72.3 73.3 76.6 73.9 75.9 90.5 80.5 111.0 98.9 98.0 113.7 118.7 113.8 114.7 108.4 118.8 109.0 122.6 104.6 122.3 114.3 124.1 114.3 122.9 116.4 120.9 122.6 123.4 123.3 125.3 123.1
83.5 81.3 83.1 82.2 82.2 79.8 78.0 79.7 76.1 77.9 77.9 74.5 73.5 74.7 77.9 76.3 76.8 76.1 75.2 76.6 79.8 78.2 78.2 80.3 82.3 79.2 79.9 79.2 80.0 81.0 79.9 77.4 77.3 78.9 79.4 78.0 75.7 67.6 65.5 61.7 60.4 52.3 51.9 54.0 48.7 53.1 55.0 59.2 62.2 63.9 68.3 69.4 69.8 71.5 71.8 76.8 75.7 74.7 78.6 75.2 83.1 75.0 77.3 81.4 78.7 78.4 83.2 88.3 78.0 80.3 74.9 77.8 76.8 78.9 75.9 94.1 75.0 82.6 80.7 110.6 118.6 81.6 121.7 92.2
81.4 80.9 84.9 83.9 84.8 80.8 81.1 79.9 77.0 77.7 77.2 73.9 72.6 73.8 74.6 74.1 74.9 78.2 74.4 77.9 77.6 77.2 80.9 79.7 81.9 79.9 80.2 80.0 80.1 81.2 79.5 80.7 80.5 80.0 80.3 79.6 76.1 65.7 64.9 61.9 66.4 54.4 54.5 53.8 52.9 55.4 58.5 58.7 62.4 65.8 69.5 69.4 67.6 71.6 72.0 73.6 71.6 74.3 75.0 74.4 77.6 73.8 73.8 81.4 76.2 76.4 77.5 77.1 80.4 79.7 79.8 78.0 79.6 81.2 79.1 76.0 74.6 76.1 75.9 76.5 75.1 77.3 68.1 70.6
83.1 82.5 82.0 84.5 83.2 81.3 81.0 77.6 78.1 76.8 74.1 74.8 73.7 73.0 74.9 73.2 76.7 73.9 76.6 77.2 79.1 78.6 79.1 80.4 77.9 80.3 81.3 78.3 82.4 80.1 80.9 79.3 81.8 79.5 82.3 78.8 72.3 67.1 67.5 65.2 69.7 61.7 53.2 55.1 54.7 58.8 60.9 62.2 64.3 68.2 67.7 70.4 72.6 72.0 71.7 74.2 75.8 72.5 74.4 74.8 74.7 73.2 72.3 73.7 72.1 76.4 76.8 78.0 77.9 78.0 83.5 79.3 78.3 79.0 77.7 76.0 75.3 75.1 73.2 74.4 74.6 72.8 69.4 63.2
82.4 82.4 82.0 85.5 81.7 82.2 79.3 79.8 75.7 75.5 74.7 73.4 75.2 73.6 77.1 78.2 74.7 76.2 79.4 79.3 77.7 77.6 77.5 81.8 81.4 80.5 80.6 79.3 82.5 80.8 78.8 81.9 81.0 81.1 81.2 78.9 69.0 67.2 67.3 67.1 67.3 65.4 59.8 57.9 58.6 60.8 61.6 64.9 67.0 69.3 70.5 70.4 74.6 72.6 73.1 72.9 70.8 74.5 75.2 75.2 76.9 72.4 71.7 74.7 75.9 76.5 77.1 78.7 78.2 78.5 80.5 79.5 80.0 79.1 76.6 76.6 75.8 73.4 75.8 75.2 74.2 71.5 68.1 63.7
82.9 83.2 84.1 83.6 83.2 84.0 79.8 78.6 76.0 75.2 74.7 74.6 74.5 75.1 73.8 78.8 75.2 77.9 75.0 79.5 77.6 77.9 79.7 79.7 81.0 80.4 81.2 80.0 80.4 81.0 83.6 81.7 80.5 82.1 80.5 77.7 70.1 65.2 63.8 70.0 71.2 68.2 60.4 62.7 62.3 62.8 66.1 67.5 69.2 68.9 74.0 73.0 70.6 72.9 73.1 73.5 71.5 75.7 76.3 72.6 75.2 71.6 73.3 75.3 75.2 74.1 75.3 78.5 76.2 79.5 79.9 78.6 79.4 79.2 76.7 75.7 69.8 74.7 76.5 74.4 73.8 71.5 67.8 65.9
86.2 84.0 82.9 83.2 83.7 82.0 78.1 79.6 75.4 75.2 77.0 75.2 75.5 76.1 74.6 75.6 77.1 76.8 76.3 78.7 80.5 79.6 79.0 80.6 79.8 80.7 79.4 80.4 78.3 80.7 81.7 80.6 82.9 82.1 82.7 77.6 65.9 65.9 66.2 72.3 71.2 69.4 65.6 64.5 60.8 66.3 65.4 71.4 70.0 73.3 72.0 72.7 73.7 72.6 72.5 73.5 71.4 73.8 73.9 73.0 76.1 72.4 73.7 75.4 74.0 74.0 76.1 76.9 79.8 77.5 80.5 79.6 79.8 78.9 78.0 76.4 73.6 75.3 77.3 76.4 75.3 71.5 64.3 66.2
85.1 84.3 81.9 84.1 84.2 82.0 78.7 77.7 73.1 75.6 76.6 75.3 74.5 76.1 77.6 74.1 74.4 78.1 77.4 78.0 79.7 81.3 79.4 81.3 82.9 80.3 80.5 80.9 79.1 80.6 80.1 80.5 82.6 81.4 81.1 77.4 65.8 68.7 69.6 76.6 68.8 70.0 69.5 66.2 65.0 69.2 72.9 70.2 72.1 72.5 71.0 71.2 78.2 72.1 75.3 74.2 71.7 73.9 72.6 74.0 73.7 72.7 72.5 74.6 72.7 73.9 73.9 76.2 80.6 77.3 81.5 78.7 80.6 78.4 79.9 76.9 76.5 75.8 76.0 77.2 74.3 72.8 67.5 70.0
85.3 84.8 83.3 84.0 83.2 79.6 78.6 76.6 73.3 77.0 74.9 75.8 76.5 76.3 77.1 78.5 76.4 79.4 77.1 79.4 78.6 80.9 79.7 81.3 80.8 81.8 81.5 80.5 80.0 81.6 84.5 81.4 80.5 82.4 82.0 73.1 65.5 70.8 72.4 75.3 72.2 69.8 74.2 70.4 68.1 70.5 71.1 72.5 73.6 72.1 76.2 72.6 75.7 73.4 73.5 74.4 75.0 75.1 74.0 72.3 77.2 72.3 75.3 73.0 71.2 74.4 75.5 75.8 78.7 77.7 80.0 78.5 78.9 80.0 80.3 79.1 75.0 75.7 76.6 77.4 71.8 74.1 71.0 76.0
83.5 83.3 86.8 83.1 85.0 82.5 78.6 78.5 75.7 74.5 75.3 77.2 76.3 76.4 77.8 78.2 76.3 76.8 78.6 80.2 79.3 79.1 80.1 80.7 76.9 82.4 78.9 81.6 80.4 81.4 83.7 83.3 76.5 83.7 81.8 67.7 73.1 73.7 77.4 77.0 73.6 71.6 73.2 73.9 72.7 71.9 70.6 71.9 72.3 71.6 70.7 73.1 72.8 73.9 72.7 71.4 71.5 70.9 72.8 71.4 72.7 73.4 76.9 74.0 72.9 73.0 72.0 71.9 76.1 79.5 78.7 78.7 81.1 80.8 85.0 79.3 79.7 74.5 76.2 76.5 76.4 74.3 71.5 77.4
84.4 84.7 81.9 82.5 83.3 81.6 78.1 80.3 76.0 76.9 74.4 77.4 76.3 76.5 79.2 80.2 75.2 77.4 82.4 80.9 81.0 82.3 80.6 81.6 81.4 81.4 79.9 81.0 81.1 82.8 83.1 85.4 84.0 83.3 76.0 67.2 69.9 74.0 79.9 77.4 73.2 72.5 76.6 76.8 72.7 73.5 71.3 71.2 70.8 71.1 73.4 74.0 70.7 70.3 69.8 71.8 69.2 70.2 71.4 71.2 74.2 72.3 71.9 73.1 74.2 74.9 75.9 74.3 77.4 79.4 81.0 78.5 82.9 78.5 79.6 79.3 79.2 74.2 77.9 74.9 77.2 75.4 77.0 77.9
84.7 84.3 86.5 82.2 82.7 81.7 71.2 77.7 76.8 77.1 79.1 78.5 78.6 77.4 77.6 77.6 75.7 79.2 78.5 80.8 80.8 81.2 83.7 81.5 81.4 80.7 79.3 82.4 84.6 82.6 78.4 85.2 81.8 85.4 77.9 68.3 72.2 76.7 77.2 76.9 71.0 74.7 77.1 77.8 75.4 76.7 72.3 71.1 71.9 70.5 73.5 71.4 70.2 70.8 68.8 72.0 69.8 69.3 70.4 70.8 70.4 70.3 72.0 72.9 74.1 73.1 75.6 78.9 75.8 78.1 77.1 78.3 81.6 80.1 82.4 78.6 79.7 78.3 77.6 75.7 77.4 77.9 79.6 79.1
84.5 84.6 81.9 82.1 81.5 78.3 78.0 77.7 78.1 78.5 77.1 78.7 79.9 78.3 78.3 78.0 82.3 79.4 80.9 80.9 80.6 79.7 80.6 82.8 81.6 81.6 81.6 81.3 81.8 81.9 83.8 80.8 82.4 83.6 76.4 69.6 73.0 78.1 80.4 77.0 72.9 73.3 80.7 78.3 76.8 72.0 72.9 71.3 72.5 69.7 75.3 70.1 72.6 69.8 70.8 70.0 69.9 68.2 70.8 69.5 72.3 72.2 74.3 73.4 74.5 73.3 74.5 76.1 76.0 78.6 78.1 78.8 82.1 81.1 80.5 82.0 81.0 79.6 80.2 77.1 76.5 78.4 80.1 80.9
84.9 84.3 83.3 82.8 81.7 82.0 77.9 77.9 81.7 80.6 79.2 78.7 77.7 78.2 78.7 79.7 78.3 79.9 80.9 81.6 79.6 80.6 82.9 83.9 82.3 81.1 81.1 82.1 81.1 83.3 83.3 81.7 82.1 82.5 70.6 73.3 72.3 78.8 81.7 77.1 73.7 74.9 77.0 78.7 73.7 74.2 74.3 71.4 69.6 69.2 72.9 69.2 75.9 68.7 69.1 69.6 69.0 66.5 72.1 69.9 70.7 71.5 71.4 73.9 74.3 72.0 75.0 74.2 76.8 78.0 79.1 80.0 80.5 81.3 80.0 82.9 81.4 79.4 76.0 80.1 79.5 79.1 82.1 81.0
82.7 82.4 84.0 84.2 79.4 79.5 76.0 77.8 80.7 81.4 81.1 79.6 80.0 81.3 80.5 79.2 79.5 80.0 83.2 80.1 80.8 81.6 81.1 83.7 81.4 82.5 81.5 83.1 80.3 84.5 83.6 81.7 79.4 84.0 70.3 76.4 74.7 80.6 80.3 76.8 75.8 77.0 77.6 78.5 74.0 74.7 69.5 73.5 71.7 70.0 71.3 71.3 67.5 67.5 68.7 70.3 69.1 68.2 70.0 70.8 70.9 71.5 72.8 73.3 71.4 72.9 73.5 74.4 76.8 76.7 77.7 78.1 79.9 80.6 79.7 82.6 83.2 80.5 76.8 83.0 79.1 79.7 82.6 80.6
83.7 82.2 81.7 82.3 78.7 78.5 77.4 81.0 81.6 80.1 79.4 81.0 81.5 82.3 83.9 80.5 81.6 80.0 83.8 79.5 83.5 82.8 82.6 81.8 83.2 83.5 80.6 82.5 83.8 84.6 86.4 82.7 75.7 81.7 70.9 74.5 77.7 80.3 79.0 75.9 73.1 74.7 77.7 80.8 74.5 76.1 73.4 74.0 72.1 70.7 70.2 71.1 70.2 70.1 67.5 69.1 67.4 68.1 69.6 69.8 70.5 70.8 76.8 74.1 72.4 73.4 72.7 74.4 76.7 76.0 77.3 77.4 79.0 79.3 80.8 82.6 80.2 79.7 79.0 86.9 78.6 80.4 79.7 79.5
84.0 82.9 82.7 78.9 79.0 78.8 76.9 79.3 81.7 80.6 82.3 82.0 81.6 82.8 82.4 81.3 81.0 80.8 79.6 82.3 81.9 84.2 83.5 81.8 84.4 84.3 79.6 81.2 82.8 81.8 81.7 82.3 83.8 79.6 74.2 75.2 77.1 78.9 84.8 78.9 77.3 76.8 79.7 81.3 74.8 78.0 74.4 74.2 73.0 71.7 70.4 71.2 73.3 68.8 69.2 69.3 68.5 65.0 69.2 69.2 70.2 70.6 72.8 71.3 73.1 75.9 75.2 73.2 77.7 77.0 79.2 77.9 80.0 79.1 79.6 81.1 82.3 80.5 79.7 80.5 79.2 81.2 81.1 79.2
84.5 82.3 82.6 77.9 80.7 80.9 78.2 79.9 81.5 81.9 79.9 81.9 81.4 80.9 82.5 82.3 84.3 81.9 83.2 82.1 81.4 82.0 83.6 82.6 81.4 85.4 80.5 81.2 82.2 81.3 83.5 81.7 79.9 74.8 67.0 74.8 82.5 80.0 79.7 77.6 75.0 76.7 82.6 81.4 77.1 79.8 75.1 76.4 77.5 71.6 72.7 71.6 70.9 71.2 66.7 68.8 67.0 65.0 68.4 68.6 69.7 71.4 70.0 70.4 72.4 74.3 72.7 72.4 73.6 73.0 77.5 78.5 79.0 79.5 81.9 80.6 83.4 79.7 81.3 80.9 78.9 81.1 79.6 80.7
84.6 81.7 79.3 80.6 79.8 82.4 80.5 80.8 79.8 82.7 82.1 83.3 81.5 82.8 82.6 79.4 79.8 80.9 80.3 82.1 84.6 81.5 82.5 82.2 82.2 84.5 82.8 81.5 85.0 80.3 86.9 80.9 80.6 72.2 76.3 75.5 78.2 79.0 77.3 79.0 77.2 78.2 83.0 79.2 76.7 78.0 76.3 78.0 81.7 73.8 74.3 71.8 69.4 71.0 68.3 66.4 66.1 64.6 69.0 69.5 66.4 70.2 71.2 71.6 72.6 71.7 71.7 72.9 75.6 72.9 75.9 78.2 81.9 80.8 79.7 80.7 80.1 79.8 82.0 81.2 81.2 80.2 83.3 80.9
81.7 81.5 80.4 80.6 81.4 78.9 79.1 81.6 81.9 82.6 81.4 82.9 75.9 80.2 79.4 78.1 77.8 81.5 80.8 82.3 82.3 81.7 82.6 82.1 83.3 81.1 80.2 80.5 82.3 81.2 80.9 82.2 83.3 71.3 67.2 77.0 81.1 79.9 77.6 79.3 78.2 79.6 77.7 82.1 76.6 78.2 78.4 77.3 78.9 75.8 75.3 73.2 70.0 71.0 70.2 67.7 67.3 65.4 66.1 70.0 69.1 69.9 70.1 72.6 70.3 71.8 68.2 73.7 72.1 72.8 73.9 76.0 80.6 79.4 81.9 80.7 82.9 80.1 82.3 81.7 78.2 79.6 79.3 80.7
84.0 80.8 80.4 80.3 78.9 79.8 81.2 81.3 85.2 81.7 82.6 83.1 81.9 81.7 79.9 79.3 78.1 77.5 80.2 82.8 82.4 82.9 82.1 84.7 84.4 81.6 83.2 79.1 80.1 81.4 80.0 80.6 80.4 71.3 71.5 77.9 80.7 79.4 78.4 79.4 77.6 79.7 83.5 83.4 80.6 79.1 76.7 77.9 76.7 78.5 77.6 75.9 71.1 72.7 71.5 72.7 67.8 68.2 66.7 69.7 68.8 72.8 70.6 72.8 69.1 73.0 69.5 75.3 74.9 72.6 73.1 74.1 77.0 80.1 80.7 81.3 80.5 78.4 81.3 82.9 81.2 79.5 78.4 81.7
84.3 81.5 79.6 79.6 80.2 78.7 81.3 80.9 79.3 81.0 84.0 84.0 81.0 81.4 78.0 83.1 75.8 78.4 80.3 81.1 87.6 81.8 80.1 84.1 80.9 79.7 80.2 80.6 81.1 80.9 81.2 80.4 79.6 70.1 73.6 79.8 81.3 79.7 78.2 78.5 75.9 77.9 82.2 83.4 78.6 79.1 77.2 77.5 79.1 78.1 75.4 76.5 74.0 73.4 69.5 73.5 72.0 70.2 70.1 69.4 71.3 72.7 72.0 73.7 71.5 72.7 70.6 73.5 74.7 72.2 71.7 72.9 79.8 79.7 81.2 78.3 81.0 80.5 80.7 82.3 80.8 80.7 80.2 82.1
