morphological_analysis/input_data/surveys/q10_2/matrix_q10_2s9.txt
north:            -537.50
south:           -1247.50
east:             2697.00
west:              -93.00
rows:                 144
cols:                 279
null:              -999.0
[rows 0 to 37 of 144, columns 84 to 167 of 279]
105.8 117.3 117.4 117.8 108.5 101.2 104.9 108.8 106.2 101.9 102.8 106.5 104.1 102.5 104.3 106.6 104.1 107.4 109.6 107.1 104.8 104.7 104.7 107.3 107.8 106.2 107.1 105.4 100.6 -999.0 109.3 109.1 -999.0 105.9 107.0 104.4 103.1 100.1 94.2 103.1 105.5 104.6 107.6 105.7 106.3 107.7 106.9 106.8 106.7 107.8 114.3 106.2 108.8 110.2 110.6 110.4 111.6 106.2 108.1 107.3 104.9 109.1 103.8 103.7 106.7 104.0 104.5 104.3 102.7 102.4 97.5 105.4 -999.0 106.6 103.2 104.9 101.4 98.6 103.0 102.8 102.1 104.3 100.8 103.0
104.9 118.4 118.6 117.6 113.4 106.6 105.5 108.9 106.4 102.0 103.5 106.6 104.3 102.6 104.3 106.5 103.5 107.2 109.9 106.7 104.5 104.7 103.8 107.2 107.8 106.3 107.2 105.3 101.6 108.9 107.7 109.3 108.1 106.0 107.4 104.4 104.7 100.6 97.3 103.1 104.6 105.1 107.6 105.8 106.2 107.8 106.9 107.2 106.8 107.7 113.3 105.6 108.3 109.9 110.2 109.7 112.1 106.6 108.1 107.4 109.9 109.1 101.5 104.1 106.8 104.0 103.6 104.9 102.7 102.3 96.9 105.3 108.2 106.6 102.4 104.6 101.8 98.4 102.8 102.3 101.4 104.5 102.6 102.1
112.7 120.1 118.2 118.5 119.1 115.4 106.2 109.7 106.5 103.2 102.9 108.2 105.0 103.3 105.6 107.2 104.6 110.7 107.1 110.1 106.1 104.4 104.2 107.0 107.9 107.6 107.2 105.4 101.7 108.9 105.6 109.8 108.1 107.7 107.7 105.8 103.8 100.6 99.2 104.3 107.8 107.2 108.4 107.0 106.7 109.7 107.8 107.0 106.8 109.3 118.0 117.0 111.1 114.9 110.7 111.8 112.4 108.8 109.9 107.4 106.9 109.1 105.6 104.0 107.3 106.1 108.3 105.7 105.9 103.4 99.6 107.7 108.2 106.9 104.1 107.2 99.0 102.6 102.3 104.7 103.8 104.4 102.6 100.1
117.8 119.8 119.9 119.5 119.5 119.3 104.2 110.0 108.0 106.1 103.4 109.7 105.1 105.9 106.4 108.1 105.3 112.4 110.7 109.0 107.1 105.8 102.9 107.0 110.3 108.1 107.9 105.1 103.6 108.9 106.6 111.4 108.2 110.0 108.2 108.5 107.1 103.9 100.0 107.7 108.5 111.0 109.0 109.9 107.0 110.7 107.4 109.7 108.6 112.5 118.9 118.6 117.3 115.6 111.3 112.5 112.8 109.8 110.2 108.3 107.7 109.6 106.1 106.2 107.6 107.5 105.0 105.3 107.7 104.6 101.1 106.9 108.2 107.6 109.2 104.3 100.9 103.5 101.8 104.6 103.4 105.5 102.2 103.8
120.4 119.9 118.6 119.0 119.8 119.8 111.5 109.7 108.6 106.2 100.2 112.0 107.3 109.1 105.5 108.6 108.0 110.6 111.5 108.8 109.5 107.1 105.0 110.7 111.1 107.9 109.0 108.2 103.1 109.8 109.0 110.9 109.7 110.4 108.8 109.0 109.3 106.8 102.7 107.7 109.2 111.2 110.3 111.9 109.7 110.4 112.3 112.0 111.4 114.8 118.5 120.8 118.3 120.8 111.7 114.3 114.1 111.1 111.8 109.7 107.7 109.3 106.5 107.1 103.9 103.3 109.4 108.1 106.4 106.7 103.6 105.8 108.2 108.2 107.2 106.7 102.0 106.4 106.0 103.8 105.9 108.8 103.0 105.1
123.3 121.0 119.9 117.9 119.3 121.2 115.0 121.1 108.0 112.1 106.4 115.1 107.8 111.5 112.2 109.8 108.0 112.1 112.2 110.7 109.7 108.2 108.3 113.2 111.6 109.6 109.3 110.8 108.8 110.4 109.3 110.8 110.3 111.7 110.9 111.2 111.0 109.8 105.9 111.7 109.6 111.7 113.5 116.5 110.8 112.3 111.6 115.1 110.4 122.6 118.4 121.4 119.5 121.2 110.4 113.2 113.8 114.0 111.9 111.7 110.0 109.0 110.3 110.3 109.5 107.8 108.5 108.8 109.5 107.6 106.1 107.0 111.1 109.9 106.9 106.8 102.9 105.6 107.4 107.8 105.0 109.0 103.3 105.8
124.5 121.3 120.0 118.3 118.2 123.2 123.5 122.4 109.9 116.9 118.2 115.0 116.2 115.0 112.2 118.2 106.5 115.2 114.0 118.7 111.3 110.9 107.5 114.0 116.9 113.7 110.5 118.3 110.5 111.1 111.7 110.2 111.0 115.6 113.2 114.2 115.4 112.7 110.4 118.2 113.7 114.0 115.5 117.3 115.2 114.5 113.9 117.2 109.6 123.7 117.9 120.6 119.3 121.0 123.2 111.9 114.8 116.0 114.4 113.4 112.9 112.6 110.0 114.8 112.3 110.0 107.2 110.2 110.1 108.8 107.9 108.6 110.9 110.3 109.0 105.9 104.7 107.6 106.5 110.8 104.5 108.6 106.4 107.4
123.1 120.4 120.9 119.8 119.1 124.5 125.6 126.0 118.0 123.6 121.3 119.8 118.8 118.9 123.1 122.2 120.8 121.6 119.1 120.9 118.6 120.7 117.9 120.1 117.5 115.0 119.6 119.4 112.5 121.0 115.6 120.2 114.8 118.4 119.3 118.4 116.5 118.9 118.8 117.7 119.3 117.3 117.7 119.4 117.9 120.3 118.1 118.6 120.4 123.3 120.2 118.7 119.1 120.4 126.7 119.2 118.3 117.3 116.4 118.0 116.7 118.7 117.0 123.1 116.4 114.3 114.6 113.2 110.3 107.7 108.7 112.4 114.3 115.2 110.8 111.7 108.6 117.7 109.6 118.4 109.7 113.1 108.1 110.0
123.9 119.7 120.8 119.6 119.6 124.1 126.1 126.7 118.9 122.0 120.9 120.9 121.0 121.3 121.8 121.8 119.6 123.6 121.8 120.6 122.0 121.2 123.9 123.7 121.6 122.6 121.9 123.1 121.1 122.1 118.4 120.4 120.1 121.2 119.8 119.4 118.5 119.7 116.4 115.0 120.1 120.6 118.6 119.8 118.9 120.7 122.9 124.1 123.6 123.1 122.0 120.1 117.7 120.3 125.9 124.8 120.9 118.8 117.5 117.1 118.0 119.8 119.3 123.9 120.9 118.5 117.3 117.7 119.4 117.3 110.8 116.6 120.6 118.5 117.0 115.8 118.2 116.9 117.3 117.7 116.0 116.6 109.5 116.0
123.1 122.2 120.8 119.3 120.0 123.8 127.5 126.4 125.1 124.6 123.0 122.0 121.1 120.2 123.1 120.9 121.5 121.5 122.4 123.4 121.4 119.8 121.3 122.1 120.7 122.2 123.7 122.4 123.2 123.0 122.0 120.4 118.5 120.5 120.8 120.1 120.5 120.9 119.3 116.0 118.7 121.2 126.9 120.3 121.1 121.5 121.4 126.0 125.0 124.9 121.8 120.5 120.7 120.4 125.5 124.7 123.2 120.6 120.9 119.6 119.3 120.3 118.1 117.8 119.6 118.1 119.5 118.6 117.7 118.0 114.0 117.9 118.1 118.4 116.2 116.8 120.4 115.9 116.8 117.7 117.8 115.5 115.2 116.4
122.9 122.6 111.4 117.9 121.4 118.8 124.4 124.8 124.2 123.9 121.8 121.9 120.4 120.7 120.7 119.8 118.8 120.7 120.9 121.4 121.4 119.7 122.1 121.3 121.1 121.2 123.1 121.9 123.4 124.9 120.7 121.6 120.1 119.4 120.8 120.9 121.2 121.0 119.4 116.7 121.5 121.8 121.2 120.6 120.3 121.2 122.0 126.3 125.4 123.5 121.4 120.7 119.9 120.8 126.7 124.6 125.8 118.3 119.3 119.8 119.2 118.9 120.1 119.8 119.9 118.0 119.0 118.7 118.0 117.5 119.2 118.3 119.3 120.3 117.7 109.7 118.2 117.2 117.0 118.3 116.9 114.0 117.0 116.8
121.3 113.6 119.7 113.4 120.3 112.0 121.4 117.0 120.9 107.3 122.3 92.2 111.7 86.2 122.3 108.2 120.9 114.9 121.1 116.4 121.9 114.9 119.7 120.4 117.5 117.7 122.2 119.3 119.2 119.6 118.1 119.0 119.8 121.4 122.5 110.9 123.1 118.7 119.7 115.7 121.1 121.0 124.7 113.2 119.5 120.1 124.2 124.4 125.3 122.3 120.9 115.0 119.4 117.7 126.1 122.0 119.9 118.8 120.4 119.9 119.0 117.7 119.3 115.6 118.8 111.4 115.5 100.3 116.0 117.0 120.1 116.2 119.9 118.2 118.4 92.4 120.3 117.5 118.1 115.8 114.2 108.4 115.8 116.9
117.1 65.9 65.1 70.7 69.5 71.0 67.8 69.7 67.4 70.9 122.5 71.3 75.8 71.1 83.2 105.4 78.7 109.7 114.0 103.3 122.3 111.6 116.8 91.3 119.1 74.2 121.6 103.1 124.3 96.8 121.8 113.8 120.1 111.0 121.4 66.2 122.2 95.6 118.2 112.6 117.7 108.4 120.3 63.3 120.8 108.6 104.5 99.6 123.1 110.6 119.7 111.4 118.0 75.2 119.8 112.3 122.5 112.1 119.5 85.4 109.3 113.6 116.3 115.4 119.8 84.0 116.7 82.7 116.7 84.9 118.8 114.2 119.6 112.2 120.0 90.0 120.2 115.7 113.1 109.9 115.5 82.6 118.2 111.1
74.8 65.0 67.5 66.3 67.8 69.1 71.6 67.0 67.9 70.4 91.0 69.4 71.7 71.6 89.1 76.4 73.2 72.9 106.8 76.6 87.8 75.0 106.1 73.1 71.0 71.0 73.3 80.1 57.6 58.6 56.1 61.3 68.1 64.1 79.9 63.3 120.5 63.0 69.6 63.1 61.3 55.3 89.1 55.2 57.0 65.2 62.1 67.1 64.3 69.8 97.0 71.7 89.7 72.7 118.5 74.9 73.3 78.7 71.8 75.5 81.2 80.5 101.2 79.8 77.6 84.8 78.9 81.0 79.7 87.1 99.8 84.5 90.9 86.1 81.2 82.9 87.2 88.5 103.9 83.6 76.3 79.1 96.6 83.9
67.7 66.2 65.9 68.4 68.9 66.9 68.7 68.4 66.3 69.6 69.2 71.3 70.2 72.5 75.8 75.5 74.4 75.1 78.5 72.5 74.5 72.3 72.6 71.8 72.3 70.2 73.7 60.8 54.7 53.3 51.4 56.1 57.4 61.7 63.5 62.6 106.1 60.3 61.8 55.4 54.5 51.1 51.6 54.3 62.3 60.1 62.7 61.1 61.8 64.8 70.9 67.4 72.2 71.7 73.0 73.7 72.7 74.4 77.3 76.9 76.6 77.8 81.0 77.9 81.6 78.8 79.5 81.0 78.1 81.6 83.2 82.6 82.3 81.3 80.2 81.3 79.4 83.7 82.1 81.5 80.5 78.8 79.5 83.3
66.6 69.5 67.7 71.4 66.7 66.9 68.5 67.8 65.3 69.4 69.4 70.8 70.8 72.6 74.2 73.2 74.2 76.3 75.5 74.5 76.2 73.0 71.7 71.7 71.1 69.7 72.4 56.7 53.1 48.6 52.5 55.6 60.8 59.2 61.9 60.1 62.5 59.2 58.9 56.2 53.0 52.8 53.2 53.3 53.0 62.1 62.7 64.8 65.4 66.0 66.0 66.4 70.2 71.8 72.8 72.1 75.4 72.8 73.2 76.4 73.7 76.1 76.9 77.2 79.3 79.4 79.1 81.0 80.5 81.9 82.1 81.9 80.0 80.8 81.0 81.0 82.3 84.2 81.1 86.9 79.0 78.6 81.4 83.3
69.9 71.3 73.3 69.2 68.9 66.9 67.6 69.8 68.2 70.0 70.8 72.2 70.0 73.1 74.7 69.7 74.8 77.9 75.1 73.9 73.7 73.5 72.8 73.4 70.7 73.3 71.0 57.1 52.4 51.7 53.0 57.1 56.6 59.6 60.5 59.6 63.2 59.1 59.0 53.2 53.1 52.0 55.6 54.4 54.1 61.0 62.5 62.3 64.9 65.9 67.4 68.3 71.4 73.4 73.4 72.0 73.6 72.7 73.1 75.5 73.6 77.3 78.0 78.2 79.2 78.2 80.1 82.4 81.9 82.1 78.1 81.5 81.6 81.1 82.9 80.3 79.6 83.7 82.7 88.2 81.7 79.2 81.1 83.2
70.7 71.4 69.2 69.1 68.9 67.0 65.9 69.0 68.2 68.6 71.2 73.0 72.5 72.1 74.2 73.8 72.8 79.1 73.1 72.4 74.2 73.0 72.9 74.1 71.2 69.9 70.5 55.5 53.9 53.9 52.9 55.1 57.7 60.5 60.5 59.9 60.0 59.1 55.1 50.8 53.9 51.4 53.9 54.6 54.5 60.6 64.4 61.9 64.8 64.2 64.6 67.1 69.3 74.3 73.9 72.9 74.9 73.5 72.3 75.5 77.8 76.7 75.4 78.2 79.2 77.9 80.1 81.3 83.7 83.1 83.0 84.2 81.4 83.6 81.1 82.6 81.0 84.6 83.4 83.1 78.6 81.1 80.8 83.2
70.2 71.8 70.3 69.1 67.3 66.9 67.6 69.4 69.2 69.6 70.6 72.9 72.8 70.5 73.2 74.0 71.0 74.7 74.0 73.8 74.2 72.0 73.2 74.1 72.8 70.0 65.0 56.9 57.0 56.2 51.0 56.2 55.8 58.4 61.0 59.9 57.8 55.5 54.5 49.1 50.9 53.6 53.4 53.8 57.9 60.5 66.6 62.9 64.5 65.1 65.8 66.4 67.0 70.6 71.8 72.1 74.0 73.7 71.9 74.8 75.4 75.1 76.2 77.6 80.2 78.1 80.4 80.9 83.8 83.3 85.5 82.4 83.4 84.1 81.7 83.4 85.4 84.7 82.9 82.4 81.5 83.0 80.9 81.5
71.5 72.0 72.6 69.1 67.1 67.4 66.7 70.9 69.8 71.4 70.7 70.9 71.8 71.8 75.3 72.2 73.1 75.9 74.9 75.5 74.7 72.6 73.7 72.2 71.2 69.8 59.4 57.7 56.4 57.5 53.3 57.0 54.8 57.9 59.3 60.2 61.6 53.7 53.4 50.1 52.0 56.3 55.0 62.4 57.5 65.3 65.4 65.1 63.0 65.2 66.6 67.2 65.8 69.8 72.0 73.1 74.5 71.9 72.5 76.0 74.9 76.3 77.9 77.0 77.1 78.5 81.9 81.5 82.2 82.8 84.2 81.5 84.8 84.6 82.3 82.5 85.2 86.7 83.3 83.8 83.1 84.1 80.8 81.3
74.5 74.7 72.4 69.2 69.9 71.3 67.0 71.2 68.2 71.8 71.6 71.3 71.2 72.3 72.4 71.6 73.3 75.6 74.5 75.8 73.3 73.0 72.9 71.0 70.8 68.4 59.1 57.8 59.8 56.3 52.8 60.0 55.6 57.6 56.6 58.1 56.1 51.0 48.2 51.8 52.7 55.7 59.2 62.8 57.3 60.6 62.4 64.9 63.7 65.5 68.2 68.5 65.2 72.0 71.9 74.5 74.9 71.8 73.2 78.7 77.2 76.6 79.9 73.2 76.6 79.2 79.6 81.8 83.2 82.9 83.9 79.5 87.3 82.6 83.5 82.7 81.3 85.0 85.0 84.7 80.1 86.5 77.9 81.2
73.7 76.6 74.0 72.3 70.8 72.0 69.5 72.3 69.0 71.2 72.5 73.4 68.8 72.5 74.2 72.5 73.4 75.5 74.5 72.2 76.3 73.4 70.4 71.4 70.9 63.5 59.5 59.1 60.3 55.9 54.9 59.8 57.3 57.6 58.7 58.0 53.8 50.2 48.2 51.5 54.5 55.8 59.5 63.3 59.7 61.5 61.0 65.6 63.5 66.6 66.9 66.3 69.3 72.0 70.3 74.6 74.5 72.2 75.2 79.0 76.9 76.9 76.6 76.9 80.4 78.8 80.0 83.7 83.4 84.9 84.6 84.2 83.9 81.7 84.4 83.0 82.4 83.8 85.1 83.3 84.7 82.4 77.9 81.8
76.0 75.8 74.8 75.3 72.5 76.9 70.1 73.5 72.3 71.0 72.2 70.9 67.0 73.4 71.2 73.9 72.9 74.5 72.5 73.8 71.6 73.7 73.9 70.6 73.2 61.6 59.0 59.8 62.0 55.9 54.2 59.6 57.2 58.5 61.6 57.5 53.1 49.5 50.6 51.2 56.9 60.3 58.3 64.9 61.5 62.7 61.9 65.6 65.8 65.2 66.3 65.1 68.5 73.0 72.2 70.4 73.8 71.8 73.8 73.1 75.5 76.8 77.7 77.1 77.7 78.6 80.5 80.0 83.2 83.9 83.6 88.2 85.9 82.2 84.1 82.9 82.4 83.4 84.3 85.1 83.9 81.6 77.9 81.5
78.2 76.3 75.8 78.2 74.8 76.0 71.5 75.7 73.0 74.7 72.7 70.4 74.1 72.7 71.8 71.4 72.4 73.4 73.0 74.4 71.8 73.7 69.0 70.0 67.0 60.8 63.3 59.2 62.7 56.8 59.2 64.4 57.9 58.3 58.4 57.2 52.3 50.8 49.7 53.7 57.3 64.5 63.9 64.4 62.7 63.8 63.1 65.7 64.2 64.5 66.2 64.9 67.6 71.4 70.3 70.1 72.7 72.6 77.8 74.3 74.8 77.2 77.5 78.4 78.3 78.0 82.7 81.7 81.6 83.2 84.0 84.4 87.9 85.2 84.0 82.7 84.3 87.1 83.8 83.4 83.8 83.9 83.1 81.5
75.7 77.5 74.2 73.9 74.8 76.5 74.3 76.0 75.5 74.0 74.8 72.7 73.5 72.4 70.8 72.8 73.3 72.8 73.4 73.5 72.2 72.3 71.3 67.8 64.0 62.8 60.9 59.1 58.0 65.9 61.5 62.3 60.0 58.1 59.0 57.7 50.7 51.5 52.5 54.4 60.1 64.2 65.9 65.9 63.1 64.4 63.9 66.7 62.4 65.7 65.8 68.1 65.8 71.7 71.1 72.8 77.4 72.8 76.0 74.8 75.3 77.0 76.2 79.3 77.5 78.9 80.1 83.4 80.9 83.8 84.0 84.1 83.7 85.8 83.7 84.8 84.4 83.5 85.9 85.4 85.4 83.8 82.8 84.2
76.7 76.1 74.5 76.3 75.2 77.1 73.3 77.6 75.0 73.6 73.8 73.6 70.9 70.2 70.7 71.2 71.2 72.5 75.1 72.4 72.1 72.1 70.8 66.3 63.6 61.7 63.1 59.9 59.9 66.1 64.0 62.1 61.6 61.6 58.4 58.3 53.5 52.7 52.3 54.6 65.0 64.6 66.8 66.1 62.9 65.6 64.0 70.6 68.8 66.3 65.4 68.3 66.5 73.1 72.3 72.8 73.7 70.3 73.6 73.3 75.4 77.2 79.2 80.1 77.9 79.2 80.5 82.8 84.4 82.3 84.6 84.0 85.1 85.9 83.0 85.1 85.4 84.7 85.2 85.8 84.0 83.7 82.7 84.8
75.2 75.5 76.0 76.2 76.3 78.2 79.0 77.4 74.1 73.0 73.2 72.9 72.2 74.4 70.2 71.5 72.0 72.5 72.7 72.1 69.8 71.8 72.8 65.3 63.4 62.4 63.3 60.7 64.3 66.2 66.4 63.3 64.6 59.4 60.0 62.9 55.2 53.3 53.3 59.6 64.7 64.7 69.0 68.3 68.0 65.6 66.8 66.7 66.2 69.8 69.5 68.0 66.3 69.4 72.0 73.2 72.2 70.7 73.2 74.0 79.4 77.6 79.8 76.9 78.8 77.7 81.8 81.3 83.8 82.8 85.3 83.9 84.6 84.5 83.2 84.1 85.0 85.8 84.5 84.0 85.1 83.7 81.2 83.7
75.9 74.6 77.0 76.0 75.9 78.1 76.4 77.5 73.5 72.8 73.1 72.1 73.0 73.4 70.0 72.3 72.2 73.0 71.3 72.1 69.7 71.9 70.2 64.1 62.0 62.7 63.8 63.2 64.6 64.6 66.5 66.1 63.8 58.0 59.3 64.1 59.8 53.7 55.6 62.8 68.6 67.1 69.3 67.0 66.2 63.8 68.4 69.6 66.3 67.0 68.1 67.6 68.2 69.4 71.1 71.2 70.6 72.5 72.6 73.8 76.9 77.6 78.7 78.2 77.6 79.0 80.4 82.4 83.6 83.0 86.3 84.9 86.7 86.3 83.5 83.1 85.2 85.4 85.7 86.3 83.2 83.6 86.5 83.9
77.3 73.9 77.2 78.2 77.9 78.0 77.4 75.0 70.9 72.0 73.6 71.6 73.3 72.8 70.2 72.2 71.7 73.2 70.9 72.7 70.5 73.5 69.9 64.3 62.9 63.0 61.4 63.5 63.3 68.3 66.2 68.0 64.4 60.2 57.1 64.6 65.6 55.2 56.7 63.6 66.5 66.9 70.1 69.0 65.3 68.3 68.7 68.7 66.6 66.8 67.4 67.4 68.6 68.8 71.4 69.9 70.0 73.5 71.5 74.1 76.8 75.5 77.2 78.6 76.9 82.2 78.5 81.6 81.2 83.0 81.5 86.3 84.8 85.7 83.5 85.6 83.3 85.3 86.1 86.1 82.3 83.2 78.1 82.7
76.7 74.7 74.4 78.3 78.6 78.4 77.3 71.7 74.6 71.3 73.7 73.1 71.4 74.8 67.6 71.0 71.6 72.4 75.2 72.8 71.8 70.9 67.1 64.6 63.3 62.5 59.3 65.0 62.4 69.7 70.7 65.6 64.9 63.7 60.6 64.9 65.7 55.4 58.7 63.5 67.8 64.2 70.3 71.7 68.7 69.2 69.1 67.2 68.7 66.1 67.6 66.4 70.4 69.0 70.4 70.8 69.3 73.2 75.1 75.9 75.7 75.1 77.6 78.5 77.2 80.3 76.2 81.6 79.9 80.7 81.7 86.5 85.1 85.9 85.3 85.2 82.5 85.8 86.9 85.4 84.8 83.3 83.5 83.3
76.5 75.9 75.4 79.8 79.7 76.3 78.2 73.2 73.4 73.0 75.0 73.3 72.7 74.0 68.9 73.1 72.5 75.1 75.7 72.2 72.4 69.8 66.4 66.2 66.1 62.3 58.8 65.4 64.5 70.6 71.5 63.1 65.5 70.6 62.2 65.2 65.7 55.7 61.8 65.8 70.2 69.3 70.3 71.6 69.1 70.7 70.8 66.1 70.2 66.3 68.1 67.7 68.9 69.2 70.2 70.3 70.7 72.1 74.9 73.9 75.5 75.8 75.9 77.7 77.3 79.7 80.2 81.7 82.0 81.1 80.9 84.5 84.9 87.7 84.7 84.4 83.6 84.9 90.9 84.8 86.1 83.4 78.1 82.7
76.7 76.1 78.2 77.8 78.4 77.3 74.3 74.9 74.2 74.0 74.9 75.4 73.8 72.9 71.9 74.1 71.9 76.2 71.6 72.0 72.3 69.6 66.2 61.7 64.8 63.1 58.8 66.1 65.8 73.3 70.0 64.6 66.7 69.8 71.3 65.7 65.6 60.7 64.6 68.0 69.3 72.0 73.6 71.3 66.9 67.7 71.2 69.7 69.8 66.6 67.0 68.8 68.5 68.3 70.9 69.5 70.3 71.7 71.3 73.0 74.9 75.2 77.8 78.2 73.4 77.9 79.8 82.0 84.0 81.3 84.0 84.6 85.2 86.6 84.3 84.1 85.3 81.2 84.2 84.7 83.0 82.5 81.5 82.3
79.2 77.1 77.0 78.3 76.6 78.6 80.6 76.3 77.4 74.6 76.7 75.4 73.2 73.4 72.7 74.1 71.7 78.2 74.3 73.2 72.4 68.3 64.6 61.8 64.6 61.8 58.7 67.5 68.1 72.9 68.9 68.9 71.4 72.1 70.3 68.8 65.7 63.5 66.5 71.9 68.5 72.5 70.2 71.4 66.3 69.0 70.4 68.0 69.6 66.9 68.1 64.6 67.6 69.1 68.5 69.3 70.9 70.5 72.7 73.5 75.6 76.7 74.6 78.5 78.3 79.3 77.7 80.4 82.3 81.1 80.1 84.4 82.3 86.0 84.0 83.2 81.3 83.5 84.1 84.4 80.6 80.7 80.5 80.5
78.5 78.4 77.2 78.5 75.1 78.0 74.4 80.7 79.1 75.3 76.2 75.5 73.0 77.8 75.8 74.6 73.7 76.6 72.6 74.6 73.7 66.0 64.5 61.1 61.5 63.2 58.7 68.8 69.3 71.0 66.7 70.0 75.0 73.0 69.5 70.3 67.7 69.1 68.0 74.5 69.3 74.0 72.2 69.2 68.1 69.3 68.6 68.7 67.7 67.3 68.2 66.8 68.2 67.4 75.1 69.5 68.6 69.9 71.0 73.9 74.4 73.4 74.2 76.3 77.4 78.3 75.0 83.4 81.6 80.2 81.6 83.5 82.9 85.2 83.7 83.3 86.3 83.8 86.9 84.2 81.2 81.5 80.0 79.6
78.2 79.3 78.7 79.8 77.1 77.4 79.5 80.2 78.9 80.1 82.3 79.2 80.2 83.0 76.6 79.2 74.5 76.6 74.4 76.6 73.9 67.7 63.3 60.2 63.6 66.6 64.6 69.2 73.5 67.3 71.0 70.5 75.1 72.8 71.5 68.7 71.1 68.3 71.3 73.6 69.8 71.2 73.4 69.2 70.0 69.3 68.9 69.0 68.9 70.1 68.3 67.6 68.2 67.0 70.4 69.6 69.8 71.0 68.9 72.7 78.8 74.8 74.6 76.9 73.0 77.5 78.5 84.8 80.6 79.7 83.6 83.3 82.2 84.0 83.6 84.0 76.0 83.6 83.4 84.2 81.0 82.6 80.9 79.6
79.4 79.9 79.5 80.4 80.1 78.3 82.2 81.3 83.9 80.1 79.5 80.3 79.9 82.3 82.0 81.4 77.0 78.9 77.2 77.1 74.8 68.9 62.0 61.8 64.4 66.2 62.6 70.1 69.9 72.9 70.7 72.0 74.0 72.2 69.6 68.2 69.5 72.0 73.7 73.3 71.7 72.6 71.4 71.2 68.4 69.0 72.4 69.8 69.4 72.9 68.1 68.3 69.3 65.4 68.8 70.5 71.9 72.9 69.0 70.6 75.6 75.7 75.8 78.0 75.6 74.2 78.2 84.3 80.4 81.0 82.0 82.6 81.8 84.6 84.6 86.6 82.0 82.2 82.5 83.7 81.8 82.9 81.3 79.5
79.6 80.6 81.2 80.4 79.3 79.5 81.2 81.8 82.3 81.9 81.8 82.1 81.7 82.5 82.3 80.9 78.5 80.1 76.0 78.9 74.5 69.0 62.6 66.9 65.4 66.3 71.7 70.1 69.1 73.5 72.9 76.8 74.1 72.2 69.2 69.3 72.4 75.1 75.3 74.6 70.9 71.3 68.6 72.2 70.4 69.5 70.0 70.0 70.5 71.6 67.9 68.8 69.6 68.7 69.2 70.4 69.2 72.6 68.1 69.6 73.5 75.3 77.2 78.6 76.5 78.6 80.4 81.4 80.5 80.5 82.2 82.9 81.7 84.6 84.2 84.2 82.8 80.9 82.2 83.1 82.4 82.7 79.1 79.9
87.2 80.4 82.8 81.0 80.8 81.6 79.4 82.1 82.8 81.6 84.1 83.2 81.3 82.8 79.1 80.2 79.4 80.0 78.5 80.4 74.9 66.2 64.0 67.8 66.8 66.3 74.6 70.2 69.9 75.1 73.6 77.6 74.3 72.8 70.6 70.8 71.8 77.4 77.6 71.0 70.1 72.2 69.6 73.3 69.6 72.0 70.1 72.5 69.2 71.0 70.7 69.4 68.7 68.2 68.6 70.2 68.3 70.6 69.1 72.3 75.2 75.7 75.7 78.2 77.4 77.7 79.0 77.7 81.0 81.8 82.2 82.8 81.3 84.6 84.5 82.3 81.1 80.0 82.7 83.1 82.4 82.5 80.3 80.1
