morphological_analysis/input_data/surveys/q10_2/matrix_q10_2s8.txt
north:            -537.50
south:           -1247.50
east:             2697.00
west:              -93.00
rows:                 144
cols:                 279
null:              -999.0
[rows 0 to 37 of 144, columns 168 to 251 of 279]
98.6 99.9 95.3 93.4 92.2 87.6 86.4 91.6 92.8 92.5 94.5 94.7 92.3 88.9 83.4 86.1 89.7 84.6 83.6 84.2 87.5 85.7 81.4 82.7 87.4 95.6 78.9 83.4 90.7 91.2 95.7 97.8 91.8 93.3 89.4 93.3 92.5 94.4 99.9 103.3 99.2 98.7 93.4 94.3 95.0 90.4 84.7 87.8 93.3 92.1 93.7 93.8 95.2 94.4 85.7 88.0 90.8 98.9 99.7 99.6 105.0 98.2 94.9 90.2 76.9 78.6 82.2 84.8 91.2 90.2 81.2 83.5 85.4 85.0 78.1 72.2 72.4 83.1 84.3 82.0 79.4 73.3 68.3 69.3
99.3 100.0 95.2 93.3 92.2 87.7 85.7 91.5 92.7 93.5 93.7 94.8 92.2 88.9 83.1 86.3 88.9 85.6 81.2 83.9 87.2 85.6 81.5 82.7 87.1 95.7 81.2 85.7 90.4 91.8 95.3 98.3 92.6 93.8 96.9 93.5 91.4 94.6 99.8 103.2 99.2 98.5 92.8 97.6 95.3 90.3 83.9 87.6 92.0 92.6 93.3 93.9 95.0 94.4 87.4 88.0 90.7 98.9 99.2 99.6 104.9 98.2 94.9 90.7 76.5 78.8 81.6 84.9 90.7 90.1 81.1 85.8 84.7 85.1 78.3 72.3 72.0 83.2 84.0 81.9 79.4 73.4 68.1 69.0
101.2 97.8 95.8 94.3 93.4 90.8 88.7 94.5 95.9 96.1 97.3 97.5 92.8 88.7 84.6 93.4 94.2 92.1 83.4 87.7 88.8 86.5 82.0 85.6 89.4 95.8 84.1 88.5 92.1 92.6 97.5 98.6 95.3 94.1 95.6 94.2 93.0 92.1 100.4 104.2 100.6 100.6 94.9 94.5 96.3 94.3 90.4 92.0 96.0 94.2 95.3 96.9 96.7 95.5 90.4 90.3 91.3 99.2 101.5 98.1 101.0 97.2 94.9 96.3 79.8 80.4 84.2 87.4 93.0 91.9 85.7 86.8 85.6 86.8 80.7 70.6 76.2 85.0 80.3 83.5 81.3 74.0 68.2 67.1
102.7 99.2 97.3 94.8 97.4 93.4 90.1 97.0 95.2 96.8 97.6 98.0 96.2 91.4 86.2 111.1 110.7 108.2 101.8 85.1 91.2 88.8 84.3 88.8 93.4 96.8 86.4 90.7 93.1 96.7 97.1 101.6 97.4 97.4 100.0 98.1 94.7 98.3 100.8 103.7 103.0 100.6 94.1 96.5 98.2 96.7 90.8 94.4 98.0 94.9 92.2 98.1 96.7 96.7 92.4 91.0 91.9 99.5 100.5 100.3 106.4 97.6 95.0 97.1 78.3 83.0 84.3 89.1 94.7 94.7 88.5 87.5 86.0 87.3 84.5 76.6 79.0 83.6 86.2 84.3 82.4 78.0 70.6 66.7
102.1 102.0 98.3 97.9 96.8 95.4 93.0 98.6 96.3 97.9 97.2 98.6 95.7 91.4 97.5 112.7 116.6 111.8 110.4 84.9 94.1 90.8 86.4 89.6 95.1 100.1 89.7 94.0 95.8 96.5 97.7 101.3 96.7 99.8 100.5 99.7 98.5 99.9 102.0 105.0 104.3 101.2 96.4 97.2 99.2 98.9 90.9 96.7 102.8 98.0 94.9 97.9 98.0 97.7 93.1 94.0 96.2 103.9 106.1 101.6 101.2 97.3 90.7 97.7 99.6 92.2 85.4 91.5 97.1 94.6 90.8 90.7 91.0 89.7 84.6 80.4 85.3 88.2 89.5 87.5 87.5 83.0 72.1 71.4
105.5 104.7 103.1 101.3 100.4 98.1 95.3 100.7 102.6 99.0 100.0 98.5 99.1 102.4 113.2 112.6 113.2 113.5 115.7 95.2 92.2 92.9 91.3 90.7 94.0 104.0 93.3 96.1 99.8 101.6 99.2 104.0 100.1 100.2 101.4 101.8 99.0 101.7 101.4 104.4 103.6 103.8 97.5 98.0 99.0 100.9 93.3 98.8 102.3 101.3 95.4 99.0 99.7 101.7 97.1 94.9 99.8 107.2 100.6 100.0 100.3 99.7 91.5 100.4 116.8 118.6 112.2 97.1 96.8 94.5 92.1 93.2 94.0 91.8 86.1 82.7 85.5 87.4 91.9 90.1 87.0 84.5 74.5 74.2
107.2 105.8 103.5 101.7 102.3 100.2 98.8 97.5 103.3 100.1 101.2 99.0 96.0 109.3 115.7 112.7 111.9 113.1 115.5 111.8 90.1 95.2 90.4 92.6 96.6 102.0 96.9 96.9 100.3 101.0 99.9 106.1 100.2 103.5 103.7 103.6 102.2 102.7 102.1 103.9 105.3 107.2 98.8 99.2 101.5 102.6 95.5 99.4 102.1 102.0 96.2 100.8 101.4 103.9 101.6 97.3 104.5 110.2 106.3 99.9 102.7 100.2 90.3 119.0 123.1 122.0 121.7 107.4 97.4 97.4 96.8 95.3 92.8 93.5 88.7 82.7 89.3 89.5 91.9 91.5 87.1 86.6 76.9 77.3
105.6 107.3 102.6 102.7 103.3 106.4 103.2 105.3 103.9 106.5 100.7 104.7 104.6 115.3 116.7 113.3 111.7 111.9 114.2 114.2 108.2 101.7 91.9 106.0 97.6 104.9 98.8 97.6 106.1 104.3 107.0 106.1 103.0 105.8 103.0 104.9 103.6 105.0 105.6 107.2 106.5 109.6 101.8 100.4 102.5 104.7 96.6 100.1 104.0 103.8 97.5 102.5 105.6 105.3 101.5 101.0 101.9 109.9 107.0 102.1 104.3 101.2 88.5 116.6 121.0 122.8 125.3 118.7 97.9 97.7 97.2 96.9 97.3 95.6 89.8 87.2 90.3 94.0 95.9 94.8 88.6 89.6 78.8 79.8
115.3 116.1 113.9 114.6 115.9 115.5 114.2 116.0 114.6 115.8 115.3 117.3 113.6 116.9 117.2 113.7 111.3 111.4 114.6 116.2 113.8 111.1 111.6 110.2 107.8 107.4 106.1 100.8 107.2 104.0 105.4 109.6 105.9 107.1 104.0 108.8 103.9 108.9 105.1 107.8 106.1 115.6 105.3 104.3 100.8 111.6 101.6 104.1 104.5 106.3 98.4 103.4 107.0 107.0 103.5 101.1 102.1 110.2 109.0 102.2 102.8 102.7 90.4 122.8 121.5 123.4 119.8 122.8 105.6 97.5 99.4 100.0 98.5 98.1 91.4 86.9 89.3 97.0 98.9 100.5 90.2 90.4 80.5 80.3
114.9 115.3 113.8 114.4 116.4 116.7 115.1 115.8 116.6 118.1 115.5 117.7 118.4 119.3 116.7 112.3 109.7 111.2 112.1 116.4 116.8 115.5 111.8 114.4 112.5 112.5 110.2 113.3 112.5 114.1 103.0 113.8 112.4 112.8 114.7 115.0 115.9 115.5 112.8 116.4 116.0 116.3 115.3 113.9 116.2 116.0 113.7 113.4 112.7 110.2 110.7 109.9 106.8 109.7 102.5 108.1 107.3 115.5 109.4 111.4 107.0 103.8 99.3 126.0 121.4 124.4 123.3 124.6 115.8 98.5 100.5 100.2 98.4 101.1 91.9 87.1 91.2 97.7 101.2 100.0 94.9 92.9 82.6 80.9
115.0 115.3 114.5 113.8 115.8 116.3 116.3 114.7 114.3 114.9 115.0 115.9 118.6 120.4 118.6 111.9 112.5 112.2 113.0 116.0 117.2 116.6 114.0 113.1 113.8 112.9 112.5 113.4 113.7 114.0 114.2 114.7 115.1 117.1 115.9 114.7 115.8 113.6 116.5 117.1 118.8 116.7 115.2 115.8 116.4 116.2 115.0 114.7 117.2 115.9 116.6 118.9 118.8 117.3 115.4 120.7 117.4 118.0 116.2 118.8 110.0 120.0 128.1 126.9 121.7 125.0 124.1 126.2 122.7 113.4 115.2 113.0 107.0 108.1 100.5 113.7 91.7 115.0 103.9 105.2 99.5 95.4 82.6 82.5
116.1 113.4 114.4 113.0 116.5 115.5 116.4 115.3 116.9 115.3 116.6 115.1 118.7 114.0 117.9 112.8 112.9 111.3 111.8 117.5 117.7 115.8 113.4 113.4 111.6 112.6 115.2 116.2 113.6 115.1 114.4 113.2 114.4 112.8 113.9 114.8 114.6 116.1 115.7 119.0 119.0 117.5 117.3 117.7 115.3 116.0 116.0 115.7 116.0 115.7 115.8 120.5 118.5 118.5 114.2 117.9 117.5 118.5 119.7 116.9 122.4 123.9 129.4 126.3 124.4 125.8 124.4 125.8 125.2 122.4 121.9 119.1 120.8 121.9 122.2 119.2 113.1 118.7 120.5 116.7 118.7 115.5 117.8 97.2
117.7 104.2 116.9 100.1 116.4 109.4 115.4 108.2 116.4 112.4 115.9 113.7 117.6 108.2 115.5 104.2 110.0 109.3 108.9 115.7 116.3 114.7 114.0 111.5 111.9 111.8 116.0 114.0 112.9 114.5 116.7 112.8 115.6 113.4 114.8 114.6 115.2 116.2 115.1 116.8 118.4 117.4 116.1 116.7 117.0 115.4 114.6 115.4 115.6 116.1 117.4 119.4 114.9 118.5 115.5 117.2 118.7 118.0 119.7 115.8 121.7 127.8 129.2 125.9 123.6 125.8 123.1 124.3 123.6 125.1 121.2 122.7 121.1 120.7 120.4 123.2 119.7 124.1 120.9 124.5 123.8 126.1 123.3 123.5
82.5 83.6 80.3 81.8 82.1 79.7 75.5 90.0 77.7 87.8 88.4 109.1 109.5 78.9 110.3 80.5 82.2 94.1 106.7 109.5 111.4 110.9 110.0 96.7 117.6 110.2 110.2 104.9 110.8 111.9 112.9 112.6 114.8 110.1 105.6 115.3 114.1 113.7 116.3 116.2 117.9 114.5 117.5 114.3 117.4 115.8 117.3 111.0 113.1 115.2 118.0 119.7 120.2 119.0 115.6 117.1 118.8 116.9 119.8 118.2 123.3 125.4 127.1 124.3 124.6 123.9 122.5 124.8 126.9 126.5 123.3 122.8 121.9 121.0 123.9 123.9 126.1 123.7 123.3 123.9 124.9 125.2 124.5 124.9
86.0 82.1 79.5 80.1 77.7 77.8 79.5 75.7 74.3 76.7 73.6 79.1 77.8 74.8 75.3 73.0 76.5 75.5 75.9 79.8 77.5 94.1 87.5 84.9 84.0 81.8 80.6 86.5 87.2 96.5 79.9 105.0 91.3 96.3 66.3 98.7 107.9 105.4 111.9 70.0 117.3 109.9 116.7 107.2 118.0 69.1 119.3 106.1 119.9 105.0 116.5 116.9 116.2 117.1 114.9 115.9 116.2 116.5 120.1 117.1 121.3 127.6 126.4 124.7 121.5 123.8 122.0 125.0 126.8 128.3 123.7 123.0 120.7 120.6 123.0 124.7 124.2 123.6 123.6 123.5 124.2 125.4 124.0 125.1
81.1 82.3 82.6 80.8 80.6 77.6 75.8 76.2 75.4 77.6 76.8 77.6 77.3 74.5 73.6 74.5 75.9 75.3 75.2 78.3 77.2 80.6 79.3 81.4 80.6 79.5 73.4 79.5 78.0 79.5 82.2 79.3 80.7 77.9 62.6 47.5 44.6 53.2 56.8 49.3 55.2 79.6 59.9 65.5 65.1 65.7 70.9 72.0 71.9 69.2 72.1 103.7 100.9 89.7 109.9 110.3 117.3 111.6 114.0 109.5 119.5 113.8 118.0 120.6 118.8 122.3 120.4 122.9 126.4 126.8 122.2 123.0 122.6 118.6 122.6 126.3 124.6 121.8 122.3 125.4 128.3 125.0 122.7 125.5
82.3 83.5 84.5 82.3 81.1 77.6 76.8 79.1 77.5 77.9 78.1 76.9 76.3 68.4 77.2 74.9 77.4 75.6 75.6 76.7 78.7 78.8 79.6 79.3 78.5 80.4 80.1 81.7 77.6 79.5 80.3 79.1 78.7 77.2 61.5 47.7 47.3 52.2 36.3 45.8 51.6 54.5 59.1 62.7 64.0 65.4 67.5 69.6 71.7 70.0 71.0 71.9 70.7 76.7 81.9 79.4 78.7 79.0 76.1 85.8 111.0 86.9 99.5 114.8 117.4 106.0 112.9 93.8 120.6 100.0 125.6 104.4 121.9 115.5 119.7 121.3 123.7 115.1 123.6 122.2 123.7 119.5 126.1 124.6
85.9 84.0 79.8 81.9 82.8 80.4 78.1 79.7 77.2 77.2 76.2 75.3 76.9 75.3 73.6 74.8 75.9 77.0 75.5 76.1 78.8 79.9 79.0 80.0 79.8 79.5 78.6 82.2 79.6 79.5 79.3 80.3 81.1 81.5 61.3 54.9 51.7 54.0 36.6 49.7 55.3 56.4 58.1 64.1 67.8 67.6 69.3 70.3 69.4 71.4 69.2 69.3 71.8 73.1 73.3 76.0 75.6 77.7 77.9 75.4 73.7 76.8 76.3 78.7 76.8 80.9 78.0 85.7 74.5 83.3 73.0 78.9 76.7 78.0 74.4 111.0 77.8 78.9 84.5 103.6 115.9 104.8 124.0 113.1
82.7 84.2 81.0 82.4 82.9 80.7 79.1 80.8 78.0 78.2 74.4 74.8 76.7 76.3 76.1 77.5 76.9 76.2 78.0 76.7 76.5 80.0 79.6 79.7 78.3 79.5 80.1 80.5 80.0 79.3 79.6 81.0 78.6 79.1 64.1 59.5 49.5 55.2 39.6 52.0 53.8 61.6 60.2 66.0 66.5 67.9 68.6 69.9 71.6 70.7 70.3 68.5 74.5 70.4 71.4 76.7 73.8 76.6 75.3 75.3 77.8 75.3 70.9 82.6 77.0 76.1 77.3 78.7 77.1 78.3 78.1 77.5 82.1 79.9 77.8 83.8 79.5 76.3 73.2 78.6 72.9 76.9 72.7 76.8
81.9 82.4 80.9 81.9 85.7 80.5 78.9 81.2 75.9 77.4 75.2 74.5 74.0 73.7 76.4 76.3 75.8 74.6 77.5 76.6 79.1 79.2 80.1 80.1 79.4 78.1 81.6 78.5 78.3 78.2 79.7 80.9 78.8 79.6 62.7 62.5 50.9 52.2 42.7 53.6 58.6 60.3 62.1 69.1 70.2 70.6 70.1 70.6 73.8 72.6 69.6 69.6 70.6 70.6 69.8 76.4 74.6 74.0 75.0 73.2 74.1 75.7 75.7 76.8 75.5 78.0 74.8 78.5 76.2 79.4 78.6 77.5 77.9 80.0 78.9 79.1 76.9 78.7 77.5 74.5 75.4 73.7 71.8 73.4
82.6 83.2 82.1 83.3 79.9 80.4 79.5 81.5 76.6 76.2 75.7 74.8 74.2 73.2 74.9 76.9 76.6 75.9 76.9 77.7 78.1 79.4 76.1 78.4 79.5 77.6 80.7 80.2 77.9 79.6 79.7 80.5 80.6 80.4 61.9 66.0 52.1 51.0 45.6 56.0 63.2 61.1 65.1 68.2 71.2 71.5 72.8 70.9 75.5 72.9 71.6 72.3 70.5 68.5 70.1 70.6 72.0 72.3 76.2 70.7 70.6 75.4 75.4 75.6 75.0 75.6 77.2 76.9 78.4 77.9 78.4 77.5 78.1 79.7 76.0 80.4 79.7 76.5 78.1 76.8 77.3 76.0 73.6 73.0
85.0 82.6 85.7 82.9 84.2 77.8 80.4 78.7 74.6 76.3 75.6 74.7 72.6 74.9 74.1 75.3 77.7 75.5 77.4 77.4 78.8 79.8 77.3 77.7 78.6 76.5 81.0 81.1 80.6 81.6 82.4 79.9 81.8 80.7 61.8 65.4 53.6 52.8 54.3 57.1 62.4 64.0 64.0 71.4 70.1 70.4 70.2 70.4 72.9 72.4 68.9 71.1 68.9 72.4 70.3 70.5 71.7 70.8 74.5 72.8 72.2 74.6 71.2 77.1 74.6 76.8 76.2 78.3 77.4 76.9 78.2 77.2 78.9 78.4 77.5 79.1 80.0 77.1 78.8 77.4 74.6 75.5 73.9 72.9
82.9 83.0 81.8 84.9 83.6 80.3 80.1 80.6 77.2 76.6 74.8 73.8 73.0 74.8 75.9 75.6 77.1 75.5 76.8 78.5 79.2 79.8 79.5 79.2 80.4 78.1 79.0 81.4 82.0 80.8 80.9 82.0 79.7 82.5 60.7 63.3 53.8 51.8 54.4 60.7 61.7 64.3 63.9 71.8 69.7 68.4 70.0 72.1 71.6 70.7 69.3 70.3 70.5 71.7 71.0 71.7 73.6 71.7 75.2 71.7 73.8 73.8 72.2 75.6 75.4 76.4 76.0 76.3 77.5 77.2 77.7 75.1 80.7 77.9 77.1 79.2 72.1 80.6 78.7 76.9 76.2 75.7 74.6 71.8
80.3 84.8 84.5 84.2 84.6 80.5 82.0 75.9 75.1 76.4 74.8 74.5 76.2 75.1 74.7 76.6 77.4 76.2 77.5 79.0 76.7 81.2 85.5 81.1 80.0 80.9 80.3 81.4 79.9 83.2 82.9 81.3 81.8 76.9 64.2 66.1 52.4 55.2 54.8 59.6 59.9 63.4 66.7 69.9 69.1 64.5 71.1 72.3 69.2 69.6 69.2 70.1 70.4 71.1 70.6 72.3 70.5 72.9 76.8 70.6 71.4 74.3 72.6 74.9 74.3 75.4 77.3 78.1 77.4 77.7 78.5 78.2 81.5 77.5 76.0 78.2 79.3 79.5 79.0 78.0 77.9 75.3 73.7 74.5
83.0 86.1 77.8 82.7 83.5 81.3 81.0 76.0 72.7 75.1 75.0 75.3 76.3 77.2 71.7 75.9 78.5 78.4 78.3 77.1 82.8 79.4 78.2 80.6 79.6 79.8 80.7 80.3 80.3 82.2 81.7 81.6 80.6 72.0 66.4 64.6 54.9 58.0 58.3 59.9 61.3 61.5 67.8 68.5 69.3 66.6 70.7 69.7 67.9 69.5 70.7 72.2 70.7 69.9 70.4 69.7 70.3 74.0 72.6 71.6 74.6 74.8 76.7 74.4 73.2 73.8 75.2 77.0 78.5 78.7 78.0 78.3 78.2 77.8 80.3 79.0 79.6 80.0 78.3 77.0 75.9 75.1 74.4 76.2
82.7 86.5 87.6 81.6 85.1 81.6 80.2 76.8 75.8 76.5 77.4 75.7 76.8 77.1 75.6 77.5 78.3 78.9 78.0 81.7 78.6 79.3 78.9 81.0 76.0 79.0 80.7 81.5 80.6 80.8 80.8 82.5 80.8 69.3 66.3 63.8 62.0 59.6 59.7 63.0 71.2 63.3 62.2 64.7 68.6 67.5 69.0 70.2 69.9 69.9 71.1 71.5 70.9 72.5 69.6 70.6 70.3 72.1 74.5 71.5 73.0 75.1 72.3 75.2 73.8 74.8 76.5 77.0 76.7 78.8 77.8 77.9 80.0 77.0 78.3 80.2 80.1 77.9 77.6 77.3 76.4 76.6 74.9 75.9
83.3 83.4 80.0 82.1 81.1 81.5 79.4 77.5 77.3 77.3 77.0 75.8 76.0 78.6 78.0 78.5 81.9 79.3 80.9 80.9 79.9 82.9 81.9 78.3 80.9 81.5 82.4 82.2 82.6 81.0 82.7 82.8 82.4 66.0 62.0 62.0 64.7 60.7 59.6 65.8 67.6 63.0 60.8 63.1 67.6 67.0 70.2 68.5 71.0 70.1 71.5 72.8 71.4 69.5 71.1 72.0 71.2 71.8 74.3 71.1 71.3 76.1 74.2 73.5 77.4 75.2 75.4 78.2 76.8 80.3 80.3 77.9 76.6 75.8 77.6 80.0 78.8 79.5 77.5 77.3 76.8 77.7 74.7 75.6
82.4 84.1 84.6 83.6 82.1 81.0 79.5 77.2 74.4 77.6 78.0 75.9 77.1 77.9 76.5 79.3 78.3 79.7 80.8 81.7 79.5 80.8 81.5 80.2 79.0 81.3 79.8 82.5 81.8 81.8 80.2 81.9 84.0 65.4 65.4 63.6 68.3 62.8 59.8 67.7 67.9 64.0 61.7 61.0 63.1 60.6 68.3 68.3 70.1 70.8 70.9 72.6 72.4 71.5 71.0 70.7 73.0 72.4 72.4 69.3 72.5 75.5 73.1 72.1 73.2 76.1 76.3 78.3 77.4 82.5 76.9 77.8 76.7 76.0 77.1 80.2 76.0 78.5 76.1 77.8 77.4 77.5 72.6 74.3
82.7 82.9 83.2 84.1 82.5 79.6 77.0 76.3 79.0 75.9 78.9 76.4 77.5 79.8 78.7 80.2 78.7 80.4 81.7 81.6 80.8 81.3 82.2 82.0 82.1 81.7 80.3 82.4 83.9 82.1 81.8 82.0 80.8 63.0 65.0 64.0 72.1 67.1 67.2 69.7 71.0 65.9 59.7 60.4 60.0 63.0 63.7 69.1 68.2 68.9 69.8 72.0 75.2 71.8 71.9 72.5 73.2 73.4 73.0 68.7 75.1 75.2 74.1 74.8 73.6 76.1 75.6 78.5 73.7 80.8 78.1 78.7 77.6 77.3 77.4 78.6 77.3 77.1 77.7 79.2 76.8 74.7 75.1 75.7
84.2 82.1 83.5 82.3 82.3 78.5 76.6 77.8 80.9 79.3 78.6 77.7 82.7 81.2 79.0 79.8 80.7 80.0 80.6 81.6 81.7 81.7 82.8 83.1 80.6 81.9 83.4 82.4 83.3 82.9 81.4 83.4 78.7 62.1 68.2 65.2 75.9 68.6 72.3 73.7 73.1 67.9 64.6 60.9 56.3 61.2 63.7 64.9 66.2 68.7 69.5 70.6 70.1 69.2 74.0 71.3 72.6 74.3 71.9 70.4 72.9 73.8 73.8 73.9 75.3 74.6 80.2 76.1 76.0 80.7 78.3 77.5 77.6 76.1 76.5 77.7 75.8 76.0 75.9 80.2 77.8 75.2 68.5 74.9
84.4 81.9 81.7 80.7 80.1 77.9 79.1 77.5 78.5 80.5 79.0 80.0 79.0 81.7 81.2 78.9 79.3 78.9 81.7 80.3 81.7 81.6 81.4 85.8 83.9 82.0 81.4 83.2 81.8 82.9 79.2 83.4 79.9 62.7 69.3 66.1 74.4 70.7 74.3 74.7 75.6 70.6 65.8 61.2 58.9 58.9 61.6 64.2 65.1 68.5 69.2 68.8 70.5 68.4 71.7 70.6 79.0 73.3 71.1 70.8 72.5 74.5 73.1 74.4 73.7 73.1 76.3 76.3 77.2 81.2 78.6 76.6 78.4 76.4 76.6 77.7 75.0 78.0 77.6 75.5 79.3 76.1 71.1 72.8
82.1 82.8 82.1 79.3 77.8 77.7 77.5 80.5 79.1 79.9 81.4 79.8 80.1 81.9 82.4 79.1 80.7 80.5 79.4 79.9 82.4 81.5 81.9 83.3 83.5 81.9 82.8 82.8 82.6 82.3 82.2 83.0 78.0 63.7 69.8 70.4 75.1 72.5 73.2 77.9 79.0 71.9 69.1 61.6 58.0 59.8 61.4 64.1 66.1 67.4 69.1 64.3 69.1 68.8 68.6 70.0 71.8 72.9 76.6 71.7 72.1 75.3 73.4 74.7 74.9 73.1 74.9 76.5 77.5 80.4 77.5 78.9 79.8 77.3 76.9 78.0 74.9 77.1 78.0 76.2 75.9 75.4 72.9 71.7
85.2 82.5 84.2 78.1 78.3 78.0 77.4 82.2 82.8 80.9 81.3 81.5 80.0 82.9 78.5 81.4 80.4 80.8 80.4 80.1 79.3 83.4 82.2 82.5 83.9 85.5 80.0 82.9 84.0 79.5 81.0 80.9 70.8 65.8 69.7 71.8 77.4 74.3 74.3 77.2 76.7 74.1 68.6 64.2 61.3 58.9 61.7 63.2 66.4 68.2 66.0 67.5 72.7 69.1 70.0 69.4 70.1 72.7 75.5 73.1 72.7 75.0 71.5 76.5 72.7 75.3 76.4 77.8 76.1 79.6 78.7 78.2 81.1 76.7 75.9 78.4 79.7 74.8 75.4 76.9 77.0 75.0 73.7 71.0
88.0 81.6 82.4 78.8 80.7 77.5 80.4 81.9 82.2 81.9 80.2 82.3 81.7 82.7 82.2 79.9 81.8 80.3 82.8 80.8 81.7 83.5 81.4 82.6 82.7 87.6 80.8 83.0 82.9 81.7 80.7 80.8 70.7 66.2 70.7 71.4 80.3 73.5 72.8 76.7 78.8 77.8 72.7 70.6 61.4 59.9 64.4 63.2 68.5 68.0 69.0 68.5 71.1 68.6 70.6 68.0 69.7 70.1 74.1 73.4 71.9 75.2 75.5 76.1 77.3 74.6 74.1 77.2 78.7 78.7 81.9 78.7 79.8 76.9 79.5 77.1 75.8 75.7 77.0 76.1 74.9 74.3 71.0 74.0
82.4 82.7 80.0 79.7 80.1 77.1 81.1 80.1 81.1 81.1 83.3 82.8 83.0 82.1 82.1 80.4 81.3 80.5 77.2 82.2 83.4 81.8 85.8 82.5 83.0 85.0 82.9 81.3 81.5 80.4 83.6 81.8 69.8 67.5 69.1 72.8 79.0 76.3 72.3 76.6 78.3 77.7 77.5 73.8 63.4 62.2 62.4 65.1 67.3 68.3 68.1 71.5 70.4 68.9 68.5 68.2 66.3 69.6 71.6 72.2 72.0 74.6 73.7 75.0 74.9 74.0 73.1 76.2 77.3 77.3 78.7 80.0 80.0 77.8 77.5 79.3 77.2 75.4 77.4 74.9 72.7 73.1 74.9 75.6
82.9 82.7 82.8 79.9 80.7 82.4 82.2 81.1 82.0 82.1 82.6 83.1 81.1 81.1 82.4 79.6 78.6 80.5 79.6 83.1 82.0 81.6 82.0 82.5 83.5 84.1 79.9 80.1 84.3 78.2 80.6 77.8 70.1 69.2 70.3 72.7 81.3 77.3 76.0 76.9 80.2 77.6 74.8 76.3 62.7 63.5 65.8 66.2 65.6 66.8 66.8 70.0 70.2 68.2 68.9 68.0 68.0 69.0 70.0 71.6 76.6 73.0 73.0 74.6 77.2 73.3 72.5 76.5 76.3 75.7 78.6 79.0 79.7 76.8 75.3 76.7 77.4 74.5 72.3 76.3 71.2 73.7 77.6 78.4
83.7 82.6 81.8 79.2 81.0 78.2 80.4 81.8 82.2 82.8 82.2 82.2 81.2 82.0 79.2 78.2 80.5 80.3 79.3 81.4 81.5 82.2 83.4 83.5 84.1 82.6 81.2 82.0 83.5 80.1 79.0 73.9 70.6 69.7 68.5 72.3 78.4 77.6 78.4 77.3 76.3 76.5 77.9 77.9 67.9 66.4 68.0 67.1 65.7 68.5 69.9 69.4 69.5 68.1 67.1 68.0 67.8 68.2 70.2 70.7 71.3 71.7 71.0 73.5 74.6 75.8 76.3 76.9 76.9 79.8 79.6 78.4 81.7 77.6 70.1 75.9 75.1 74.8 74.6 73.2 72.7 73.1 77.7 79.1
81.5 81.8 81.3 80.6 81.3 80.4 75.7 82.2 80.9 82.9 82.9 81.3 80.4 82.4 78.3 79.6 79.8 78.5 79.5 81.5 81.4 82.2 78.0 82.0 80.8 80.2 80.5 78.5 82.4 80.8 78.2 73.4 68.3 70.2 66.8 72.2 77.8 75.8 78.4 77.1 79.1 78.1 76.5 80.3 72.3 69.1 70.0 68.2 68.3 70.3 68.0 68.3 67.7 67.9 65.3 68.7 66.1 66.9 70.3 68.4 66.0 72.1 69.9 72.9 73.1 75.2 71.4 76.7 74.8 76.0 79.0 77.5 82.2 79.1 74.8 75.0 73.1 74.3 74.6 72.6 72.6 78.0 76.1 79.3
