morphological_analysis/input_data/surveys/q10_2/matrix_q10_2s8.txt
north:            -537.50
south:           -1247.50
east:             2697.00
west:              -93.00
rows:                 144
cols:                 279
null:              -999.0
[rows 0 to 37 of 144, columns 0 to 83 of 279]
-999.0 -999.0 -999.0 -999.0 -999.0 -999.0 -999.0 -999.0 -999.0 -999.0 -999.0 -999.0 -999.0 -999.0 -999.0 -999.0 -999.0 -999.0 -999.0 -999.0 -999.0 -999.0 -999.0 -999.0 -999.0 -999.0 -999.0 -999.0 -999.0 -999.0 110.2 105.1 109.8 -999.0 110.0 111.4 -999.0 -999.0 -999.0 -999.0 -999.0 110.1 114.8 113.7 114.4 107.5 108.3 104.8 106.1 109.1 108.2 110.9 111.2 114.0 107.9 107.9 106.2 105.6 107.8 107.6 105.3 108.4 106.5 108.6 111.1 108.3 107.9 105.7 109.6 109.2 105.0 109.3 110.1 106.0 106.6 106.1 100.7 95.3 95.9 98.9 99.3 95.6 99.5 102.8
-999.0 -999.0 -999.0 -999.0 -999.0 -999.0 -999.0 -999.0 -999.0 -999.0 -999.0 -999.0 -999.0 -999.0 -999.0 -999.0 -999.0 -999.0 -999.0 -999.0 -999.0 -999.0 -999.0 -999.0 -999.0 -999.0 -999.0 -999.0 -999.0 -999.0 109.9 105.1 110.1 -999.0 110.6 111.4 -999.0 -999.0 -999.0 -999.0 -999.0 110.1 114.5 113.6 114.2 107.4 108.0 104.8 107.3 109.2 108.1 110.9 110.4 113.7 109.7 107.9 106.5 105.6 107.3 107.9 104.7 108.3 107.6 108.4 110.7 109.1 107.4 105.7 109.3 108.9 104.7 109.3 110.4 106.0 106.1 106.9 100.0 95.5 96.3 98.6 98.7 96.4 99.3 102.7
-999.0 -999.0 -999.0 -999.0 -999.0 -999.0 -999.0 -999.0 -999.0 -999.0 -999.0 -999.0 -999.0 -999.0 -999.0 -999.0 -999.0 -999.0 -999.0 -999.0 -999.0 -999.0 -999.0 -999.0 -999.0 -999.0 -999.0 -999.0 -999.0 -999.0 110.1 105.1 111.0 -999.0 110.9 111.4 -999.0 -999.0 -999.0 -999.0 -999.0 111.5 115.1 114.5 115.4 110.3 107.6 107.1 107.9 110.3 109.7 113.3 113.6 116.7 109.1 109.2 107.8 108.0 108.7 109.8 109.2 111.2 108.4 111.6 112.6 111.6 109.7 106.9 111.8 111.3 106.6 109.3 112.1 108.8 108.4 106.6 103.0 97.6 98.3 103.2 101.5 99.7 100.3 102.7
-999.0 -999.0 -999.0 -999.0 -999.0 -999.0 -999.0 -999.0 -999.0 -999.0 -999.0 -999.0 -999.0 -999.0 -999.0 -999.0 -999.0 -999.0 -999.0 -999.0 -999.0 -999.0 -999.0 -999.0 -999.0 -999.0 -999.0 -999.0 -999.0 -999.0 110.1 -999.0 110.6 -999.0 110.7 -999.0 -999.0 -999.0 -999.0 -999.0 -999.0 111.6 113.9 114.1 115.9 111.5 110.7 107.6 112.0 112.8 110.9 113.8 112.6 114.8 112.9 112.6 110.5 110.4 110.1 112.8 109.9 112.0 111.4 113.6 115.2 112.2 110.5 109.3 110.5 110.3 105.4 111.3 112.0 110.1 109.7 105.6 104.4 98.8 100.2 104.5 103.5 101.3 101.9 103.1
-999.0 -999.0 -999.0 -999.0 -999.0 -999.0 -999.0 -999.0 -999.0 -999.0 -999.0 -999.0 -999.0 -999.0 -999.0 -999.0 -999.0 -999.0 -999.0 -999.0 -999.0 -999.0 -999.0 -999.0 -999.0 -999.0 -999.0 -999.0 -999.0 -999.0 -999.0 -999.0 111.0 -999.0 110.9 -999.0 -999.0 -999.0 -999.0 -999.0 -999.0 -999.0 114.0 116.7 115.8 112.9 116.3 110.8 114.3 116.3 115.5 114.5 113.7 116.0 114.0 117.2 113.1 111.9 114.2 115.8 114.2 115.3 111.0 114.8 115.3 111.0 113.1 106.0 112.4 111.3 108.2 111.9 111.6 111.7 111.7 110.0 106.7 100.6 100.9 107.1 105.1 104.2 102.1 114.7
-999.0 -999.0 -999.0 -999.0 -999.0 -999.0 -999.0 -999.0 -999.0 -999.0 -999.0 -999.0 -999.0 -999.0 -999.0 -999.0 -999.0 -999.0 -999.0 -999.0 -999.0 -999.0 -999.0 -999.0 -999.0 -999.0 -999.0 -999.0 -999.0 -999.0 -999.0 -999.0 -999.0 -999.0 -999.0 -999.0 -999.0 -999.0 -999.0 -999.0 -999.0 -999.0 113.8 116.8 115.9 113.0 115.2 110.9 113.8 116.4 114.6 119.5 119.5 121.1 121.4 120.3 120.0 119.0 117.3 118.2 116.2 117.6 116.4 115.1 117.2 114.2 115.9 112.0 114.0 114.0 113.4 114.5 115.0 114.1 113.1 116.2 109.5 107.2 107.1 110.7 104.2 112.7 106.3 120.6
81.1 85.5 81.1 89.5 81.2 97.8 91.1 -999.0 88.6 -999.0 -999.0 -999.0 -999.0 -999.0 -999.0 -999.0 -999.0 -999.0 -999.0 -999.0 -999.0 -999.0 -999.0 -999.0 -999.0 -999.0 -999.0 -999.0 -999.0 -999.0 -999.0 -999.0 -999.0 -999.0 -999.0 -999.0 -999.0 -999.0 -999.0 -999.0 -999.0 -999.0 -999.0 -999.0 -999.0 -999.0 116.3 -999.0 114.3 -999.0 115.5 121.0 119.5 119.8 121.8 121.6 122.0 121.3 119.5 124.2 120.2 121.8 119.7 120.7 121.1 121.4 120.2 122.1 121.8 120.7 121.1 117.4 121.4 122.0 120.3 121.5 119.7 121.6 121.6 119.6 120.0 121.4 123.3 125.0
81.3 84.8 81.4 88.4 81.7 95.3 88.6 81.2 87.0 79.9 78.1 80.3 79.1 74.3 70.4 70.5 64.3 74.1 73.8 73.1 73.1 72.4 65.5 65.9 47.3 83.0 55.4 85.1 59.3 107.4 104.2 -999.0 -999.0 -999.0 -999.0 -999.0 -999.0 -999.0 -999.0 -999.0 -999.0 -999.0 -999.0 -999.0 -999.0 -999.0 -999.0 -999.0 -999.0 -999.0 -999.0 120.7 121.4 119.3 121.2 121.0 118.5 122.6 122.0 121.7 121.2 122.8 121.8 122.5 123.0 122.7 122.0 121.9 121.2 121.2 123.0 122.2 122.4 122.9 122.3 123.2 122.6 122.5 122.0 122.8 123.2 125.0 125.6 125.8
81.1 84.8 81.1 88.2 81.2 95.3 91.1 81.3 88.6 80.1 78.6 80.1 79.1 74.5 70.7 71.0 64.4 73.8 73.9 73.3 73.2 72.1 66.2 65.4 48.2 78.4 56.2 83.3 58.6 98.8 93.2 54.7 52.5 54.6 56.8 57.4 58.7 60.1 57.3 59.3 62.9 65.0 65.3 104.1 64.5 76.0 69.3 104.2 87.8 -999.0 103.9 120.6 120.7 119.7 122.0 121.2 122.7 122.4 122.3 121.5 120.0 121.4 122.4 122.0 122.8 122.1 121.8 121.7 122.8 123.9 126.9 123.0 123.9 121.2 121.4 121.6 121.0 122.7 121.9 123.0 123.2 125.7 126.4 124.2
82.0 81.6 82.5 82.1 83.7 81.9 79.2 81.3 80.7 80.1 78.1 80.1 79.1 74.5 70.4 71.2 64.3 74.0 73.8 73.3 73.1 72.2 65.5 65.3 47.3 77.9 55.4 74.0 59.3 99.9 103.6 54.6 52.8 54.5 56.7 56.6 58.3 60.0 58.1 59.6 62.2 64.4 64.9 97.2 65.1 74.0 68.8 98.5 83.8 69.7 96.9 118.3 120.3 117.8 119.8 118.5 120.8 121.1 121.4 121.7 121.5 121.5 121.5 120.9 121.2 120.8 122.5 121.8 121.5 121.4 122.7 122.1 122.7 123.4 124.7 121.5 122.6 122.8 123.3 123.3 123.6 126.5 124.9 126.2
85.2 85.5 80.4 82.1 81.4 82.0 83.2 81.9 82.8 81.2 80.5 79.2 79.2 75.7 71.7 73.6 64.7 73.2 74.2 74.4 73.4 71.0 68.9 62.5 51.3 51.1 59.1 58.2 56.1 56.3 55.6 54.6 52.5 54.4 56.8 56.9 58.7 60.0 57.3 59.5 62.9 64.3 65.3 98.1 64.5 74.6 69.3 99.3 87.8 69.7 103.8 98.2 115.8 102.0 120.1 116.0 119.4 105.9 120.1 103.2 120.8 115.6 119.6 115.5 120.8 116.3 121.8 115.8 121.9 115.6 121.5 120.7 120.5 121.2 122.5 119.3 120.7 121.1 120.7 118.8 122.4 121.1 123.1 122.3
83.4 81.7 83.4 82.7 84.3 83.3 83.0 82.6 82.9 81.7 86.1 80.8 80.8 76.5 73.8 74.4 62.5 76.2 75.3 74.4 72.9 72.2 66.7 63.0 53.2 55.4 60.7 57.9 55.0 56.3 53.3 53.8 53.9 53.8 56.5 53.6 56.6 59.2 61.3 60.9 59.7 60.7 63.4 63.0 67.4 63.7 67.1 69.0 67.7 70.1 70.7 73.8 72.6 75.2 73.2 73.7 74.7 79.1 73.9 79.2 74.4 78.6 73.9 86.4 76.1 81.9 75.2 86.0 77.3 89.9 86.7 108.9 87.7 109.4 116.8 112.5 114.1 111.8 117.4 111.0 120.9 113.6 119.7 102.2
81.1 80.7 81.5 83.9 80.6 83.6 84.3 83.8 82.2 82.6 81.0 80.2 77.3 76.1 76.3 74.9 66.7 76.9 74.9 75.7 75.6 72.8 64.8 60.5 58.1 59.0 57.8 58.7 55.9 58.0 56.3 54.2 52.6 52.9 56.9 57.4 58.1 59.3 61.3 60.1 61.4 59.6 61.1 63.1 64.3 63.1 66.8 67.5 68.0 70.1 71.8 72.9 74.1 72.5 72.8 72.1 73.9 76.1 74.6 73.4 74.9 74.5 75.2 76.1 76.5 74.2 77.7 72.2 76.8 77.5 77.1 81.7 79.8 78.5 115.2 78.5 75.6 79.2 75.5 77.7 72.7 78.1 74.7 75.1
80.9 81.3 82.7 84.0 83.9 84.3 85.7 84.0 85.4 81.7 83.7 82.1 81.5 80.1 74.7 75.8 69.8 77.6 76.7 75.9 73.2 72.0 63.4 62.8 61.1 61.2 58.0 59.7 57.4 54.3 58.3 55.0 53.1 54.1 56.2 56.9 58.9 59.9 62.4 60.1 60.8 61.5 61.7 62.8 65.0 63.6 66.7 64.9 69.2 70.0 71.2 71.7 68.7 70.6 71.9 71.7 72.6 74.1 75.0 72.9 73.0 74.2 73.1 74.5 73.3 74.3 77.8 75.0 76.6 76.9 77.6 78.3 78.0 77.3 76.8 76.4 73.3 76.0 75.1 75.2 74.2 76.5 75.4 74.2
80.8 82.0 83.3 83.7 84.9 84.5 83.8 83.9 84.6 82.5 84.3 82.5 80.7 81.0 80.8 78.4 72.2 77.7 74.5 75.4 73.7 71.9 62.4 60.0 64.1 59.7 57.7 58.6 55.6 58.6 59.1 55.8 54.5 54.2 57.5 59.0 63.4 60.3 59.6 60.2 64.1 63.9 62.8 61.9 64.1 64.9 67.0 67.1 68.9 69.3 70.0 69.7 71.7 70.8 71.9 72.2 72.6 73.1 69.4 71.8 74.4 71.8 72.4 74.8 73.1 72.9 78.6 74.7 77.5 78.4 77.5 76.9 77.8 77.4 78.3 75.8 76.9 75.0 72.0 75.5 73.9 76.2 75.9 73.7
81.6 81.9 82.7 86.6 81.8 87.1 84.3 84.3 86.1 84.4 83.4 81.5 82.5 79.7 81.1 77.7 78.6 79.2 75.7 77.1 75.2 68.2 64.4 61.2 64.3 60.6 61.2 61.1 58.5 57.6 57.9 55.7 55.6 54.5 58.7 60.5 63.0 62.0 65.2 61.9 63.2 62.4 64.0 63.2 65.0 65.1 66.2 68.6 69.9 70.0 68.0 64.7 73.1 70.8 71.3 72.4 71.4 74.0 74.5 72.8 73.8 72.4 72.1 74.0 75.5 73.6 75.4 75.8 77.2 80.1 76.3 77.6 75.6 77.9 77.2 76.1 76.4 75.0 75.1 74.8 76.3 73.2 73.7 73.5
81.8 84.3 83.6 85.1 86.3 86.5 85.6 83.1 85.4 83.5 84.6 82.2 84.1 80.7 81.1 78.6 79.9 81.0 77.9 78.9 75.3 67.4 64.4 64.0 65.4 59.6 60.3 58.6 60.4 57.9 56.7 56.6 55.1 55.6 58.2 59.8 62.5 62.9 63.9 62.6 65.1 63.3 63.9 62.5 65.1 66.5 66.6 67.8 67.3 71.4 68.9 70.1 69.0 69.8 71.6 72.0 71.9 74.2 72.5 72.1 74.0 72.3 73.0 73.3 73.0 74.9 74.5 76.1 79.6 80.3 73.8 78.0 77.2 76.0 76.9 76.2 75.3 76.0 74.0 75.5 73.4 73.7 73.9 74.8
81.1 84.9 86.2 84.8 83.5 86.1 85.8 86.3 82.4 84.5 84.3 84.2 82.0 81.2 83.0 78.6 78.4 80.8 79.9 79.2 78.5 64.2 62.2 64.5 65.2 61.3 58.9 60.9 60.9 59.5 55.7 56.7 53.7 56.2 61.2 61.1 59.7 66.3 63.3 65.2 62.3 64.0 64.3 64.6 67.4 67.5 66.2 68.4 67.1 71.3 69.4 70.3 72.1 70.2 71.1 73.2 70.6 75.7 70.7 75.8 73.4 74.0 73.2 73.7 74.0 74.4 75.1 76.2 79.0 78.0 77.1 77.4 77.9 77.8 75.3 75.5 77.8 76.6 76.5 75.6 73.4 73.8 74.7 76.2
79.6 86.0 84.3 85.7 85.6 84.8 87.0 85.4 83.6 84.6 83.9 83.7 81.9 82.1 80.3 78.9 81.6 80.3 83.5 79.2 77.1 62.8 62.5 66.2 67.1 59.3 62.5 62.0 60.5 58.4 59.6 56.9 58.0 57.2 61.3 61.8 64.0 63.9 63.4 64.9 66.1 64.3 64.6 65.5 65.4 66.3 72.3 67.8 67.1 70.6 70.6 69.6 71.9 73.2 73.6 72.3 71.8 75.0 72.4 71.7 74.3 75.0 73.6 73.8 74.1 74.0 75.8 76.8 74.4 78.7 78.0 78.2 76.6 77.2 77.2 76.6 76.4 76.2 77.1 78.7 75.5 74.2 74.4 75.9
82.4 84.0 86.3 86.4 85.1 84.5 86.9 83.0 83.2 84.0 84.0 83.6 84.1 79.4 79.8 78.2 81.6 80.8 79.7 80.2 67.0 65.2 63.3 66.4 65.8 67.2 62.5 62.4 60.7 59.7 58.5 55.9 56.4 58.6 61.0 62.8 62.3 63.6 63.7 64.2 62.1 65.3 64.9 65.3 64.5 66.5 69.3 66.6 70.1 68.2 69.2 69.6 70.6 70.6 71.3 71.4 72.2 73.3 72.1 70.9 73.9 73.7 73.6 72.8 73.3 73.3 75.4 76.7 81.4 77.8 77.6 77.8 78.2 77.5 80.9 76.3 78.4 75.3 74.8 74.6 75.9 76.4 74.8 75.6
81.3 84.4 85.3 86.9 85.8 82.8 84.2 83.7 83.3 84.9 84.8 82.7 80.4 83.1 80.5 79.7 80.9 81.2 78.3 79.4 64.6 66.1 61.3 66.6 68.9 67.4 67.7 63.3 63.6 60.6 58.4 55.9 57.0 59.2 62.1 62.9 64.3 65.6 64.0 65.3 62.2 64.7 63.9 65.5 67.8 64.3 67.2 68.0 68.3 70.0 69.7 69.9 69.5 70.2 70.5 72.6 72.2 72.5 72.6 73.5 72.0 73.0 73.6 72.7 75.0 74.6 76.1 75.0 77.6 76.7 77.4 79.0 79.0 77.1 75.0 79.1 77.1 77.2 78.2 74.5 75.6 75.6 73.2 74.4
83.8 84.1 82.3 84.6 87.8 85.5 85.0 84.0 82.7 84.7 83.9 83.2 83.5 82.8 80.0 80.5 81.3 80.2 80.4 76.6 58.5 65.7 63.4 65.8 70.7 73.0 69.7 66.9 63.8 63.9 60.0 60.1 58.3 59.6 60.3 65.3 63.9 65.3 68.3 64.0 64.5 64.7 64.8 65.1 65.3 67.5 69.7 68.2 70.4 70.4 68.3 69.9 69.9 72.1 73.3 71.6 71.6 70.8 70.9 73.3 72.8 74.4 72.6 75.7 74.8 75.6 79.6 77.1 77.6 77.8 78.3 80.2 77.2 76.9 78.1 78.6 79.7 78.2 74.7 75.4 75.6 76.9 74.8 75.6
83.2 84.2 84.9 83.7 86.7 86.5 83.5 82.8 85.6 86.7 84.1 82.8 82.4 80.9 79.7 81.0 81.6 81.2 80.4 75.9 60.0 63.9 64.7 65.8 71.7 76.0 71.9 70.6 67.9 64.1 64.4 64.2 61.1 59.9 61.4 64.0 63.8 64.7 65.5 64.1 63.6 63.7 64.0 65.0 59.7 64.2 69.5 65.8 67.2 68.1 67.2 69.9 70.2 71.9 73.9 72.4 71.3 71.4 70.8 73.4 72.2 74.4 75.7 73.1 75.4 77.3 76.6 75.0 77.5 77.3 78.8 78.9 79.0 78.1 79.1 78.8 78.2 79.9 76.5 75.8 75.8 77.1 75.7 75.9
82.5 84.6 88.5 84.2 84.8 84.2 85.0 83.9 82.1 83.2 82.8 84.1 81.9 81.0 79.9 80.0 87.2 81.1 79.4 70.5 64.4 63.7 66.0 65.8 76.9 78.7 73.4 73.1 71.3 69.9 66.3 66.7 65.0 62.1 62.0 63.8 63.9 65.4 65.1 64.4 61.7 63.2 65.0 65.8 65.4 66.1 66.9 66.5 72.3 70.4 69.4 68.2 70.5 70.8 72.7 73.6 72.5 73.4 72.3 69.1 70.8 73.9 73.8 73.2 75.5 76.3 74.9 76.3 75.5 79.0 79.6 78.5 77.3 79.0 76.6 78.5 77.6 77.8 77.5 76.4 76.4 77.1 73.9 74.9
82.7 84.2 86.0 83.7 86.5 82.9 85.8 84.5 82.3 83.9 83.5 83.7 81.1 82.1 79.2 81.6 81.6 80.1 79.2 65.1 66.6 63.3 69.6 64.8 75.4 79.0 71.7 72.8 73.0 72.9 71.1 68.8 66.5 64.0 64.1 65.6 67.1 66.7 66.7 64.7 63.6 62.6 67.8 65.5 65.2 68.3 69.0 66.8 69.6 67.9 69.7 68.2 70.4 70.7 70.9 71.2 72.0 71.2 73.2 72.2 75.5 72.5 72.4 73.3 74.0 75.7 74.4 75.5 76.6 78.8 77.6 77.3 80.0 75.9 76.6 79.4 75.5 77.6 77.8 77.3 76.6 77.6 73.5 76.1
81.9 81.8 85.6 84.3 86.6 81.6 83.5 85.1 83.7 83.5 83.2 83.4 81.0 80.4 81.2 84.7 80.1 78.1 76.0 64.7 65.7 63.0 68.1 65.1 77.1 79.6 75.9 73.9 74.1 71.5 69.5 67.4 71.2 65.9 66.2 66.3 66.0 67.6 65.8 66.4 68.2 64.2 66.5 65.0 67.1 67.4 69.4 68.6 69.1 67.9 73.1 70.8 67.0 70.2 70.9 71.2 69.1 72.7 73.2 72.9 72.9 73.1 71.6 73.1 72.9 75.3 77.0 76.2 76.5 78.1 76.9 77.9 78.1 77.5 78.7 79.4 77.7 77.7 75.9 77.4 74.9 75.8 75.4 76.0
79.6 81.7 82.2 82.5 83.9 83.6 83.2 83.3 82.9 84.2 82.6 83.7 81.7 78.7 80.8 80.5 80.7 75.7 74.7 64.1 66.3 65.8 70.4 64.6 77.1 78.6 74.9 74.9 77.9 71.0 69.9 74.0 75.4 75.4 68.8 68.6 68.9 68.1 66.6 67.3 64.3 65.2 65.3 67.2 66.6 67.3 66.5 66.9 69.7 68.1 67.6 70.9 68.8 69.9 70.9 71.5 71.2 73.3 72.6 74.5 73.1 72.7 72.5 74.5 75.1 74.9 76.4 75.3 76.4 76.8 76.9 79.2 78.0 76.8 78.8 80.2 77.7 77.8 77.3 76.3 75.9 75.8 77.0 75.1
77.4 76.1 78.9 78.1 81.4 82.8 83.6 84.1 83.2 84.2 83.5 83.6 83.3 78.1 80.1 81.1 79.6 73.2 72.1 64.8 65.3 66.9 70.2 66.1 79.5 77.4 74.2 75.6 76.1 70.7 75.9 76.7 79.5 78.0 72.7 68.8 71.7 69.2 69.3 68.0 67.1 66.7 67.3 67.0 69.1 69.1 67.4 67.7 69.2 70.4 66.9 71.1 71.3 69.2 72.4 70.9 70.7 71.4 71.4 73.6 73.3 72.9 72.7 73.9 72.5 74.7 75.8 74.5 77.6 78.4 77.4 79.1 78.7 79.3 79.4 78.7 80.3 78.5 76.8 76.3 76.1 75.8 76.7 76.0
74.3 75.0 75.8 77.2 79.6 83.4 82.8 84.5 82.7 83.1 84.4 85.8 82.4 77.9 79.9 80.1 80.7 73.1 73.0 66.9 66.5 68.0 69.1 67.5 78.6 75.5 75.9 76.5 75.7 71.5 75.4 79.2 79.1 79.0 74.4 77.3 69.8 72.6 70.2 72.2 69.7 68.9 64.8 70.4 68.6 70.6 70.4 66.5 68.4 68.4 65.8 70.1 70.1 70.5 69.3 71.6 70.9 73.0 72.7 73.0 73.1 72.9 72.5 73.9 72.9 74.4 73.9 74.5 72.4 77.2 76.4 79.3 81.2 80.5 79.4 78.8 79.5 78.9 78.7 77.0 73.9 77.6 75.0 75.3
74.3 75.0 72.8 75.5 78.0 82.8 81.9 83.3 83.9 85.3 85.0 83.1 80.6 77.0 81.5 79.8 76.3 74.4 70.0 70.5 65.5 70.6 69.2 70.4 81.1 75.9 77.0 76.6 77.2 71.8 75.7 80.0 80.4 80.1 77.6 79.1 74.1 73.8 78.2 77.0 71.0 72.2 68.6 70.6 68.6 70.5 69.8 69.0 67.5 67.3 67.2 69.8 70.6 69.1 69.5 69.4 69.9 72.1 73.1 72.6 74.4 72.9 73.3 76.3 75.3 74.9 74.8 73.9 75.7 76.8 77.0 79.2 78.6 80.1 79.4 78.2 75.7 79.0 78.7 77.4 76.6 77.0 75.6 75.1
75.4 75.6 74.2 69.3 70.9 80.0 77.1 82.0 83.8 82.0 83.3 83.0 80.9 77.4 77.0 79.2 76.5 74.0 69.4 70.5 67.4 71.8 67.8 73.9 80.3 76.4 76.8 77.6 76.7 71.4 78.5 79.6 81.0 85.6 78.5 76.8 77.1 75.0 75.6 79.5 75.5 73.6 73.5 70.6 70.7 70.0 70.0 69.1 69.1 69.5 65.3 69.0 68.8 68.5 73.8 71.3 72.5 71.9 72.8 71.8 74.1 72.7 72.5 73.8 73.4 72.4 74.6 73.5 75.8 77.3 77.5 79.0 79.8 79.2 80.3 79.3 78.9 81.0 76.6 78.3 77.0 75.3 75.4 74.2
74.8 74.0 74.9 72.6 74.3 75.8 75.1 79.9 80.9 83.1 82.4 84.4 82.2 79.4 77.5 78.9 80.1 72.2 70.1 68.4 66.6 72.3 67.8 75.1 80.9 75.7 77.2 77.8 76.5 73.2 77.8 79.7 78.3 80.3 81.0 77.4 77.6 76.6 76.2 77.6 76.7 78.8 74.0 72.4 70.8 70.9 70.1 69.8 70.4 68.7 66.9 69.0 71.8 70.4 70.0 71.3 70.2 71.6 73.7 71.1 73.5 72.7 71.4 73.1 74.2 73.8 76.9 72.5 75.2 76.6 76.6 78.9 78.4 78.9 81.5 78.2 77.7 78.0 77.7 78.5 74.9 76.5 76.2 75.8
75.8 73.5 74.6 69.8 73.1 72.9 74.3 77.3 81.4 83.4 81.5 84.1 81.2 79.7 77.9 79.7 76.3 72.6 70.9 69.8 67.0 73.2 69.7 76.0 83.5 77.2 77.8 78.0 72.5 74.6 79.8 80.0 82.5 80.3 80.5 78.3 77.4 77.1 76.8 78.6 78.4 80.5 74.4 75.1 74.4 73.0 73.3 70.2 67.5 69.8 68.0 69.9 71.0 70.4 71.6 71.5 71.1 73.6 73.7 75.5 76.3 75.3 74.6 74.7 71.7 72.3 72.1 74.0 76.7 75.8 77.4 78.6 79.4 78.7 80.5 79.1 77.8 79.5 77.5 78.4 76.1 79.0 76.6 75.2
74.7 73.2 71.7 69.4 69.3 71.0 72.3 74.8 78.4 82.0 82.3 84.5 79.2 79.7 77.2 78.8 74.3 72.6 69.0 70.4 69.6 73.3 67.0 76.4 79.6 77.1 77.8 79.7 67.9 74.3 76.9 80.1 81.2 82.3 81.5 77.2 76.1 79.6 78.6 79.3 81.8 80.7 76.2 72.5 75.7 74.7 74.5 70.2 70.8 72.2 70.4 69.5 71.4 70.4 71.5 73.4 72.7 72.6 73.4 73.9 71.8 74.5 72.9 74.9 73.9 73.1 72.0 74.3 74.6 77.6 77.3 77.5 79.1 80.5 83.8 79.9 79.0 80.5 77.9 77.1 78.3 78.0 76.9 74.8
75.0 69.1 71.0 68.3 68.7 69.5 72.8 75.4 76.2 79.8 80.8 84.8 79.4 79.7 77.2 76.9 75.8 72.8 70.2 68.9 72.5 72.8 64.1 77.0 80.5 79.8 80.0 79.3 70.4 76.9 75.1 80.6 80.4 81.8 82.7 78.3 75.5 77.7 79.0 79.1 77.6 81.5 76.7 77.9 77.3 76.4 76.8 75.7 74.2 74.9 71.4 70.1 72.6 70.0 72.1 72.6 72.4 73.5 73.5 73.6 73.9 75.1 72.1 74.4 73.1 73.0 74.5 74.5 74.4 78.8 76.7 77.4 78.6 79.6 79.9 80.4 80.7 80.7 77.6 77.4 77.4 77.6 72.6 76.9
70.4 68.1 69.8 69.9 70.3 68.8 72.0 73.5 74.1 77.4 78.6 84.1 82.4 80.8 78.7 75.9 74.6 72.5 72.7 72.5 73.9 71.9 65.6 78.2 77.8 79.2 79.2 77.5 73.5 79.3 79.2 80.4 79.8 82.2 80.4 80.5 79.1 77.5 77.6 79.3 80.6 82.2 77.5 77.2 76.5 77.4 76.7 76.6 78.9 75.5 72.3 73.1 73.4 72.7 71.5 72.7 72.4 75.7 73.2 73.4 73.7 74.4 74.7 74.7 74.5 72.9 72.9 75.5 73.2 77.7 75.9 77.0 80.1 79.4 79.9 79.9 79.4 79.3 76.5 78.3 76.5 77.9 77.2 78.5
66.8 68.1 69.6 69.2 69.1 69.3 70.3 73.3 71.3 76.1 77.9 84.7 77.4 77.7 78.7 75.8 75.4 71.9 72.6 71.1 72.9 72.8 64.2 78.4 79.5 78.8 78.8 74.6 72.6 80.5 80.4 80.3 80.8 82.9 81.1 82.9 78.3 78.9 80.6 80.4 80.5 83.5 83.1 78.6 76.4 77.9 77.4 78.9 79.7 79.4 75.3 74.5 74.2 74.4 71.5 73.7 74.2 75.0 74.4 74.2 74.2 74.5 73.4 75.1 75.4 73.0 73.4 76.3 71.8 76.5 78.4 77.1 80.1 78.7 79.6 80.5 79.2 81.0 79.9 79.5 77.6 77.4 76.8 78.5
69.1 67.6 68.9 67.5 71.3 69.7 70.0 72.9 71.4 74.4 76.8 78.5 79.5 75.9 76.1 74.7 74.2 70.4 72.6 71.0 76.2 72.6 64.1 78.7 74.6 77.8 79.1 74.8 70.9 81.4 77.0 79.3 79.5 83.3 83.3 82.0 79.7 80.1 80.4 81.8 81.6 82.7 83.1 79.0 78.2 78.8 77.3 80.6 81.8 83.7 80.0 78.7 75.3 76.9 72.7 74.5 71.8 75.1 77.1 73.8 73.4 74.5 74.3 75.3 72.0 74.5 71.7 75.3 74.7 77.4 80.9 77.2 77.8 80.5 80.1 81.3 80.5 81.1 80.8 78.9 77.2 78.8 77.0 80.6
