morphological_analysis/input_data/surveys/q10_2/matrix_q10_2s9.txt
north:            -537.50
south:           -1247.50
east:             2697.00
west:              -93.00
rows:                 144
cols:                 279
null:              -999.0
[rows 0 to 37 of 144, columns 0 to 83 of 279]
-999.0 -999.0 -999.0 -999.0 -999.0 -999.0 -999.0 -999.0 -999.0 -999.0 -999.0 -999.0 -999.0 -999.0 -999.0 -999.0 -999.0 -999.0 -999.0 -999.0 -999.0 -999.0 -999.0 -999.0 -999.0 -999.0 -999.0 -999.0 -999.0 -999.0 110.4 111.0 108.9 -999.0 109.0 111.7 -999.0 -999.0 -999.0 -999.0 -999.0 110.8 115.4 112.6 116.6 109.0 106.9 105.7 107.0 107.9 105.3 110.6 112.4 114.3 104.6 107.3 107.2 106.4 107.4 107.9 105.7 108.0 105.7 109.6 109.4 104.7 108.7 108.6 109.1 109.7 103.8 109.3 111.6 108.1 108.9 106.0 99.8 94.4 97.5 102.3 97.9 96.3 101.3 102.3
-999.0 -999.0 -999.0 -999.0 -999.0 -999.0 -999.0 -999.0 -999.0 -999.0 -999.0 -999.0 -999.0 -999.0 -999.0 -999.0 -999.0 -999.0 -999.0 -999.0 -999.0 -999.0 -999.0 -999.0 -999.0 -999.0 -999.0 -999.0 -999.0 -999.0 110.4 111.0 110.3 -999.0 109.4 111.7 -999.0 -999.0 -999.0 -999.0 -999.0 110.7 115.5 112.6 116.3 110.3 106.2 105.8 109.3 108.0 106.2 110.6 111.5 114.4 103.9 107.4 106.5 106.4 107.9 108.5 106.9 108.0 105.1 109.7 112.8 104.7 108.8 108.4 109.2 109.6 104.8 109.2 113.0 108.1 107.6 106.0 100.3 94.3 97.7 102.2 98.7 96.4 102.8 102.2
-999.0 -999.0 -999.0 -999.0 -999.0 -999.0 -999.0 -999.0 -999.0 -999.0 -999.0 -999.0 -999.0 -999.0 -999.0 -999.0 -999.0 -999.0 -999.0 -999.0 -999.0 -999.0 -999.0 -999.0 -999.0 -999.0 -999.0 -999.0 -999.0 -999.0 110.4 111.0 110.8 -999.0 107.2 111.7 -999.0 -999.0 -999.0 -999.0 -999.0 111.6 114.9 113.7 116.2 111.9 109.5 106.5 109.6 111.7 108.6 112.8 111.7 114.8 107.0 108.3 109.9 108.0 108.7 110.9 107.2 110.4 108.9 109.8 115.0 111.9 108.5 106.9 108.8 111.1 105.5 109.7 112.2 108.4 109.1 106.2 100.7 97.7 99.7 104.4 101.1 98.8 100.0 104.5
-999.0 -999.0 -999.0 -999.0 -999.0 -999.0 -999.0 -999.0 -999.0 -999.0 -999.0 -999.0 -999.0 -999.0 -999.0 -999.0 -999.0 -999.0 -999.0 -999.0 -999.0 -999.0 -999.0 -999.0 -999.0 -999.0 -999.0 -999.0 -999.0 -999.0 110.4 -999.0 110.2 -999.0 107.8 -999.0 -999.0 -999.0 -999.0 -999.0 -999.0 111.6 115.1 114.5 115.6 113.2 111.5 109.3 111.5 114.0 112.3 116.9 111.8 115.6 108.3 112.8 113.4 108.8 111.5 112.6 111.9 112.2 109.5 110.8 115.0 112.4 110.4 109.7 111.6 112.0 106.8 107.6 113.4 109.1 112.3 108.6 102.9 100.9 101.1 104.4 102.6 101.0 101.3 104.8
-999.0 -999.0 -999.0 -999.0 -999.0 -999.0 -999.0 -999.0 -999.0 -999.0 -999.0 -999.0 -999.0 -999.0 -999.0 -999.0 -999.0 -999.0 -999.0 -999.0 -999.0 -999.0 -999.0 -999.0 -999.0 -999.0 -999.0 -999.0 -999.0 -999.0 -999.0 -999.0 110.8 -999.0 107.2 -999.0 -999.0 -999.0 -999.0 -999.0 -999.0 -999.0 114.9 114.5 115.7 115.5 115.6 109.4 114.4 115.2 113.1 117.1 114.8 111.1 108.3 115.6 113.3 114.1 112.4 115.7 114.4 115.7 112.1 114.4 115.7 111.9 113.5 110.2 113.2 111.1 109.2 113.2 113.5 112.0 112.9 113.3 104.9 104.0 102.3 107.7 105.0 102.5 103.7 115.3
-999.0 -999.0 -999.0 -999.0 -999.0 -999.0 -999.0 -999.0 -999.0 -999.0 -999.0 -999.0 -999.0 -999.0 -999.0 -999.0 -999.0 -999.0 -999.0 -999.0 -999.0 -999.0 -999.0 -999.0 -999.0 -999.0 -999.0 -999.0 -999.0 -999.0 -999.0 -999.0 -999.0 -999.0 -999.0 -999.0 -999.0 -999.0 -999.0 -999.0 -999.0 -999.0 -999.0 -999.0 115.6 115.6 114.7 -999.0 113.8 118.6 112.9 119.8 120.5 120.2 121.8 116.9 122.2 117.9 118.3 121.8 118.0 117.9 118.8 116.6 116.4 112.1 116.8 113.9 113.8 116.1 115.0 114.1 116.2 114.2 115.4 125.7 109.5 114.9 103.7 108.8 110.0 103.7 100.5 122.6
81.4 86.9 80.2 87.6 83.3 -999.0 91.9 -999.0 92.4 -999.0 -999.0 -999.0 -999.0 -999.0 -999.0 -999.0 -999.0 -999.0 -999.0 -999.0 -999.0 -999.0 -999.0 -999.0 -999.0 -999.0 -999.0 -999.0 -999.0 -999.0 -999.0 -999.0 -999.0 -999.0 -999.0 -999.0 -999.0 -999.0 -999.0 -999.0 -999.0 -999.0 -999.0 -999.0 -999.0 -999.0 115.6 -999.0 114.4 119.7 115.5 120.0 120.3 120.3 120.8 121.4 121.4 120.7 120.8 122.0 121.7 122.4 120.3 122.7 120.9 120.8 120.8 122.0 127.2 121.0 121.6 120.3 120.1 121.0 123.2 124.7 121.2 121.1 116.5 121.3 122.4 120.8 125.2 125.6
81.9 86.3 81.3 86.5 83.0 79.3 89.4 84.1 90.2 83.3 76.0 78.4 79.9 76.2 71.1 71.5 63.9 73.4 74.7 74.7 73.1 70.8 67.1 64.4 60.3 87.6 48.7 84.0 53.3 107.0 98.6 -999.0 -999.0 -999.0 -999.0 -999.0 -999.0 -999.0 -999.0 -999.0 -999.0 -999.0 -999.0 -999.0 -999.0 -999.0 -999.0 -999.0 -999.0 119.7 118.1 120.6 119.6 120.2 122.5 121.8 122.7 121.4 121.4 122.9 121.0 121.6 123.3 123.0 122.5 119.6 124.9 123.3 121.9 122.4 123.0 123.2 121.9 120.4 123.4 123.9 122.2 121.6 123.3 122.6 124.4 124.3 121.9 125.9
81.4 86.5 80.2 86.7 83.3 79.9 91.9 84.1 92.4 83.0 77.2 78.5 79.7 76.4 72.1 72.3 64.2 73.9 74.3 74.7 72.9 71.2 67.0 64.0 60.5 82.2 48.1 76.2 52.2 98.2 90.3 63.3 60.9 63.8 63.7 62.3 63.8 58.8 55.1 59.1 57.3 69.0 64.6 96.9 -999.0 90.3 77.1 95.5 100.6 118.5 118.1 120.6 119.3 121.3 122.0 121.7 121.8 119.0 121.7 122.7 121.1 123.3 123.3 122.3 121.7 123.1 121.3 123.1 121.8 125.1 123.3 124.3 122.3 122.7 123.7 124.8 122.4 119.7 123.5 123.8 123.1 123.2 125.2 120.2
84.0 83.3 85.2 81.3 81.7 79.7 79.6 84.1 81.2 83.0 76.0 78.6 79.9 76.4 71.1 72.1 63.9 73.8 74.7 74.7 73.1 71.0 67.1 64.0 60.3 82.3 48.7 72.7 53.3 99.0 98.5 63.5 61.0 63.3 63.6 62.3 63.7 58.8 55.1 58.9 57.5 67.7 64.2 92.2 64.6 86.3 74.0 91.0 93.1 110.5 108.0 119.6 108.8 120.3 122.2 121.1 121.0 110.4 121.7 121.4 122.4 121.4 122.8 120.2 121.9 123.0 121.3 121.1 123.3 120.8 123.5 123.5 122.1 123.7 123.4 123.8 123.7 118.6 123.2 122.0 122.8 124.1 125.8 119.4
84.0 82.6 83.4 81.8 81.6 82.8 82.0 84.0 82.3 81.5 81.7 79.6 79.0 77.3 75.8 76.3 65.1 76.1 72.7 74.7 72.1 71.2 66.8 62.4 61.0 52.1 45.9 49.2 47.7 53.5 57.8 61.7 60.9 63.3 63.7 62.3 63.8 58.7 55.1 58.9 57.3 67.0 64.6 92.6 64.6 86.3 77.1 91.8 100.5 110.4 107.4 113.9 116.0 78.4 121.6 100.7 121.7 112.2 121.4 115.6 121.0 111.8 122.2 116.8 108.6 117.5 122.2 114.1 120.0 116.5 121.7 119.6 120.8 115.6 122.0 122.0 120.3 122.3 123.6 120.2 123.2 122.5 124.6 97.7
83.9 80.7 83.6 82.7 83.9 82.5 82.8 82.9 84.2 82.0 82.8 81.7 83.3 75.7 74.9 74.8 66.4 74.7 74.5 74.5 75.3 68.9 67.2 65.9 63.4 51.0 46.2 47.2 47.3 50.7 57.5 62.0 61.2 61.5 63.4 62.1 63.3 58.4 55.3 57.2 58.3 59.1 62.6 65.9 64.2 65.8 62.3 67.1 65.6 66.8 66.5 69.4 64.1 68.1 79.1 67.8 69.0 71.7 73.5 71.4 69.6 80.9 76.3 95.7 75.1 87.0 77.5 82.9 77.3 91.3 91.5 109.1 92.8 115.0 119.5 114.2 117.3 115.6 117.9 115.0 120.1 114.2 119.2 68.7
82.5 79.8 82.8 81.2 81.2 85.1 83.1 84.8 85.7 85.2 82.5 81.5 81.7 78.3 79.8 75.8 67.0 76.8 75.6 76.3 74.4 67.9 62.2 66.2 63.4 52.1 48.3 52.0 47.1 51.1 55.9 61.6 62.2 64.2 63.7 61.0 59.9 56.9 56.4 55.3 55.9 59.7 61.7 64.4 63.0 66.3 59.6 67.8 64.9 64.1 65.7 63.5 67.2 69.6 66.4 63.8 66.5 68.7 68.5 68.3 70.5 70.4 71.7 72.1 73.3 75.8 75.8 76.0 76.9 78.5 78.1 80.9 78.2 81.1 120.0 77.4 77.2 80.6 78.8 77.4 74.0 75.3 74.1 68.6
79.7 80.9 82.5 82.9 87.1 84.6 83.5 85.1 81.5 84.6 83.8 81.7 80.8 80.1 81.6 74.5 70.2 77.1 76.2 74.9 73.2 68.9 65.0 64.4 62.3 54.3 51.7 50.9 49.8 52.9 56.1 61.5 65.8 64.8 63.5 60.8 60.4 59.1 59.4 57.5 59.4 59.9 63.5 64.2 64.3 64.9 64.4 63.4 64.9 62.5 65.4 64.0 64.7 66.9 67.4 63.9 66.3 67.3 66.5 66.5 65.7 69.7 70.8 71.0 72.5 74.1 76.6 78.3 78.1 79.2 81.5 78.5 77.7 78.3 87.5 78.6 78.2 78.9 77.8 76.1 76.8 73.0 71.4 68.2
84.5 81.1 83.5 83.6 85.2 84.7 84.6 84.2 86.0 86.4 85.5 83.6 80.4 80.9 76.9 79.7 72.1 76.5 76.3 73.7 70.3 67.5 67.4 63.5 59.8 56.7 57.4 54.0 52.1 54.7 54.8 62.1 66.3 65.0 65.7 61.1 64.7 62.3 61.0 60.8 61.5 58.0 60.8 63.4 64.1 64.8 62.0 64.3 65.4 64.7 65.1 64.4 65.2 66.3 66.5 65.6 66.0 68.7 68.2 65.5 66.7 70.6 71.9 69.9 74.9 72.8 72.8 76.6 83.8 79.7 80.4 78.6 81.3 78.9 76.9 78.9 78.9 79.0 75.9 75.5 75.4 73.8 71.9 66.8
81.7 83.5 84.3 83.3 84.5 83.7 86.7 85.5 84.2 84.9 83.8 83.1 81.1 80.4 82.2 79.2 74.8 77.1 75.7 74.6 67.0 66.8 67.4 63.6 57.5 62.0 61.3 54.6 54.9 53.7 53.6 61.6 67.8 65.6 61.5 59.8 61.7 62.2 64.4 63.6 63.7 62.2 62.3 63.4 65.0 65.1 62.7 62.2 65.3 62.4 64.0 65.1 65.1 67.1 65.3 65.0 70.7 67.1 66.5 66.9 68.6 69.1 69.0 70.3 70.1 72.1 68.6 73.4 71.5 79.0 79.7 78.2 79.2 80.1 79.1 80.4 79.8 77.6 79.6 77.5 74.1 74.3 78.3 68.8
83.0 84.4 87.0 84.3 88.0 84.6 85.8 85.2 86.3 85.1 84.4 82.7 80.9 82.4 81.3 79.2 77.1 78.9 75.0 76.7 66.8 67.3 65.9 62.7 60.6 63.0 63.4 57.5 55.3 55.1 57.1 58.0 57.2 62.4 61.5 60.0 61.7 64.9 63.9 64.7 65.1 65.1 63.1 64.2 64.1 64.4 65.4 63.5 64.5 65.2 65.4 63.9 64.7 66.3 66.9 64.3 67.1 66.5 64.7 67.4 68.0 70.2 70.8 69.4 72.6 72.1 75.8 74.2 77.4 78.6 77.5 77.7 81.8 81.2 79.6 80.9 79.3 77.4 80.9 77.9 74.7 73.0 72.6 70.2
82.6 84.6 84.2 85.5 88.9 84.4 83.7 85.0 85.6 84.4 84.3 84.4 82.4 82.3 83.3 82.1 79.3 79.4 80.3 73.7 68.2 69.3 67.1 61.6 60.9 63.5 67.7 60.1 58.1 58.7 60.1 57.9 61.0 61.3 59.0 60.0 61.1 63.8 65.1 65.9 65.1 63.1 68.1 63.7 63.5 62.7 61.2 65.2 65.7 66.9 65.5 60.7 66.6 68.4 66.1 67.2 66.9 65.9 65.8 66.5 68.6 70.7 68.3 70.7 70.5 70.6 73.6 72.5 74.5 76.5 78.5 77.7 79.4 79.4 78.3 81.1 80.7 78.9 81.5 78.2 77.6 72.4 72.1 72.5
83.6 83.8 84.6 86.1 85.1 85.5 86.0 84.8 82.4 86.2 82.4 84.5 84.1 82.1 80.4 81.1 79.9 78.8 77.7 71.0 67.4 68.7 67.4 61.0 62.8 68.9 69.2 64.7 61.6 62.8 60.8 57.7 57.9 60.6 60.0 61.4 62.5 63.5 67.8 68.1 67.9 64.1 63.6 62.4 62.4 63.8 61.8 63.2 65.7 65.8 63.2 68.3 68.2 68.0 67.3 68.3 68.8 67.0 65.9 66.9 67.6 69.4 69.5 70.8 72.8 71.6 71.1 71.2 74.8 75.0 77.6 78.5 80.7 78.2 78.1 78.7 80.4 79.9 80.1 79.0 76.5 74.0 73.4 74.9
84.1 83.9 88.8 85.1 86.4 86.3 84.6 84.1 83.8 84.7 83.2 83.7 83.6 82.1 79.4 79.8 80.6 76.8 79.1 69.8 67.2 68.7 66.0 67.4 64.3 69.0 67.6 69.2 62.8 66.2 64.3 58.4 60.5 60.1 61.4 64.1 61.5 67.4 66.3 67.8 67.0 64.7 63.4 63.0 61.4 63.9 61.9 62.1 65.2 66.2 64.2 64.4 66.2 67.8 69.8 68.8 66.7 66.9 67.9 67.1 65.6 68.7 69.9 71.5 72.6 70.0 71.3 72.3 77.7 76.9 76.7 81.7 84.2 78.7 81.6 79.4 80.3 79.6 78.0 78.7 76.3 74.5 75.0 73.8
85.1 84.8 83.7 88.0 85.2 85.7 84.6 85.4 86.0 85.4 84.3 83.2 83.1 82.9 80.4 79.4 81.3 81.5 78.6 69.7 68.3 68.8 68.2 67.6 66.6 69.3 70.1 70.2 66.1 65.7 66.1 58.4 57.2 59.6 63.2 63.6 64.7 67.7 67.6 68.1 66.6 63.4 62.8 64.1 61.3 61.3 62.4 64.9 62.1 64.5 66.5 66.5 68.2 68.1 69.0 69.8 70.0 66.9 68.6 66.7 69.5 67.5 70.6 69.7 73.2 71.1 71.0 73.7 74.6 75.9 78.1 79.8 78.8 77.9 82.9 80.2 79.9 81.1 79.7 79.5 75.6 75.1 75.2 74.9
85.3 82.9 84.8 85.9 86.5 83.5 86.2 84.1 81.4 85.1 84.5 84.6 80.0 82.9 79.0 82.6 82.1 80.5 77.4 66.4 67.8 67.9 66.8 67.4 71.3 69.2 68.4 71.0 70.8 67.5 67.3 59.3 60.0 61.0 63.2 65.1 65.4 68.6 69.8 68.7 66.0 63.1 64.5 60.7 61.2 63.1 64.2 63.7 64.1 63.9 64.3 67.2 67.3 65.7 69.4 70.2 67.5 65.7 65.6 66.0 66.7 68.0 69.6 69.2 73.8 71.3 71.4 72.7 75.0 75.9 83.6 79.0 78.9 72.8 80.2 78.7 79.9 81.7 80.3 78.5 77.2 77.0 75.7 75.8
87.2 85.0 86.8 84.7 86.3 84.1 84.1 83.6 79.5 84.3 84.9 86.4 82.1 80.8 80.1 82.8 83.2 79.6 77.6 66.0 69.2 66.9 66.6 66.9 73.1 69.4 69.0 72.7 76.0 68.9 68.7 59.2 61.2 61.6 65.6 67.2 68.6 69.7 64.1 65.4 64.8 64.2 63.6 61.4 63.4 64.6 63.4 63.7 64.1 65.6 64.7 66.0 66.0 66.8 67.4 72.1 66.2 66.4 65.8 66.9 68.3 68.6 69.5 68.3 76.4 72.0 71.6 71.8 75.0 75.9 76.8 78.7 80.1 79.2 80.5 80.2 80.2 82.6 79.9 81.5 79.8 77.2 73.8 75.3
83.2 86.2 85.7 85.3 84.5 84.7 84.3 85.5 85.2 84.2 81.6 84.4 84.0 85.4 80.8 83.8 83.5 80.9 75.9 66.0 72.3 64.7 66.3 67.7 73.2 72.7 70.9 73.6 71.7 71.1 70.5 62.5 63.7 62.1 65.1 66.7 69.2 69.8 70.8 64.9 63.4 62.7 61.8 63.1 63.9 63.3 63.6 63.6 64.0 67.9 67.1 65.9 66.3 67.8 69.3 69.5 67.7 66.6 66.7 67.4 68.8 69.4 68.7 69.2 70.6 71.5 72.6 72.3 75.5 76.0 76.4 77.2 79.8 80.7 80.3 84.0 81.6 82.6 79.3 81.6 78.6 78.5 76.0 75.1
83.5 85.5 86.5 86.3 87.1 84.8 83.0 87.4 83.1 83.9 80.6 83.4 83.0 81.1 80.6 83.6 81.3 79.7 73.4 63.9 68.7 65.3 69.0 69.3 75.4 73.3 70.6 75.1 77.7 72.9 69.5 62.3 62.2 63.5 65.0 68.1 67.5 69.1 65.9 63.7 62.7 62.0 63.4 62.6 63.6 63.3 65.7 67.6 66.4 66.2 65.4 66.4 67.9 67.0 67.7 69.1 69.8 66.7 66.2 66.5 68.1 67.4 69.8 71.9 70.7 71.0 69.7 73.0 75.9 77.8 75.1 78.6 79.4 79.7 81.3 84.4 80.6 82.3 81.4 79.5 77.6 76.6 80.5 77.3
83.5 85.8 83.0 86.6 85.4 84.9 83.9 84.7 84.3 84.9 88.8 81.9 84.6 81.3 80.8 81.9 81.9 78.9 76.2 66.2 67.7 63.7 74.1 70.0 75.2 73.6 71.7 76.7 80.3 72.4 70.6 65.0 64.3 62.8 65.5 68.4 68.0 68.1 67.7 63.6 62.2 63.5 66.2 63.9 64.7 65.3 66.1 66.5 64.8 66.7 66.7 66.5 68.3 68.3 67.4 66.8 64.7 67.5 69.4 65.0 67.5 68.1 69.6 69.9 69.9 70.3 70.2 72.2 74.2 77.5 77.3 78.0 78.0 80.1 81.7 81.0 81.8 82.1 83.5 79.6 77.7 77.7 80.5 77.2
78.4 82.9 84.1 82.7 84.4 85.2 85.6 83.5 84.3 84.7 80.9 83.9 83.6 81.0 82.5 81.5 84.2 76.8 69.5 66.7 68.7 64.7 70.4 71.9 76.7 73.3 72.6 78.5 78.7 70.8 71.4 65.1 66.4 64.4 66.4 68.6 69.1 67.7 68.6 63.9 63.7 65.6 64.2 66.0 66.7 67.4 67.6 68.0 72.7 67.3 68.9 67.0 69.2 69.4 69.8 68.2 68.7 67.3 68.6 65.6 67.8 68.4 67.2 69.8 70.6 67.7 69.3 69.4 72.7 77.5 78.0 78.9 77.8 78.7 79.2 80.6 81.8 82.7 79.6 79.5 78.8 78.5 79.3 77.3
76.3 78.8 80.5 82.1 83.2 84.3 83.3 85.9 82.8 87.0 84.4 83.3 84.6 80.7 83.5 80.7 78.5 75.2 65.0 66.5 68.8 65.8 67.1 74.5 79.4 76.1 73.9 80.6 80.1 70.7 73.6 67.4 63.6 66.1 65.3 68.8 67.3 70.3 67.7 66.7 65.9 66.0 68.1 68.9 68.5 66.6 71.5 71.7 67.0 69.6 67.0 68.9 69.9 70.1 68.4 69.3 69.9 67.2 66.8 66.5 65.9 68.3 69.5 68.8 68.3 70.3 73.0 70.7 73.6 75.7 77.9 77.8 77.2 78.2 83.2 80.9 82.1 82.4 79.5 78.9 80.1 79.2 77.3 76.7
76.6 76.1 76.2 76.3 79.1 82.8 83.4 85.3 83.3 84.7 85.0 84.3 83.1 80.6 80.4 81.3 78.4 74.8 61.4 69.3 72.0 67.9 70.5 77.2 78.7 75.8 72.2 79.8 80.2 72.0 76.1 68.9 68.5 71.3 70.0 69.6 67.9 70.1 68.3 68.6 60.5 68.5 67.2 69.0 70.1 73.7 68.4 72.1 69.3 70.6 68.9 71.7 70.6 73.2 71.7 70.0 70.0 70.6 68.3 69.3 68.5 67.5 66.6 70.7 69.4 70.9 73.1 71.9 77.3 74.1 76.5 77.7 78.8 77.8 82.1 81.9 82.4 81.2 80.0 80.3 78.4 77.9 76.7 75.9
75.0 76.1 74.4 76.7 77.8 80.4 82.5 83.5 84.3 86.1 84.1 83.2 82.8 78.8 75.4 81.6 76.7 72.7 62.3 73.2 73.2 70.6 73.7 78.2 79.4 76.5 75.8 82.0 79.9 72.3 78.7 70.9 71.8 70.8 71.0 69.7 69.6 67.5 69.3 70.9 66.4 69.8 70.8 69.8 69.1 71.2 72.1 72.0 70.3 71.7 70.4 70.2 72.3 75.5 73.4 70.3 70.5 70.9 71.1 69.9 70.2 66.0 70.3 69.6 68.9 70.7 71.1 71.4 72.7 74.4 77.1 77.9 77.4 78.1 81.3 81.3 82.2 81.6 82.2 82.0 79.5 79.9 77.6 75.9
75.4 77.0 75.2 73.1 75.8 78.8 81.4 83.2 86.2 85.7 84.4 83.3 83.9 79.5 80.2 79.6 76.8 74.6 62.7 71.2 74.3 74.3 71.9 79.6 79.5 76.6 75.0 81.7 80.4 71.5 76.5 75.9 73.9 75.6 71.6 71.1 70.7 71.1 69.2 74.7 67.7 70.8 72.9 71.0 70.9 71.1 74.7 71.5 71.0 75.0 70.6 69.7 71.0 71.9 71.0 73.3 70.2 72.2 69.8 70.5 70.8 69.3 70.0 70.1 69.1 71.2 72.5 72.9 73.7 74.9 75.4 77.1 79.0 79.6 80.4 79.4 82.7 82.6 79.0 82.2 78.7 78.7 76.3 76.9
73.4 76.6 73.9 72.3 71.9 76.5 81.4 79.8 75.3 85.2 86.3 84.1 82.9 80.1 79.7 79.0 77.4 76.7 66.4 69.3 73.5 74.8 74.8 80.2 79.9 76.8 74.7 79.9 78.6 75.3 77.8 78.5 81.3 77.1 73.6 73.8 72.8 73.4 74.2 76.4 68.9 73.0 73.1 72.1 71.8 71.1 74.0 71.5 71.0 73.2 67.8 69.3 72.3 70.4 72.7 72.8 70.6 73.8 71.5 71.0 71.7 72.0 70.0 70.0 69.7 71.6 71.0 72.6 73.3 74.9 77.2 75.3 77.7 79.1 77.6 78.7 83.8 82.8 82.5 78.4 77.0 75.2 75.2 76.9
74.6 74.7 73.9 70.3 70.6 73.6 74.5 76.4 83.5 84.4 83.8 84.6 81.1 80.3 79.7 79.7 75.0 75.6 67.1 70.5 73.0 75.1 76.7 81.1 79.8 74.1 74.1 81.9 78.7 74.8 78.3 80.9 80.9 80.9 79.1 75.1 75.1 73.7 76.0 76.0 75.9 75.2 75.0 74.9 72.0 72.0 75.6 69.3 69.6 71.2 67.1 69.6 70.7 71.3 70.9 71.7 70.1 72.6 72.0 72.9 73.0 70.8 71.8 70.4 67.7 70.3 71.0 72.2 74.2 74.7 77.0 75.3 78.7 79.6 79.2 80.5 81.2 82.8 83.1 79.8 79.8 76.4 81.8 77.1
74.6 75.1 71.0 69.4 69.4 71.4 69.7 74.0 80.1 82.5 84.6 86.1 78.8 79.5 77.5 77.8 74.9 75.0 71.1 70.8 75.9 78.5 79.0 82.1 80.3 75.9 75.4 81.5 77.5 75.7 78.7 81.0 81.0 81.4 79.7 77.0 78.1 76.2 78.4 76.6 79.4 76.2 72.6 77.4 75.8 74.3 73.6 71.8 70.9 72.5 70.4 69.2 71.2 70.7 71.4 72.9 70.1 73.5 73.6 73.1 73.3 70.5 71.1 71.0 67.8 69.0 71.8 73.9 75.7 74.3 75.9 76.4 77.5 80.3 76.2 78.9 83.3 79.7 80.3 81.9 79.5 78.9 79.3 77.1
71.7 71.9 70.1 69.0 69.8 71.2 72.7 75.1 76.6 80.6 81.3 90.2 79.0 78.8 79.7 75.7 73.7 72.8 67.9 72.4 74.8 78.3 77.7 82.6 82.0 79.2 76.4 81.7 76.9 77.0 79.6 80.7 82.4 81.6 83.9 79.2 77.2 75.8 79.4 77.2 79.8 82.0 77.0 77.2 76.6 76.5 78.6 74.4 70.7 74.2 72.6 70.8 74.7 70.0 68.0 73.3 71.1 74.3 72.2 72.9 73.7 71.9 70.4 69.5 68.5 71.5 69.8 72.1 75.5 71.1 75.3 77.6 75.5 78.3 77.0 79.9 81.6 81.7 83.4 80.8 75.4 79.0 77.5 79.1
72.4 69.4 67.8 69.7 64.8 70.1 71.5 74.6 76.5 78.3 78.3 84.1 79.5 77.5 78.5 77.5 73.1 75.6 73.0 70.8 74.9 78.3 77.3 79.0 76.9 79.0 78.3 81.1 74.3 76.9 81.8 78.4 81.6 81.3 82.1 81.0 77.8 77.7 79.9 79.0 80.8 82.8 75.8 78.7 78.2 78.2 77.8 76.5 77.5 76.0 73.3 72.3 73.6 70.0 72.3 71.6 71.5 75.0 71.7 73.9 74.1 71.6 70.4 68.8 69.2 72.2 72.1 69.6 74.4 74.1 75.5 77.8 77.2 79.3 82.0 78.5 80.3 81.2 80.1 80.3 77.8 80.1 76.5 81.1
69.9 69.2 68.8 68.7 68.6 69.4 73.6 73.2 74.0 77.5 76.8 82.1 78.7 76.1 78.3 77.1 76.3 72.6 70.4 73.2 74.6 77.9 80.1 82.1 78.7 78.2 78.5 80.6 74.6 80.5 78.2 79.8 79.9 79.7 80.1 82.5 76.6 80.6 80.4 79.7 80.0 81.2 74.7 78.8 79.5 79.8 78.2 77.3 78.3 77.4 77.2 74.1 75.2 70.3 76.8 72.5 71.6 75.1 75.2 74.2 74.5 70.3 71.1 71.5 69.3 72.4 71.5 72.6 74.4 75.7 75.4 79.7 78.5 78.3 79.1 79.3 80.5 81.3 79.4 82.5 79.8 80.7 78.3 78.1
66.9 69.6 69.8 67.6 67.5 69.5 70.3 73.5 72.2 75.6 75.8 79.5 71.0 77.0 77.0 75.9 72.7 70.6 68.8 74.2 74.3 79.4 80.2 81.0 77.7 79.4 78.8 80.5 74.7 80.0 76.7 78.6 81.4 81.6 82.0 80.4 79.2 82.1 81.3 79.9 84.8 82.3 80.4 79.4 78.6 79.2 79.2 80.1 80.8 80.5 80.5 77.2 77.1 74.6 71.7 74.1 74.5 77.0 73.2 74.4 73.3 69.3 70.0 72.0 70.2 72.6 71.6 72.0 74.2 72.8 76.5 78.1 76.8 77.1 75.9 78.6 80.5 80.4 80.0 79.8 79.9 79.8 76.6 78.0
