morphological_analysis/input_data/surveys/q10_2/matrix_bed_q10_2s8.txt
north:            -537.50
south:           -1247.50
east:             2697.00
west:              -93.00
rows:                 144
cols:                 279
null:              -999.0
[rows 0 to 37 of 144, columns 84 to 167 of 279]
-999.0 -999.0 -999.0 -999.0 -999.0 -999.0 -999.0 -999.0 -999.0 -999.0 -999.0 -999.0 -999.0 -999.0 -999.0 -999.0 -999.0 -999.0 -999.0 -999.0 -999.0 -999.0 -999.0 -999.0 -999.0 -999.0 -999.0 -999.0 -999.0 -999.0 -999.0 -999.0 -999.0 -999.0 -999.0 -999.0 -999.0 -999.0 -999.0 -999.0 -999.0 -999.0 -999.0 -999.0 -999.0 -999.0 -999.0 -999.0 -999.0 -999.0 -999.0 -999.0 -999.0 -999.0 -999.0 -999.0 -999.0 -999.0 -999.0 -999.0 -999.0 -999.0 -999.0 -999.0 -999.0 -999.0 -999.0 -999.0 -999.0 -999.0 -999.0 -999.0 -999.0 -999.0 -999.0 -999.0 -999.0 -999.0 -999.0 -999.0 -999.0 -999.0 -999.0 -999.0
-999.0 -999.0 -999.0 -999.0 -999.0 -999.0 -999.0 -999.0 -999.0 -999.0 -999.0 -999.0 -999.0 -999.0 -999.0 -999.0 -999.0 -999.0 -999.0 -999.0 -999.0 -999.0 -999.0 -999.0 -999.0 -999.0 -999.0 -999.0 -999.0 -999.0 -999.0 -999.0 -999.0 -999.0 -999.0 -999.0 -999.0 -999.0 -999.0 -999.0 -999.0 -999.0 -999.0 -999.0 -999.0 -999.0 -999.0 -999.0 -999.0 -999.0 -999.0 -999.0 -999.0 -999.0 -999.0 -999.0 -999.0 -999.0 -999.0 -999.0 -999.0 -999.0 -999.0 -999.0 -999.0 -999.0 -999.0 -999.0 -999.0 -999.0 -999.0 -999.0 -999.0 -999.0 -999.0 -999.0 -999.0 -999.0 -999.0 -999.0 -999.0 -999.0 -999.0 -999.0
-999.0 -999.0 -999.0 -999.0 -999.0 -999.0 -999.0 -999.0 -999.0 -999.0 -999.0 -999.0 -999.0 -999.0 -999.0 -999.0 -999.0 -999.0 -999.0 -999.0 -999.0 -999.0 -999.0 -999.0 -999.0 -999.0 -999.0 -999.0 -999.0 -999.0 -999.0 -999.0 -999.0 -999.0 -999.0 -999.0 -999.0 -999.0 -999.0 -999.0 -999.0 -999.0 -999.0 -999.0 -999.0 -999.0 -999.0 -999.0 -999.0 -999.0 -999.0 -999.0 -999.0 -999.0 -999.0 -999.0 -999.0 -999.0 -999.0 -999.0 -999.0 -999.0 -999.0 -999.0 -999.0 -999.0 -999.0 -999.0 -999.0 -999.0 -999.0 -999.0 -999.0 -999.0 -999.0 -999.0 -999.0 -999.0 -999.0 -999.0 -999.0 -999.0 -999.0 -999.0
-999.0 -999.0 -999.0 -999.0 -999.0 -999.0 -999.0 -999.0 -999.0 -999.0 -999.0 -999.0 -999.0 -999.0 -999.0 -999.0 -999.0 -999.0 -999.0 -999.0 -999.0 -999.0 -999.0 -999.0 -999.0 -999.0 -999.0 -999.0 -999.0 -999.0 -999.0 -999.0 -999.0 -999.0 -999.0 -999.0 -999.0 -999.0 -999.0 -999.0 -999.0 -999.0 -999.0 -999.0 -999.0 -999.0 -999.0 -999.0 -999.0 -999.0 -999.0 -999.0 -999.0 -999.0 -999.0 -999.0 -999.0 -999.0 -999.0 -999.0 -999.0 -999.0 -999.0 -999.0 -999.0 -999.0 -999.0 -999.0 -999.0 -999.0 -999.0 -999.0 -999.0 -999.0 -999.0 -999.0 -999.0 -999.0 -999.0 -999.0 -999.0 -999.0 -999.0 -999.0
-999.0 -999.0 -999.0 -999.0 -999.0 -999.0 -999.0 -999.0 -999.0 -999.0 -999.0 -999.0 -999.0 -999.0 -999.0 -999.0 -999.0 -999.0 -999.0 -999.0 -999.0 -999.0 -999.0 -999.0 -999.0 -999.0 -999.0 -999.0 -999.0 -999.0 -999.0 -999.0 -999.0 -999.0 -999.0 -999.0 -999.0 -999.0 -999.0 -999.0 -999.0 -999.0 -999.0 -999.0 -999.0 -999.0 -999.0 -999.0 -999.0 -999.0 -999.0 -999.0 -999.0 -999.0 -999.0 -999.0 -999.0 -999.0 -999.0 -999.0 -999.0 -999.0 -999.0 -999.0 -999.0 -999.0 -999.0 -999.0 -999.0 -999.0 -999.0 -999.0 -999.0 -999.0 -999.0 -999.0 -999.0 -999.0 -999.0 -999.0 -999.0 -999.0 -999.0 -999.0
-999.0 -999.0 -999.0 -999.0 -999.0 -999.0 -999.0 -999.0 -999.0 -999.0 -999.0 -999.0 -999.0 -999.0 -999.0 -999.0 -999.0 -999.0 -999.0 -999.0 -999.0 -999.0 -999.0 -999.0 -999.0 -999.0 -999.0 -999.0 -999.0 -999.0 -999.0 -999.0 -999.0 -999.0 -999.0 -999.0 -999.0 -999.0 -999.0 -999.0 -999.0 -999.0 -999.0 -999.0 -999.0 -999.0 -999.0 -999.0 -999.0 -999.0 -999.0 -999.0 -999.0 -999.0 -999.0 -999.0 -999.0 -999.0 -999.0 -999.0 -999.0 -999.0 -999.0 -999.0 -999.0 -999.0 -999.0 -999.0 -999.0 -999.0 -999.0 -999.0 -999.0 -999.0 -999.0 -999.0 -999.0 -999.0 -999.0 -999.0 -999.0 -999.0 -999.0 -999.0
-999.0 -999.0 -999.0 -999.0 -999.0 -999.0 -999.0 -999.0 -999.0 -999.0 -999.0 -999.0 -999.0 -999.0 -999.0 -999.0 -999.0 -999.0 -999.0 -999.0 -999.0 -999.0 -999.0 -999.0 -999.0 -999.0 -999.0 -999.0 -999.0 -999.0 -999.0 -999.0 -999.0 -999.0 -999.0 -999.0 -999.0 -999.0 -999.0 -999.0 -999.0 -999.0 -999.0 -999.0 -999.0 -999.0 -999.0 -999.0 -999.0 -999.0 -999.0 -999.0 -999.0 -999.0 -999.0 -999.0 -999.0 -999.0 -999.0 -999.0 -999.0 -999.0 -999.0 -999.0 -999.0 -999.0 -999.0 -999.0 -999.0 -999.0 -999.0 -999.0 -999.0 -999.0 -999.0 -999.0 -999.0 -999.0 -999.0 -999.0 -999.0 -999.0 -999.0 -999.0
-999.0 -999.0 -999.0 -999.0 -999.0 -999.0 -999.0 -999.0 -999.0 -999.0 -999.0 -999.0 -999.0 -999.0 -999.0 -999.0 -999.0 -999.0 -999.0 -999.0 -999.0 -999.0 -999.0 -999.0 -999.0 -999.0 -999.0 -999.0 -999.0 -999.0 -999.0 -999.0 -999.0 -999.0 -999.0 -999.0 -999.0 -999.0 -999.0 -999.0 -999.0 -999.0 -999.0 -999.0 -999.0 -999.0 -999.0 -999.0 -999.0 -999.0 -999.0 -999.0 -999.0 -999.0 -999.0 -999.0 -999.0 -999.0 -999.0 -999.0 -999.0 -999.0 -999.0 -999.0 -999.0 -999.0 -999.0 -999.0 -999.0 -999.0 -999.0 -999.0 -999.0 -999.0 -999.0 -999.0 -999.0 -999.0 -999.0 -999.0 -999.0 -999.0 -999.0 -999.0
-999.0 -999.0 -999.0 -999.0 -999.0 -999.0 -999.0 -999.0 -999.0 -999.0 -999.0 -999.0 -999.0 -999.0 -999.0 -999.0 -999.0 -999.0 -999.0 -999.0 -999.0 -999.0 -999.0 -999.0 -999.0 -999.0 -999.0 -999.0 -999.0 -999.0 -999.0 -999.0 -999.0 -999.0 -999.0 -999.0 -999.0 -999.0 -999.0 -999.0 -999.0 -999.0 -999.0 -999.0 -999.0 -999.0 -999.0 -999.0 -999.0 -999.0 -999.0 -999.0 -999.0 -999.0 -999.0 -999.0 -999.0 -999.0 -999.0 -999.0 -999.0 -999.0 -999.0 -999.0 -999.0 -999.0 -999.0 -999.0 -999.0 -999.0 -999.0 -999.0 -999.0 -999.0 -999.0 -999.0 -999.0 -999.0 -999.0 -999.0 -999.0 -999.0 -999.0 -999.0
-999.0 -999.0 -999.0 -999.0 -999.0 -999.0 -999.0 -999.0 -999.0 -999.0 -999.0 -999.0 -999.0 -999.0 -999.0 -999.0 -999.0 -999.0 -999.0 -999.0 -999.0 -999.0 -999.0 -999.0 -999.0 -999.0 -999.0 -999.0 -999.0 -999.0 -999.0 -999.0 -999.0 -999.0 -999.0 -999.0 -999.0 -999.0 -999.0 -999.0 -999.0 -999.0 -999.0 -999.0 -999.0 -999.0 -999.0 -999.0 -999.0 -999.0 -999.0 -999.0 -999.0 -999.0 -999.0 -999.0 -999.0 -999.0 -999.0 -999.0 -999.0 -999.0 -999.0 -999.0 -999.0 -999.0 -999.0 -999.0 -999.0 -999.0 -999.0 -999.0 -999.0 -999.0 -999.0 -999.0 -999.0 -999.0 -999.0 -999.0 -999.0 -999.0 -999.0 -999.0
72.8 74.5 72.9 70.9 72.3 74.0 -999.0 75.0 72.7 87.9 73.0 72.7 -999.0 -999.0 79.2 -999.0 75.6 -999.0 -999.0 -999.0 -999.0 -999.0 -999.0 -999.0 -999.0 -999.0 -999.0 -999.0 -999.0 -999.0 -999.0 -999.0 -999.0 -999.0 -999.0 -999.0 -999.0 -999.0 -999.0 -999.0 -999.0 -999.0 -999.0 60.4 -999.0 -999.0 -999.0 -999.0 -999.0 -999.0 -999.0 -999.0 -999.0 -999.0 -999.0 -999.0 -999.0 -999.0 -999.0 -999.0 -999.0 -999.0 -999.0 -999.0 -999.0 -999.0 -999.0 -999.0 -999.0 -999.0 -999.0 -999.0 -999.0 -999.0 -999.0 -999.0 -999.0 -999.0 -999.0 -999.0 -999.0 81.4 -999.0 -999.0
72.7 74.4 72.7 71.0 72.0 73.7 75.8 74.9 72.7 85.2 72.3 72.8 71.7 70.1 79.2 69.8 75.6 72.2 -999.0 75.0 -999.0 70.3 -999.0 67.5 -999.0 69.0 69.0 89.8 65.7 62.0 57.2 54.3 50.6 53.8 51.3 47.4 -999.0 46.4 -999.0 47.0 51.3 54.7 57.0 60.4 61.0 62.8 64.4 68.7 -999.0 68.7 68.9 69.4 72.5 71.3 70.3 72.7 74.9 77.5 -999.0 74.0 77.8 76.0 80.7 78.0 -999.0 77.3 -999.0 77.2 78.7 81.6 82.0 84.9 -999.0 -999.0 79.4 84.1 79.2 85.1 81.0 78.9 79.4 81.4 79.6 82.0
72.8 74.4 72.9 71.0 72.3 73.5 75.7 74.8 72.7 85.1 73.0 73.4 71.7 70.4 79.2 69.9 75.6 71.9 70.8 74.4 -999.0 70.4 66.7 67.4 65.7 69.0 68.8 86.9 65.8 61.7 56.9 54.3 51.1 53.5 50.8 48.6 50.8 46.7 -999.0 47.3 51.3 53.3 57.0 60.4 60.6 63.1 64.4 68.3 68.0 68.6 69.3 69.5 72.3 71.2 70.3 72.3 74.9 76.7 74.5 74.1 77.7 76.1 79.6 78.0 75.1 77.6 79.0 77.4 78.7 81.3 81.9 84.1 82.3 82.0 79.3 84.7 79.2 83.8 80.8 78.8 79.4 81.4 79.5 82.2
72.2 73.5 72.0 71.6 71.1 72.5 73.9 73.9 72.9 72.7 69.6 72.5 71.6 70.8 71.0 70.8 71.3 71.8 70.8 74.4 68.9 70.6 66.5 67.1 65.6 69.3 69.0 85.5 65.7 60.8 57.2 54.8 50.7 53.1 51.3 48.7 51.0 47.2 47.7 47.7 51.3 51.0 57.0 58.3 61.0 63.0 64.4 68.2 68.7 68.5 68.9 69.2 72.4 71.2 70.3 72.4 74.9 76.5 73.8 74.3 77.8 75.9 80.7 78.1 75.5 77.9 79.0 77.5 78.7 81.4 82.0 84.3 82.0 82.0 79.4 79.7 79.2 84.0 81.0 78.5 79.4 79.8 79.6 82.3
75.3 73.0 71.3 72.0 73.1 72.0 72.2 71.3 75.1 71.9 70.5 70.0 73.3 71.5 72.0 72.8 74.8 69.7 70.1 70.9 68.4 70.0 65.2 66.3 66.5 69.6 68.3 68.8 65.9 58.1 55.9 55.4 52.5 52.7 48.9 53.8 49.5 49.1 47.6 49.4 52.6 53.7 56.2 58.1 59.3 64.0 64.2 65.8 65.4 67.5 71.1 70.8 71.7 71.1 69.6 70.9 73.1 72.8 76.7 76.0 77.4 77.7 75.3 78.2 79.0 77.9 79.3 78.8 82.5 80.2 81.6 80.6 83.0 82.0 79.0 81.6 79.2 82.0 80.2 78.3 79.9 78.8 79.0 82.6
73.3 73.4 72.9 70.7 74.0 71.8 70.7 72.4 71.5 72.3 72.3 69.5 73.1 70.7 71.2 73.5 71.5 70.1 73.1 71.0 70.5 68.6 65.5 66.5 68.4 67.6 65.7 65.6 59.0 57.0 55.2 52.6 53.2 53.3 58.4 50.7 48.3 46.6 48.0 49.8 50.0 55.7 57.0 58.9 63.6 61.5 64.2 64.7 66.3 66.5 67.2 70.7 68.9 72.0 73.0 70.2 70.2 74.7 73.5 74.4 75.4 76.1 78.1 80.7 80.2 75.5 79.2 78.9 80.1 82.5 80.5 82.6 80.4 82.3 82.2 80.9 80.7 81.1 80.5 81.4 73.2 78.4 79.0 82.5
71.5 73.9 73.0 71.9 72.0 71.2 73.6 70.4 71.7 73.2 72.6 70.5 69.8 70.3 70.3 70.9 69.8 71.1 70.4 71.9 70.9 67.8 64.7 66.4 69.3 64.8 65.6 65.4 60.6 57.2 54.6 53.9 54.7 54.5 50.8 49.7 49.6 47.5 47.1 48.3 51.6 52.9 56.1 58.7 61.8 63.8 64.0 66.3 65.4 66.0 66.6 67.6 68.9 73.0 70.1 70.2 72.1 72.0 74.6 73.2 75.1 75.0 78.7 76.8 78.3 75.5 79.5 78.7 81.4 80.9 81.4 82.2 82.6 81.1 82.3 81.7 82.4 80.9 81.9 81.2 78.1 81.2 80.8 83.6
72.2 74.7 68.5 71.8 72.0 70.1 74.6 71.7 70.7 73.3 71.3 70.8 69.7 70.4 70.3 70.3 71.1 70.9 72.3 70.1 69.5 68.3 62.1 66.5 67.0 63.2 61.3 62.1 59.7 57.5 53.4 55.6 53.9 52.7 50.2 49.5 47.3 49.0 52.1 51.0 53.2 52.9 60.1 57.9 62.0 63.7 63.9 65.1 65.6 66.8 68.8 71.2 69.0 70.3 69.1 70.5 70.9 73.6 75.9 71.9 74.9 75.6 75.9 78.2 77.0 78.4 77.9 80.7 82.3 82.2 82.4 84.9 83.2 79.7 79.8 83.9 81.9 82.2 86.5 85.4 81.5 81.9 79.1 83.7
72.9 73.3 70.6 71.8 71.7 70.4 68.0 70.7 70.6 71.6 73.0 68.9 70.4 70.9 70.7 69.9 71.0 70.1 72.2 70.1 71.1 70.0 63.7 63.2 64.5 64.0 63.7 60.2 59.0 58.4 55.2 55.2 57.0 54.6 50.8 49.0 46.3 47.5 50.2 52.8 53.5 55.2 54.8 62.1 62.5 63.8 63.2 64.9 63.5 66.5 64.8 68.7 68.8 72.5 69.7 72.2 71.3 72.7 72.7 73.8 74.8 77.6 77.2 77.6 77.6 78.9 79.4 80.5 83.0 82.9 80.7 83.7 82.4 83.3 82.1 81.2 82.7 82.4 82.7 83.0 81.5 80.7 78.6 83.4
74.7 72.0 73.2 72.9 72.3 75.7 72.5 71.0 70.8 70.3 72.7 69.3 70.6 70.8 69.6 70.8 69.0 71.0 69.5 71.1 69.2 65.3 64.0 61.6 63.4 65.3 61.6 59.5 60.1 57.9 54.9 55.5 57.2 54.9 51.3 53.8 48.8 48.3 49.1 51.4 53.2 57.1 54.7 59.0 60.6 63.3 64.0 64.5 64.2 65.5 67.1 68.0 69.6 69.9 71.1 71.3 67.4 72.0 70.8 73.3 73.6 75.7 75.1 77.9 77.9 77.8 79.8 79.6 81.7 84.3 82.8 84.5 84.2 83.1 81.1 82.5 81.1 82.4 83.4 83.5 82.8 81.3 78.3 81.6
72.8 71.5 72.0 72.8 73.0 73.8 72.1 72.1 71.7 70.8 70.3 67.3 72.1 72.1 70.4 68.8 69.2 71.4 69.7 71.3 67.1 68.3 62.4 59.0 62.1 61.2 59.1 59.5 58.0 57.3 57.2 56.5 57.2 54.3 50.4 57.4 47.1 49.5 50.2 54.1 54.2 57.7 58.8 60.3 63.3 64.1 66.0 64.6 63.9 66.7 65.5 67.3 69.9 69.6 70.9 70.8 71.3 72.7 72.4 73.5 73.8 76.0 76.5 79.0 79.5 78.8 79.7 79.5 82.9 84.0 82.1 83.3 82.5 81.9 84.1 81.8 83.6 86.1 84.7 84.0 83.1 83.8 80.9 81.5
74.3 72.8 71.9 71.0 71.3 73.2 71.3 69.1 69.5 72.0 72.2 67.1 72.4 69.0 68.9 69.4 70.5 72.4 70.4 68.0 69.9 69.4 63.2 61.3 61.3 61.2 58.1 59.4 57.0 55.7 54.8 56.7 55.4 56.6 52.0 60.8 51.5 50.8 51.8 56.3 54.7 58.7 57.5 61.1 63.7 64.4 64.9 64.3 66.9 65.2 65.0 67.0 70.1 69.4 70.4 70.1 70.1 72.6 73.4 74.3 71.5 77.0 75.8 79.3 82.1 79.5 79.4 81.7 80.9 85.8 83.2 89.2 81.2 81.0 84.7 82.0 80.5 85.9 84.0 86.2 83.1 82.4 82.1 82.0
74.1 72.4 73.1 71.4 71.3 73.0 71.3 72.1 69.9 70.7 71.2 69.1 72.0 69.0 71.3 70.5 72.0 69.3 71.5 70.5 67.8 68.4 64.9 62.7 61.0 59.6 62.1 59.1 57.6 55.1 57.2 56.5 61.7 57.7 51.7 64.2 50.6 51.9 52.9 57.5 58.2 59.2 61.9 61.2 61.6 64.3 64.3 64.1 65.0 65.8 63.6 69.5 69.0 70.1 72.9 71.2 71.4 71.7 75.5 75.5 72.2 77.4 75.9 78.5 80.9 79.2 79.3 82.0 81.1 82.8 80.7 86.1 83.7 82.7 83.6 82.6 83.1 85.8 85.2 87.0 84.1 81.5 82.3 83.2
75.2 72.1 72.0 71.1 72.1 74.6 73.2 72.0 70.9 71.3 67.2 68.0 70.3 69.2 70.9 71.9 69.8 69.8 70.1 71.6 68.0 68.3 63.5 65.6 60.2 57.8 58.9 60.2 57.0 57.1 56.4 57.8 58.8 57.4 55.7 66.6 51.0 53.5 55.1 59.1 60.6 59.5 62.1 62.3 61.7 62.6 64.8 65.7 66.2 65.7 65.3 68.5 68.4 69.0 69.8 71.3 70.6 71.2 73.0 74.9 73.7 76.6 75.3 78.1 79.4 79.2 80.4 79.6 79.2 82.2 83.0 84.1 83.6 84.2 84.0 85.0 84.0 86.2 83.9 85.4 89.5 82.1 84.4 83.7
73.9 72.3 74.5 71.8 72.5 73.0 73.5 71.5 71.1 73.4 71.4 67.8 71.4 69.8 71.5 71.7 70.4 70.6 71.1 75.3 69.4 69.8 67.3 64.7 58.6 60.7 59.9 59.9 58.8 58.9 58.2 59.2 67.7 56.9 59.4 65.4 52.9 56.8 57.7 60.9 62.4 62.4 61.7 64.1 61.9 64.8 62.7 65.6 65.8 65.3 66.5 66.7 67.6 71.9 69.8 72.1 73.0 74.7 75.0 71.3 74.5 77.3 73.8 79.4 78.8 78.6 79.8 80.4 79.5 83.0 83.1 83.7 83.4 86.0 85.5 83.6 83.3 86.5 83.4 85.0 85.2 82.0 83.5 84.7
74.2 74.0 73.4 72.3 72.1 73.7 71.7 72.1 70.6 71.7 72.7 70.9 71.2 71.6 69.7 73.2 74.6 71.2 70.5 73.5 69.3 71.6 65.1 64.5 58.5 61.3 60.3 58.6 59.4 57.3 59.9 58.5 60.0 59.7 62.9 66.6 54.2 57.4 61.2 61.4 60.2 62.7 62.1 63.3 60.7 64.7 66.7 65.2 66.2 65.3 67.0 67.9 69.1 69.0 66.8 73.2 72.1 72.2 73.3 75.0 73.6 76.4 74.6 77.9 78.3 77.6 82.2 81.5 81.1 81.9 83.6 84.5 83.2 85.5 83.9 84.2 82.8 85.7 81.3 87.4 85.4 82.4 81.4 83.6
74.2 73.3 75.6 71.8 71.6 73.6 73.6 72.7 69.3 70.9 70.1 71.0 70.3 71.3 70.3 74.0 71.3 71.9 71.7 73.7 70.1 69.1 65.9 64.5 57.7 60.3 57.1 58.9 57.2 57.5 60.9 58.9 62.2 60.7 66.5 66.6 58.0 61.8 60.9 63.1 63.9 62.7 63.6 64.5 63.0 64.0 63.4 65.2 65.7 64.9 67.4 67.5 69.0 70.6 68.7 76.7 70.5 71.9 72.6 74.8 74.8 75.8 75.9 76.3 76.0 78.2 81.4 82.6 78.6 81.6 82.1 84.2 82.6 84.6 86.0 84.1 83.2 85.5 84.2 84.8 85.3 82.9 84.0 83.4
74.5 70.8 74.0 73.8 71.3 73.4 72.4 70.4 71.9 72.4 72.3 70.9 71.7 71.4 69.0 73.4 72.1 72.4 72.7 72.8 70.2 68.4 67.7 62.1 56.9 59.4 59.7 59.8 58.2 59.3 59.7 60.0 60.9 61.0 68.4 68.6 62.2 63.5 63.7 65.2 66.6 64.1 68.4 67.2 63.6 63.7 65.6 64.8 66.7 66.8 67.8 66.3 65.0 69.4 68.6 72.4 69.1 73.7 72.8 73.4 74.8 76.8 76.4 76.3 78.1 78.6 81.0 82.1 80.2 81.9 85.0 83.5 84.6 85.8 85.4 83.9 84.1 87.4 86.6 85.4 81.7 83.2 84.8 83.4
73.3 73.1 72.4 73.1 70.9 73.3 71.9 73.1 71.7 71.5 72.9 70.7 73.8 74.0 73.6 73.1 70.4 71.4 72.8 71.8 72.6 67.9 67.0 61.1 62.1 61.1 62.5 59.5 61.3 61.8 57.2 60.7 64.3 62.9 68.6 69.5 66.2 69.9 65.4 65.2 62.8 66.4 65.5 63.7 64.6 65.1 61.1 64.9 66.9 66.8 66.9 66.9 73.7 69.4 67.4 71.5 72.8 73.5 73.7 74.9 75.3 77.5 74.0 76.7 76.9 78.7 79.2 81.2 81.2 80.8 82.2 82.8 84.7 85.0 85.0 82.9 86.8 88.4 84.8 85.6 83.8 82.2 82.1 84.1
74.3 71.6 73.0 75.4 72.8 73.5 76.7 73.6 72.3 71.1 74.4 71.3 72.5 72.0 70.4 72.4 72.9 69.6 74.3 73.0 72.7 67.8 72.7 61.6 63.0 63.3 60.3 57.5 62.1 63.6 60.2 63.3 62.6 64.6 67.9 68.8 69.0 70.1 68.1 66.1 67.7 66.5 66.9 64.1 66.9 65.0 65.5 66.6 66.7 66.3 64.9 68.3 67.5 70.1 68.4 70.9 69.1 73.4 74.8 74.3 76.6 77.2 76.5 77.2 85.5 77.8 78.1 81.0 81.1 82.4 81.1 83.9 85.0 85.0 87.2 82.7 84.3 85.0 84.2 85.8 84.1 80.8 83.3 85.0
75.9 72.9 71.4 74.2 76.2 74.5 73.4 74.4 73.9 72.9 71.6 72.5 73.1 72.3 71.6 72.3 76.8 72.6 70.0 71.7 72.1 71.0 70.2 62.5 62.1 63.7 60.6 58.2 66.4 65.3 65.3 65.5 63.1 67.9 67.9 70.8 71.6 70.6 68.9 66.7 66.8 65.3 66.9 62.5 65.9 64.0 66.4 66.2 66.8 65.3 70.1 68.9 70.9 70.3 69.1 70.9 70.5 72.9 72.6 74.3 74.9 75.4 73.2 78.2 76.4 78.2 79.4 79.9 80.3 82.8 81.8 85.0 85.3 84.8 84.5 83.5 84.5 84.5 85.7 85.4 84.4 82.2 84.2 84.5
71.6 73.0 77.0 74.2 75.9 75.9 75.0 75.5 75.0 73.5 74.3 73.6 74.7 72.7 72.3 73.7 74.1 72.0 78.1 71.3 73.8 72.7 68.0 63.8 64.8 64.0 63.4 60.3 67.7 65.7 66.7 67.2 67.7 69.4 68.3 73.4 74.1 70.9 70.1 67.4 67.9 62.8 67.4 64.8 66.5 64.9 66.3 65.2 67.4 66.6 65.6 68.9 70.0 69.7 70.4 70.0 70.7 72.0 74.0 72.2 75.2 76.9 75.7 79.0 77.0 79.6 81.0 79.8 81.8 80.2 83.2 84.1 83.6 84.5 83.7 84.1 81.2 84.4 84.4 85.7 84.7 80.8 81.3 83.6
75.2 74.6 75.8 75.9 75.7 77.1 76.2 76.1 77.8 75.7 76.6 76.5 73.1 76.4 74.2 73.7 75.5 72.9 72.5 71.3 73.5 73.5 65.2 65.2 63.6 64.6 65.3 60.8 67.2 67.0 68.3 65.7 71.4 70.6 69.0 73.4 78.1 71.8 69.1 69.2 68.0 63.7 67.5 66.2 66.0 67.7 65.7 66.9 67.1 66.9 66.7 69.0 69.2 73.9 69.9 70.6 68.1 71.6 73.7 73.0 73.8 77.3 75.2 76.9 76.3 78.8 78.1 79.6 83.6 78.8 82.1 83.0 82.9 84.4 85.4 83.3 80.8 83.7 83.8 84.4 84.7 81.1 81.5 83.2
76.5 76.2 76.9 78.2 77.2 78.3 78.5 78.4 76.6 78.0 78.0 79.5 76.6 77.8 75.7 74.1 73.4 75.3 76.0 73.5 74.3 73.8 64.5 65.2 65.6 67.3 67.9 68.8 69.0 68.0 71.7 70.3 73.9 72.8 65.8 74.1 82.9 72.2 71.3 68.3 67.4 64.4 65.6 67.8 67.5 70.4 66.7 68.1 67.2 66.8 66.7 69.1 69.7 69.0 67.1 70.2 72.8 70.8 73.9 72.1 74.8 76.4 75.5 76.9 74.4 79.9 81.1 78.5 80.8 81.3 85.3 83.1 84.0 84.9 83.2 82.9 86.3 82.9 84.5 84.2 80.0 81.2 81.4 83.5
76.2 77.3 79.3 77.6 76.4 79.2 79.1 78.8 78.2 78.7 80.2 78.9 79.9 79.0 83.3 77.3 76.4 78.2 76.6 75.8 76.2 72.6 65.1 66.4 64.7 68.2 72.2 71.5 69.8 69.6 76.1 73.7 73.9 73.3 66.6 74.7 72.0 70.9 71.1 67.8 70.5 66.9 68.4 70.8 69.8 72.6 67.2 67.1 65.5 68.2 69.4 70.9 68.9 69.8 69.5 69.7 73.9 72.3 72.1 72.4 72.2 77.7 77.2 77.5 75.8 77.5 78.2 77.6 84.1 81.3 81.6 81.9 84.4 85.0 81.1 82.3 83.6 84.5 83.3 82.9 81.7 81.5 79.9 81.5
79.1 77.5 78.0 80.2 80.1 82.9 81.7 80.1 80.3 79.2 80.3 79.7 81.6 80.3 79.0 79.6 79.1 79.0 78.2 76.7 77.2 68.2 63.7 67.3 69.2 70.1 72.7 70.4 68.1 71.5 73.0 75.3 74.5 72.0 66.8 73.0 77.1 69.9 68.4 67.6 68.8 67.7 69.5 72.0 72.7 71.7 70.4 68.8 67.1 68.6 71.2 70.5 68.6 70.8 69.1 70.6 74.4 70.7 73.1 72.7 74.7 77.3 76.7 77.7 77.1 76.4 79.0 78.8 81.9 81.5 82.3 83.2 85.2 83.4 84.5 82.3 81.7 83.1 83.1 84.9 82.9 80.8 81.1 81.3
80.6 79.1 78.9 82.1 81.1 81.1 79.6 79.8 82.2 81.1 82.5 79.8 84.3 81.9 82.2 79.4 79.2 79.5 76.5 79.9 76.9 63.2 66.1 68.0 69.3 71.3 75.2 69.3 68.7 72.1 73.0 76.9 74.6 71.8 66.7 75.5 77.5 69.2 66.9 70.3 69.8 68.3 70.3 70.9 72.2 72.0 71.6 69.5 71.6 68.3 68.0 70.2 70.1 71.7 68.7 72.9 77.6 70.8 72.3 70.9 75.7 79.0 75.6 76.8 76.0 74.9 79.2 78.3 80.6 81.5 80.9 81.8 83.7 82.5 85.6 82.2 86.6 83.0 83.0 83.8 82.3 80.8 82.2 81.1
80.5 80.1 81.4 83.1 81.1 82.7 80.7 83.1 83.5 82.8 82.5 80.3 83.9 82.0 83.0 80.6 79.6 79.5 78.6 79.5 74.8 63.0 68.2 69.9 69.7 73.3 72.8 68.8 72.8 74.8 75.1 77.2 76.1 71.6 63.5 76.3 73.7 69.7 69.0 71.7 70.3 69.7 71.5 71.2 67.9 72.5 72.2 70.7 71.7 70.9 71.2 69.7 70.9 70.0 72.0 71.2 71.8 72.8 70.1 71.0 75.1 76.9 75.3 75.3 79.7 76.6 76.7 80.5 79.8 79.4 80.7 82.0 83.2 82.5 84.1 83.9 83.1 80.3 81.9 82.3 82.8 82.9 79.7 81.0
