morphological_analysis/input_data/surveys/q05_9/matrix_q05_9s3.txt
north:            -537.50
south:           -1267.50
east:             2691.00
west:              -93.00
rows:                 148
cols:                 278
null:              -999.0
[rows 0 to 37 of 148, columns 84 to 167 of 278]
40.7 47.3 60.4 69.4 50.4 50.0 53.3 54.0 41.1 56.0 48.1 52.5 49.3 46.5 49.8 51.6 52.5 51.7 48.2 51.3 47.1 49.9 50.7 54.0 55.4 54.5 53.6 52.4 53.8 52.2 54.0 56.3 54.7 63.1 60.2 61.6 62.6 55.8 60.7 60.8 53.0 51.5 54.9 60.9 58.5 57.5 52.0 52.5 54.7 55.8 51.5 46.5 49.0 54.8 54.5 61.1 57.6 64.0 60.5 60.8 68.2 62.7 57.9 65.4 59.7 57.1 57.7 57.7 61.5 59.6 59.7 66.3 63.5 61.6 61.2 59.0 66.3 59.4 70.0 67.2 69.1 64.3 66.7 67.9
39.4 53.4 66.1 71.8 50.4 50.1 52.9 54.0 40.3 55.8 47.7 52.3 49.2 46.2 50.6 51.4 52.0 52.3 48.3 51.4 47.7 50.3 50.0 54.9 55.2 54.4 53.2 52.4 53.4 52.3 53.2 56.3 54.2 63.1 60.3 61.5 63.0 56.4 60.5 60.7 54.3 51.5 55.8 61.1 57.3 58.2 53.2 52.5 54.5 55.6 51.0 46.5 48.1 55.4 53.5 61.2 57.1 64.1 62.1 61.4 69.1 62.7 57.5 65.1 59.4 57.0 58.6 57.7 61.3 59.8 59.7 67.0 62.4 61.5 61.0 59.2 66.6 59.6 69.6 67.7 68.7 64.4 67.1 68.0
45.9 70.4 107.6 107.4 80.4 52.8 55.1 55.2 43.6 55.2 48.9 54.2 50.4 48.3 52.2 51.1 55.5 53.7 49.7 53.0 55.6 51.3 53.2 56.4 56.2 57.2 56.0 52.7 55.9 56.5 56.8 56.0 56.4 63.6 62.0 62.7 64.5 59.3 59.4 62.3 54.5 52.6 56.1 62.9 61.0 61.0 54.6 54.2 55.8 55.7 50.0 51.1 53.1 56.6 59.4 61.6 59.4 64.4 66.9 63.8 72.9 67.5 59.7 68.2 61.2 58.2 59.7 59.8 64.7 60.5 61.4 70.6 65.8 65.9 63.3 61.9 68.5 60.1 71.5 68.7 70.7 65.6 68.0 66.9
107.4 116.3 120.5 120.2 118.9 85.5 56.1 56.1 46.2 54.4 49.8 54.6 55.0 49.8 55.1 53.1 59.3 55.2 52.0 55.0 58.7 51.8 56.8 57.6 57.9 58.3 56.7 54.7 57.4 58.6 56.6 56.3 56.5 64.5 65.0 62.9 66.5 60.6 61.7 62.7 55.9 54.9 57.5 64.7 64.5 62.5 56.3 55.8 57.7 55.9 59.3 71.3 68.1 89.3 65.5 63.9 59.4 65.3 70.1 66.3 70.9 68.0 61.9 68.9 62.4 59.0 58.2 61.8 66.6 64.0 64.9 72.6 67.6 67.5 66.7 63.5 70.7 64.4 70.3 70.1 71.1 68.3 69.9 70.9
114.6 123.1 120.2 120.7 120.3 115.5 85.3 60.6 48.9 54.9 49.7 53.9 54.9 51.2 54.5 55.2 59.1 56.2 57.2 54.8 60.4 53.5 61.2 58.8 57.3 62.4 57.3 58.6 58.0 60.6 61.5 58.6 57.0 66.0 67.9 65.0 70.0 62.0 61.0 63.5 58.8 57.0 58.0 66.4 66.4 64.7 59.8 57.4 59.5 63.0 97.1 117.6 119.5 115.2 92.9 71.2 61.1 70.3 71.4 69.2 72.8 69.9 61.7 71.4 62.0 59.3 58.9 62.8 70.7 68.6 66.4 74.0 67.9 69.5 67.2 65.8 73.0 66.4 70.0 73.4 72.7 69.7 72.2 73.1
118.7 121.7 121.2 121.0 120.9 119.1 114.3 63.2 50.7 57.3 52.7 57.0 53.8 53.2 55.0 58.9 62.4 57.4 60.7 56.0 57.9 55.3 61.7 61.2 61.5 64.7 56.7 61.5 56.9 63.5 63.6 62.2 59.2 66.5 69.0 66.0 72.1 63.9 60.8 65.3 61.7 60.3 62.0 67.1 67.8 66.4 60.9 60.1 64.6 103.1 120.2 120.7 120.7 119.4 109.8 86.8 60.4 72.3 71.6 71.7 77.3 73.9 64.9 72.2 66.0 59.6 60.2 64.0 71.2 73.0 68.0 76.9 70.1 72.1 70.8 70.1 73.6 68.2 70.7 76.6 74.4 71.7 74.0 74.0
121.2 119.3 120.9 121.3 119.4 120.6 118.8 111.8 91.8 66.6 54.8 63.9 57.0 55.6 59.3 62.7 63.5 63.1 62.6 58.3 56.3 57.5 65.1 64.3 63.6 68.1 60.5 61.4 60.6 66.1 64.8 65.9 61.1 66.4 70.8 68.2 68.3 64.9 60.9 69.4 65.0 62.6 62.6 66.7 68.2 67.6 64.0 64.3 97.4 114.3 122.0 119.8 120.3 119.9 114.2 99.4 70.6 71.2 72.3 74.0 77.5 75.6 69.1 71.1 67.5 60.3 61.8 66.0 72.1 73.7 70.2 77.9 72.2 73.6 74.6 73.9 75.4 70.1 71.8 77.2 78.5 74.9 77.8 74.7
121.8 122.6 120.9 121.2 121.0 122.1 121.9 120.0 114.3 94.8 102.8 75.9 87.0 74.6 75.4 70.8 62.4 73.9 64.6 66.2 60.1 66.9 63.3 73.0 69.8 70.7 67.1 66.0 64.7 68.6 70.4 64.4 62.0 67.8 69.4 69.9 70.7 65.0 65.3 73.5 67.7 69.3 62.4 68.4 67.4 73.0 67.0 86.3 108.2 120.4 122.1 118.4 121.4 120.3 119.4 109.9 83.0 72.9 74.9 76.2 84.4 78.0 69.4 70.6 70.5 64.1 63.5 68.7 73.6 77.1 73.3 77.6 72.5 74.6 77.5 76.3 78.3 74.4 75.1 75.8 80.6 77.1 80.8 77.7
124.1 122.4 122.4 120.1 122.2 121.5 124.4 122.5 121.4 120.0 121.4 118.1 121.1 119.0 84.9 116.8 106.5 113.4 116.2 111.3 115.9 107.1 107.5 100.6 95.3 114.7 102.9 73.3 85.0 84.0 79.4 106.7 64.6 86.0 69.0 85.8 73.5 105.4 65.7 94.6 92.8 101.7 77.1 91.4 94.6 90.5 94.6 105.3 117.0 122.8 122.8 120.7 121.5 120.5 120.9 116.9 96.2 94.1 102.3 87.0 99.7 81.8 92.6 99.0 68.7 73.4 85.4 77.9 76.3 83.8 74.3 88.2 71.7 83.0 78.8 79.3 78.4 79.4 82.6 82.5 83.3 79.6 80.9 79.4
123.2 123.9 121.8 122.2 121.2 121.7 125.4 123.4 124.9 123.3 122.4 122.5 121.2 122.1 121.8 121.9 118.9 121.3 119.5 119.7 118.4 119.3 121.7 116.2 111.4 117.2 119.4 119.1 104.1 120.2 122.3 122.3 121.8 117.4 110.2 116.5 118.9 116.2 119.9 120.3 122.1 117.1 121.9 119.1 112.8 118.0 121.5 119.3 120.4 123.6 122.1 121.5 120.5 120.3 122.5 125.8 118.7 120.3 119.9 117.2 119.2 118.5 120.4 121.8 120.0 116.9 117.0 116.3 114.5 112.8 116.7 110.4 113.5 107.0 112.0 101.0 108.3 98.9 90.8 101.7 104.9 84.3 88.9 82.9
123.7 123.2 122.4 122.1 121.8 121.1 124.8 125.6 124.2 124.2 122.7 123.2 121.9 123.4 122.6 122.0 121.3 122.5 122.9 122.3 122.4 120.6 123.7 121.7 120.4 122.9 122.0 123.9 123.2 124.4 121.0 124.3 122.1 121.7 122.5 122.0 123.6 122.6 122.2 122.0 120.9 121.8 122.5 121.8 121.6 122.0 122.9 121.5 124.0 124.2 121.4 121.2 121.6 120.6 123.3 126.3 126.2 123.3 123.5 120.3 119.6 120.0 119.7 120.6 120.0 121.2 120.5 119.4 118.5 120.3 120.2 119.2 122.9 120.6 119.6 119.7 119.8 120.1 117.8 119.9 118.9 115.6 118.1 114.5
123.5 123.0 123.2 121.5 121.5 121.9 125.4 125.4 125.2 123.5 122.9 123.1 122.6 123.4 123.7 122.9 122.6 122.3 122.6 122.2 123.4 123.1 122.3 121.4 123.3 123.7 122.0 124.5 125.5 124.1 124.5 124.7 123.0 122.5 121.4 122.3 122.6 122.3 121.2 122.2 122.2 123.0 121.9 122.8 123.8 123.0 123.9 123.9 124.8 124.8 121.4 120.8 121.1 121.4 122.4 125.8 126.0 124.8 122.6 120.9 121.9 120.7 120.2 118.8 120.9 121.5 121.2 119.5 119.0 121.3 121.0 120.7 126.5 121.8 120.4 121.8 120.4 120.9 119.3 121.2 118.5 117.1 116.7 116.4
121.8 118.2 121.6 119.5 119.3 118.2 123.2 124.2 123.1 123.7 122.8 123.2 123.5 124.0 121.6 122.4 122.6 122.3 122.3 121.4 122.6 122.5 122.9 121.9 122.6 123.2 122.5 124.8 124.7 123.5 123.7 124.6 123.0 122.3 122.1 121.7 122.3 122.1 122.8 122.0 123.4 123.3 123.0 123.1 122.2 121.9 124.3 124.4 125.7 124.0 121.7 120.3 121.1 120.9 122.1 125.9 126.8 125.3 123.0 120.9 122.2 121.0 121.5 119.0 121.0 121.5 119.9 119.8 120.6 121.4 121.8 121.7 119.2 122.3 121.2 121.7 120.6 119.7 119.6 119.3 118.9 117.4 117.8 117.7
121.3 112.7 120.9 107.8 120.7 111.8 121.6 119.6 121.5 120.5 119.5 119.7 118.8 119.9 119.9 119.5 122.2 118.7 122.4 121.3 123.2 120.7 123.1 121.2 122.0 122.1 121.9 124.0 119.8 124.4 123.1 122.4 123.0 120.3 122.6 119.9 123.3 122.7 124.1 120.0 122.1 122.1 121.9 121.6 123.3 121.5 124.3 124.3 125.2 122.6 121.1 120.1 121.4 121.7 122.0 125.3 124.2 123.9 121.4 118.4 120.9 117.3 119.7 119.2 121.1 120.4 121.4 118.7 120.8 121.1 119.9 121.4 118.6 121.9 120.1 120.3 120.7 119.9 119.9 116.6 118.7 117.3 118.3 116.9
53.7 57.4 56.3 67.2 67.0 62.8 57.2 105.2 84.6 109.3 61.7 101.9 89.5 93.0 119.0 104.7 119.9 79.1 119.9 107.2 119.9 111.3 120.7 118.3 120.6 120.2 121.4 121.4 119.0 119.1 121.9 117.8 122.2 108.5 120.8 115.3 123.6 115.5 121.0 96.4 122.5 115.4 121.1 100.8 123.6 116.5 122.5 121.4 123.1 119.7 121.9 109.5 120.4 115.6 121.6 120.5 122.0 118.2 118.8 111.7 118.7 112.1 119.4 102.7 120.8 84.7 119.9 108.5 115.5 117.8 120.8 119.7 119.8 121.2 119.9 118.0 118.3 117.1 117.6 115.6 119.4 116.6 118.7 115.5
56.8 55.5 58.3 62.2 65.6 60.0 53.3 54.0 52.9 55.2 55.8 62.8 63.7 70.7 65.8 73.7 71.5 73.5 72.1 83.6 83.6 103.1 86.1 102.5 94.8 105.3 111.9 99.0 119.9 100.6 83.1 84.5 91.3 78.0 79.9 78.3 67.8 79.1 66.7 67.9 74.1 71.9 69.2 75.6 73.2 81.0 78.5 89.3 87.2 96.6 77.8 76.0 74.2 88.4 92.5 99.8 73.8 84.2 73.4 74.4 74.5 75.6 78.1 77.8 78.5 75.1 80.2 77.6 71.9 89.5 82.3 110.6 119.3 108.2 118.6 100.7 117.9 108.6 105.1 105.4 76.1 102.4 89.8 107.1
59.5 58.2 56.9 63.6 65.1 62.4 50.0 49.8 48.6 53.0 53.8 60.1 62.5 64.4 67.6 69.4 70.5 73.5 74.8 74.8 74.6 74.9 77.9 78.5 82.3 80.6 77.7 79.8 82.1 79.0 79.4 78.9 76.4 76.2 74.6 71.9 69.9 68.2 65.8 66.7 69.2 68.1 70.0 69.1 68.7 68.3 66.8 69.5 69.5 69.7 71.2 69.9 74.7 72.1 68.0 72.3 69.0 73.1 73.0 72.5 74.7 72.3 74.4 75.9 74.2 75.8 75.9 74.8 73.5 74.2 72.3 74.2 70.4 75.9 66.9 69.4 71.4 68.7 67.7 68.9 65.4 63.9 64.9 63.2
64.2 62.7 59.0 64.0 65.5 60.7 54.2 48.1 49.3 52.3 53.9 58.9 61.4 64.0 67.3 67.2 69.9 72.8 74.8 75.5 77.4 74.6 75.2 73.2 78.0 76.9 76.8 78.1 80.0 78.7 79.1 78.2 78.6 76.4 74.2 74.0 71.4 69.9 68.2 68.3 68.1 67.5 68.1 67.9 68.4 67.2 70.1 66.8 68.7 68.5 69.2 69.9 69.7 69.8 70.2 71.2 72.8 71.7 70.8 71.7 71.3 71.5 71.6 72.5 75.2 74.6 76.0 74.2 74.2 73.3 75.0 72.3 71.5 72.3 70.7 69.4 69.1 68.9 66.2 65.5 67.0 65.1 61.9 63.4
65.5 65.2 61.1 64.4 64.5 61.4 55.6 50.0 51.1 52.7 54.2 58.9 62.1 63.5 65.7 68.6 67.9 71.9 73.2 76.1 75.9 75.4 75.0 74.7 74.9 75.9 76.6 77.5 79.5 79.9 79.5 79.1 78.4 75.4 75.8 73.6 72.2 69.7 70.5 68.5 66.9 67.8 61.4 66.6 71.2 68.0 68.0 67.3 67.1 68.2 68.0 69.8 69.4 68.3 69.0 70.4 70.3 73.1 72.2 72.1 72.5 70.2 70.9 71.0 72.1 72.9 74.1 72.8 73.0 72.2 74.1 71.9 73.2 72.2 70.5 70.2 68.7 70.1 68.1 67.3 68.2 67.4 63.1 63.4
69.4 68.6 66.1 64.2 65.6 60.0 55.1 53.6 49.3 52.9 55.0 59.7 65.5 66.1 67.6 71.5 71.1 71.2 72.4 72.7 76.1 75.4 76.7 76.5 75.6 75.8 75.4 76.7 78.1 78.8 78.4 78.2 79.1 75.9 75.3 73.5 72.5 68.3 72.2 69.8 65.7 67.0 66.4 69.8 68.4 68.2 69.4 68.0 69.4 68.3 69.1 69.6 69.4 69.0 69.3 73.4 71.4 73.3 74.5 71.2 73.2 72.3 71.5 69.2 71.1 70.3 71.8 72.0 72.6 70.8 74.4 71.8 70.4 73.9 68.7 71.4 68.5 69.0 69.0 67.3 71.8 67.5 64.2 64.4
71.8 69.3 65.4 64.6 66.0 59.7 56.6 52.9 51.1 56.1 57.3 61.5 63.8 66.8 67.1 70.8 71.4 70.2 72.7 72.0 74.3 75.3 77.0 77.2 76.2 76.0 75.8 76.4 79.0 78.0 78.4 79.5 79.2 77.1 75.1 73.1 72.3 69.9 71.4 71.0 68.1 69.0 67.6 72.7 69.1 68.3 71.7 70.1 69.0 68.6 70.0 71.9 68.5 71.0 70.6 71.2 71.8 71.4 71.4 71.3 70.0 72.5 72.0 70.0 70.8 71.1 70.6 72.1 71.2 73.3 73.3 73.2 71.2 70.3 70.8 71.9 68.6 69.5 68.8 68.2 66.7 66.4 65.2 64.7
69.6 69.7 63.6 63.8 61.6 59.7 57.6 53.8 54.8 58.5 58.1 63.4 66.0 68.1 67.9 70.4 69.6 70.9 71.3 72.7 73.4 74.1 75.5 76.2 77.4 77.2 75.8 77.0 78.1 77.4 79.3 79.2 78.8 77.4 75.2 71.2 71.1 71.0 72.5 72.4 70.1 72.4 69.2 75.1 71.1 73.5 71.2 71.0 70.2 70.5 71.4 71.0 69.3 71.5 70.8 69.7 71.1 72.1 71.6 72.4 73.9 71.6 71.1 69.3 69.0 71.2 70.7 70.8 72.8 72.3 71.8 74.7 73.6 67.8 70.8 69.8 68.5 70.6 68.3 69.1 70.4 67.4 66.1 65.4
70.1 67.2 65.9 63.9 63.3 59.8 58.9 58.9 56.3 59.1 62.0 67.0 66.2 69.8 65.0 70.1 69.9 71.1 71.6 72.4 74.1 74.7 75.6 76.1 78.4 77.8 75.9 77.7 76.3 75.9 79.0 78.7 80.2 78.2 74.5 71.1 72.3 71.9 72.8 73.4 71.3 74.3 74.7 76.6 74.1 74.3 75.1 72.3 72.7 75.4 72.8 72.2 74.6 74.9 70.8 71.3 71.6 74.1 73.0 71.1 71.5 71.3 72.2 67.7 69.0 70.9 69.6 70.3 71.5 71.9 71.4 73.5 71.7 68.1 70.9 70.7 69.5 70.3 70.8 70.8 67.7 65.8 67.0 66.7
69.3 68.5 67.5 63.1 63.7 59.2 61.3 60.6 61.5 62.7 62.7 67.6 67.3 70.9 70.0 69.1 70.1 70.4 71.8 72.4 72.7 74.5 76.8 76.1 76.7 79.6 75.8 78.2 77.6 77.6 75.9 79.2 79.4 76.9 72.2 71.7 71.6 73.0 73.2 75.4 73.5 76.7 77.0 75.2 75.7 75.8 76.1 73.3 75.3 75.6 75.3 73.2 73.7 75.3 73.3 71.7 71.6 72.0 73.5 71.0 71.4 71.3 71.7 69.8 71.7 69.3 70.4 69.3 68.6 72.2 71.5 75.2 72.4 71.3 72.4 71.2 68.8 70.1 70.7 69.0 66.5 65.2 66.7 66.9
68.3 67.1 68.7 65.1 65.8 58.2 63.3 63.2 64.0 65.0 65.1 68.6 69.9 71.0 72.8 71.6 71.4 71.6 72.7 73.6 75.4 74.4 78.5 77.0 78.5 79.3 78.9 77.5 77.5 78.6 77.7 79.0 77.3 75.4 73.7 72.3 75.3 75.5 75.7 77.5 76.2 78.1 76.1 74.6 79.2 76.6 75.6 73.5 76.0 78.4 77.2 74.1 75.5 75.9 72.7 72.2 72.4 73.5 73.9 71.0 71.7 71.8 71.1 70.0 68.6 68.8 71.2 69.7 68.4 71.5 71.1 72.6 74.0 71.6 70.8 71.1 69.7 70.5 71.1 66.6 70.5 64.9 68.4 67.9
71.6 67.0 71.7 68.3 70.4 61.2 58.7 66.8 69.5 67.2 66.7 70.3 68.7 69.4 73.7 73.0 72.4 72.1 72.7 72.8 76.2 74.8 78.7 77.8 78.2 80.5 78.3 79.7 76.3 79.6 78.7 79.8 75.9 74.3 74.0 74.2 74.4 78.4 76.3 78.1 77.9 79.9 78.5 77.6 78.0 77.0 76.6 75.7 76.9 75.4 75.8 76.0 73.8 76.1 72.5 73.3 72.2 73.3 71.6 69.8 73.5 73.6 70.6 69.5 68.7 70.1 70.7 70.5 70.5 71.0 72.8 71.9 71.9 74.0 71.8 71.0 69.6 70.4 68.4 65.8 65.5 65.0 65.5 67.3
70.2 68.6 76.5 70.9 71.0 62.5 62.0 69.6 68.6 69.9 71.0 71.9 70.5 71.3 72.9 74.1 73.2 72.3 71.9 73.7 73.8 74.3 79.1 78.2 77.4 80.9 77.1 76.6 77.6 78.2 77.1 78.4 78.5 75.3 74.8 75.5 72.3 79.6 77.5 78.9 80.0 80.9 81.2 81.1 78.9 79.0 75.2 75.5 76.1 76.6 75.2 76.8 75.6 76.5 76.2 73.9 73.1 74.6 74.3 71.2 72.0 73.7 69.8 69.2 72.2 70.5 67.0 70.3 69.0 71.1 70.7 73.2 73.4 73.0 71.3 72.3 70.5 71.7 61.9 62.2 62.0 65.9 65.3 67.8
70.2 70.0 77.2 74.5 67.9 64.4 66.8 72.2 73.4 72.8 70.3 72.4 71.7 70.6 71.7 74.4 72.6 73.2 73.0 73.3 75.9 74.6 77.4 77.7 78.7 80.7 77.6 79.1 77.5 78.2 77.2 78.7 76.9 75.6 76.9 74.6 76.3 78.2 78.9 80.1 80.1 81.8 78.7 81.0 78.6 78.6 76.9 76.3 76.9 77.7 75.6 77.5 75.7 76.6 75.5 74.6 74.4 75.2 72.9 72.3 73.6 72.7 71.3 70.6 70.0 70.0 66.6 71.1 68.9 71.5 71.2 74.6 71.7 71.9 72.2 73.1 70.3 68.9 60.8 61.5 62.4 63.3 67.7 67.9
69.6 71.7 78.6 76.0 71.0 66.1 73.0 75.1 72.8 75.8 71.9 73.0 73.0 72.5 73.3 72.1 71.9 74.4 73.9 75.3 73.3 75.2 77.4 77.7 77.2 80.6 77.7 79.6 77.3 78.1 77.9 79.2 78.6 76.6 77.2 77.6 76.4 78.0 79.8 81.5 79.3 81.5 82.1 79.1 77.5 77.9 77.1 75.7 77.9 77.6 78.6 78.4 75.1 77.8 77.6 77.1 75.8 76.4 75.3 73.6 73.5 73.4 73.4 71.6 69.8 70.9 68.5 70.1 68.6 72.2 71.5 72.4 72.6 72.8 72.2 72.5 70.4 66.3 65.3 59.9 64.5 64.8 66.1 67.3
67.9 73.8 80.0 76.3 70.7 67.0 73.0 77.4 73.0 77.4 73.9 74.0 73.9 73.0 73.1 74.4 73.1 73.8 74.1 74.9 75.6 76.4 77.1 77.6 78.9 79.8 75.9 79.0 78.6 79.6 76.3 79.5 76.7 78.2 77.6 77.9 80.7 79.2 79.9 82.2 79.3 82.1 79.9 79.5 78.5 79.0 79.4 78.8 80.8 78.1 81.0 79.4 79.1 78.9 77.6 76.4 75.0 76.7 80.1 74.8 75.7 74.1 72.6 73.6 71.9 72.4 71.5 70.9 68.8 71.2 70.1 71.8 72.9 71.7 71.7 71.9 70.8 66.6 65.4 62.6 62.1 63.3 67.3 67.0
71.3 75.9 81.1 75.3 70.8 69.7 75.1 78.2 74.8 76.0 74.1 73.3 72.7 73.8 72.9 74.2 73.2 73.8 74.2 73.7 75.1 77.6 77.9 76.8 79.6 79.6 78.3 79.8 78.6 81.3 78.7 78.6 79.8 78.3 79.4 78.1 81.4 79.1 82.3 82.4 79.7 81.9 81.5 80.5 77.7 78.5 78.0 78.5 80.2 80.3 81.6 79.8 79.5 79.6 78.0 76.1 75.9 77.1 77.2 76.7 75.7 74.7 74.7 78.4 76.9 74.1 72.4 71.0 71.4 71.4 71.1 72.0 73.2 72.5 73.4 73.6 69.9 66.4 64.5 64.0 63.9 63.5 66.4 67.1
73.2 78.5 80.9 76.2 75.4 71.8 75.4 78.2 76.8 73.8 74.2 74.1 73.8 74.2 75.6 74.9 73.5 74.1 74.4 73.8 75.0 77.2 79.7 78.3 77.0 80.1 79.5 80.3 80.7 80.8 78.5 78.7 78.0 78.6 77.7 77.4 82.2 80.5 82.1 81.9 81.2 81.3 80.7 80.8 78.1 79.0 80.7 78.0 80.1 81.0 80.6 81.0 78.1 80.1 79.7 76.4 80.3 78.6 79.3 77.6 77.0 76.8 76.9 80.7 81.3 79.4 73.9 72.3 72.8 73.0 72.3 73.3 73.2 72.5 71.4 72.5 67.8 66.3 62.4 64.8 65.6 64.4 66.3 66.7
70.8 78.6 80.0 76.2 75.0 74.1 76.7 78.1 75.4 73.6 72.8 73.4 74.5 74.6 73.7 74.6 72.9 73.9 74.3 74.4 76.1 77.2 80.4 77.0 78.0 79.0 78.7 80.4 80.9 80.1 77.4 79.1 77.8 78.3 80.5 79.6 82.5 81.4 80.5 82.1 82.1 80.4 78.8 79.9 79.8 81.0 81.5 79.7 80.6 78.4 80.7 81.5 80.4 79.7 81.2 79.4 76.1 79.2 80.6 78.5 79.8 80.2 77.9 81.7 85.5 78.9 73.6 74.3 70.2 73.0 71.5 72.2 72.9 71.4 71.9 71.7 64.3 65.7 61.5 66.7 66.6 64.5 65.6 67.0
73.7 79.8 78.6 74.9 73.8 74.6 78.6 77.7 77.0 75.6 71.5 71.5 73.6 75.0 76.9 75.3 73.2 74.0 74.4 75.4 74.4 78.1 75.7 77.3 78.9 79.5 76.4 78.8 80.6 79.2 79.3 78.4 78.6 79.4 81.9 80.0 82.6 81.6 82.3 81.9 82.1 82.0 82.6 79.2 77.2 78.7 80.9 80.0 81.1 78.9 86.6 80.9 80.4 79.7 79.0 82.5 78.3 79.7 81.4 79.6 77.4 80.5 83.0 81.4 80.7 80.7 74.5 73.4 65.4 72.7 71.5 73.4 72.6 70.4 73.4 70.1 67.0 65.1 64.3 68.5 68.2 65.7 69.2 68.9
72.7 79.9 79.0 75.7 74.0 76.2 77.7 77.2 78.8 78.4 71.0 70.6 74.5 75.1 75.4 77.1 75.6 73.0 74.3 75.1 76.0 75.3 75.2 77.3 79.0 80.1 81.1 79.2 80.2 81.9 77.4 78.7 79.8 80.8 79.2 80.9 82.2 81.7 82.7 81.1 79.9 82.6 79.3 80.6 80.4 80.0 79.8 79.9 81.3 81.9 83.3 80.7 80.3 79.8 79.7 79.1 77.9 80.3 81.9 78.4 79.7 78.2 82.5 81.9 82.2 80.1 73.9 71.6 69.5 74.3 71.6 73.0 73.0 72.7 70.7 66.9 67.5 64.3 65.3 71.0 70.8 67.4 70.5 71.1
74.3 79.4 78.0 76.5 72.6 76.3 78.4 77.8 77.1 80.9 72.7 72.1 71.5 74.7 76.0 76.2 75.0 74.9 74.8 75.0 76.1 72.8 77.6 78.3 79.1 80.1 79.6 79.3 81.2 79.5 78.0 78.3 79.9 79.5 79.5 81.2 81.6 81.6 81.1 82.4 81.2 81.7 80.2 79.4 80.0 78.7 80.8 79.7 81.1 80.5 77.5 80.9 80.1 79.9 79.5 73.4 74.8 80.1 79.9 78.0 79.9 77.3 78.7 80.4 81.9 77.9 73.1 70.7 75.3 74.0 68.8 72.3 73.6 73.8 71.8 65.4 64.7 64.1 69.8 73.3 74.6 70.9 72.3 73.8
73.4 80.4 78.8 76.4 72.9 76.9 77.7 78.4 77.7 82.7 74.6 73.3 71.5 72.9 77.4 75.9 74.5 75.1 78.1 75.1 76.0 72.7 76.5 77.7 79.3 80.9 79.4 81.5 78.6 79.4 79.3 76.7 78.0 80.0 81.4 81.0 81.1 82.1 82.1 81.7 81.1 81.4 80.0 80.1 79.2 80.0 79.3 79.6 83.4 79.1 76.7 79.6 78.3 79.4 74.1 71.6 73.3 78.5 79.6 78.2 78.8 78.7 79.2 79.1 79.5 77.7 73.8 72.1 76.4 74.3 70.8 71.8 73.8 73.4 70.0 65.5 63.9 70.6 72.8 73.5 75.3 73.0 76.2 78.6
77.3 80.8 78.5 75.9 73.5 77.2 75.0 79.2 77.5 84.3 78.1 74.7 71.3 72.9 75.0 75.9 76.8 75.3 75.7 75.3 75.8 76.1 76.7 78.1 79.1 78.7 80.4 79.7 80.3 79.1 80.0 78.3 78.5 80.8 81.8 79.3 82.9 81.2 80.9 82.3 79.1 81.7 79.9 80.6 80.9 77.0 79.6 80.1 81.6 79.8 79.1 81.3 81.2 77.3 72.9 72.8 76.0 76.8 79.9 78.3 79.0 80.0 80.0 80.1 81.2 75.0 72.7 75.0 75.2 72.7 73.1 68.9 74.1 72.4 65.1 64.0 64.2 70.6 72.4 75.1 77.0 74.2 76.7 78.3
