morphological_analysis/input_data/surveys/q05_9/matrix_q05_9s3.txt
north:            -537.50
south:           -1267.50
east:             2691.00
west:              -93.00
rows:                 148
cols:                 278
null:              -999.0
[rows 0 to 37 of 148, columns 168 to 251 of 278]
68.5 60.5 68.0 68.2 62.5 56.0 59.7 57.5 56.6 53.0 47.4 53.7 55.2 53.8 49.3 51.2 46.2 49.1 57.2 50.3 46.1 50.8 94.8 101.2 103.1 107.0 109.4 63.8 47.4 46.6 49.5 52.6 58.7 58.1 52.9 41.2 55.9 54.6 53.7 54.0 54.3 56.8 56.3 53.4 55.9 53.3 54.4 61.9 64.3 77.4 125.2 123.1 128.8 99.8 76.4 61.6 50.7 53.7 50.8 48.9 51.4 53.4 49.6 58.0 65.6 67.7 68.3 59.0 48.9 45.2 46.7 45.9 42.4 45.0 43.6 49.2 45.0 46.2 52.8 57.0 61.1 74.0 75.3 66.7
67.8 60.8 70.2 68.2 62.0 56.0 59.9 57.6 56.4 53.0 47.0 53.7 54.8 53.8 49.4 51.2 45.3 49.2 58.2 50.3 46.1 51.1 94.8 101.2 102.9 106.6 109.3 64.3 50.6 47.8 50.0 52.7 58.6 58.1 52.8 41.1 56.0 54.6 54.1 54.0 57.6 56.8 55.9 53.2 55.9 53.3 55.8 61.9 64.2 77.4 125.8 121.2 125.0 98.0 73.0 61.7 51.4 53.8 50.7 49.2 50.9 53.2 49.5 59.3 64.7 68.1 67.6 59.1 48.1 45.3 46.5 45.8 42.0 44.9 44.9 49.8 45.0 46.1 51.9 56.9 64.3 74.1 75.4 66.7
70.6 62.0 71.8 71.0 64.2 58.8 58.8 56.1 56.3 56.3 51.0 54.5 57.7 55.6 50.3 53.3 49.8 49.5 53.0 51.7 46.0 51.9 96.3 101.3 104.0 105.7 109.7 64.4 50.0 50.1 51.0 54.6 58.8 59.3 54.9 42.7 58.0 54.7 55.9 54.0 54.5 56.2 55.3 54.7 54.9 54.1 55.3 62.4 69.0 77.6 125.2 114.6 98.1 80.0 74.8 64.9 54.4 52.5 54.9 50.5 53.6 57.4 55.6 63.4 72.5 72.8 71.1 66.3 52.5 47.3 48.3 46.4 42.9 46.5 44.3 51.8 49.0 48.0 54.4 56.9 62.7 71.8 76.6 66.2
70.9 65.2 71.7 73.0 66.1 60.7 60.9 55.4 58.2 57.1 53.8 55.7 59.0 56.7 51.1 55.2 54.0 51.6 53.4 54.5 51.1 50.9 98.1 100.4 103.8 105.7 109.7 67.1 51.5 51.5 50.8 55.3 58.3 58.7 57.4 43.6 59.1 54.7 56.7 54.0 55.1 55.9 54.4 57.3 53.1 54.6 58.9 64.0 69.9 80.9 111.7 91.7 84.0 81.8 78.1 65.4 57.1 54.7 59.4 54.8 56.4 58.8 60.3 70.0 77.5 76.8 75.2 72.1 56.9 49.8 51.8 48.5 43.0 47.6 43.3 50.0 47.4 49.7 54.0 56.4 61.7 71.0 74.9 67.1
75.5 70.4 74.6 75.5 66.8 63.9 63.6 55.1 59.6 59.8 56.5 57.1 59.9 57.8 55.8 63.0 53.5 100.7 57.4 57.7 50.6 51.3 95.6 98.8 104.6 90.7 75.6 68.8 52.3 52.4 52.4 55.6 60.9 61.0 59.9 45.8 62.8 55.4 55.3 54.8 53.6 55.0 56.1 57.9 56.3 61.2 64.2 67.1 68.0 80.7 94.4 92.0 85.6 84.4 80.6 65.9 59.1 58.0 63.2 59.3 58.8 59.4 64.4 77.3 86.5 83.2 83.4 77.1 63.0 51.8 53.8 51.9 45.5 47.9 44.1 49.4 46.8 50.2 51.7 58.6 63.3 70.9 74.1 68.8
74.5 72.1 76.4 80.3 71.0 66.4 63.9 55.6 60.9 64.2 59.8 57.6 60.5 58.9 53.6 86.6 111.5 104.6 79.8 67.1 52.1 48.4 97.5 78.2 65.1 61.1 69.8 68.8 52.4 54.5 53.5 57.8 63.2 63.1 61.7 51.7 62.4 56.5 56.1 59.1 57.8 56.8 59.1 61.5 64.8 65.5 70.0 72.8 70.6 79.8 87.1 91.4 85.4 86.1 83.6 67.6 65.0 66.4 67.6 62.0 63.5 61.1 73.9 84.4 93.1 92.1 88.0 84.4 72.2 56.8 54.4 51.0 44.8 49.4 48.7 50.4 49.1 50.7 52.7 60.5 64.6 72.0 72.3 68.9
77.8 70.1 78.9 82.6 72.5 70.7 66.3 58.8 62.5 64.9 61.8 59.0 61.9 61.3 83.2 111.5 112.8 112.8 105.0 93.2 52.5 49.4 59.0 51.9 56.6 63.1 70.7 70.1 56.0 55.9 55.7 60.1 59.5 64.4 63.2 59.4 58.9 60.7 59.3 63.4 63.7 64.1 64.3 66.4 70.0 70.1 76.7 78.7 78.8 80.6 87.2 90.6 87.2 86.1 82.8 72.8 72.9 71.2 72.0 73.7 66.5 66.5 79.7 94.0 100.9 100.4 97.4 90.1 82.0 64.7 57.3 52.3 46.4 48.9 51.0 56.6 51.8 53.0 51.7 61.2 65.8 71.3 73.0 69.4
80.7 74.0 81.8 83.4 74.0 73.7 67.7 59.4 65.6 67.6 64.0 61.0 61.0 63.5 95.5 113.3 112.0 112.6 111.8 105.5 71.5 50.1 44.8 51.5 57.1 64.8 72.0 70.2 58.8 57.7 57.7 63.2 60.0 67.2 67.1 78.0 69.8 70.5 69.6 71.2 71.3 71.3 69.9 73.2 76.5 77.9 85.9 85.9 86.4 80.0 87.8 91.2 88.0 84.8 83.1 81.5 73.8 76.8 74.6 79.3 74.5 75.7 87.8 101.8 109.9 113.4 109.3 105.3 92.9 72.5 63.8 55.3 48.2 49.5 56.0 58.8 50.5 54.5 55.3 60.1 67.9 72.7 74.6 71.8
80.0 78.2 80.3 85.6 76.1 77.2 73.2 65.5 66.3 73.2 62.5 75.2 61.9 111.9 102.7 114.5 113.3 113.3 111.9 112.5 102.1 62.9 54.4 54.7 57.8 66.0 71.2 70.6 63.2 73.5 67.0 73.5 77.7 82.0 85.0 93.2 87.8 82.1 81.3 85.2 82.0 79.6 81.9 81.1 86.7 85.0 93.9 89.1 94.0 85.6 87.5 92.4 88.0 87.3 84.8 89.0 82.1 97.2 82.9 84.3 83.0 86.9 96.9 110.0 117.8 119.6 121.3 118.1 98.0 79.6 78.8 59.4 52.4 51.7 54.6 56.8 55.5 55.1 56.8 62.3 68.1 74.1 75.5 74.5
80.0 80.0 86.5 111.8 77.4 98.7 92.5 80.0 102.6 113.4 97.1 98.9 103.5 112.2 111.9 116.0 112.7 114.9 113.9 114.4 107.3 96.1 77.2 70.6 58.5 77.0 70.5 77.7 85.7 90.4 85.2 93.8 91.4 96.9 97.4 100.3 96.5 96.7 96.5 96.2 94.1 92.8 83.4 95.1 94.4 98.6 102.0 94.8 102.7 93.1 96.4 96.5 92.6 93.6 92.2 94.6 92.3 103.3 87.5 93.3 91.8 97.9 104.0 115.9 122.1 123.1 124.8 122.9 109.5 88.4 91.6 69.0 58.1 56.1 54.0 57.7 56.3 55.4 59.0 64.7 70.1 72.2 76.3 74.7
116.7 114.7 116.8 114.2 117.8 110.5 116.1 115.8 115.3 111.2 114.7 113.6 114.6 119.2 116.2 115.3 113.2 113.8 113.8 116.0 113.0 109.7 105.3 102.9 100.4 101.2 104.2 103.1 103.8 106.8 102.2 107.9 101.6 106.6 107.8 106.7 106.1 107.8 105.2 106.5 106.6 103.6 96.1 105.6 107.0 108.4 110.7 105.7 107.1 103.1 104.6 104.7 102.2 100.6 101.2 103.0 103.1 112.9 97.1 100.6 104.6 105.9 112.6 120.4 125.3 125.8 126.3 123.5 119.4 99.2 101.2 80.7 71.5 70.2 58.2 60.5 57.9 57.9 58.3 65.0 71.0 70.3 76.5 75.0
118.2 117.9 117.0 118.7 116.1 116.1 116.2 116.8 116.4 115.3 116.2 117.5 116.6 119.4 117.1 114.9 112.5 113.6 112.8 116.6 115.1 114.3 113.5 113.0 113.0 114.4 113.5 112.1 114.3 112.9 115.0 113.9 110.0 112.8 115.1 112.1 114.4 113.6 115.2 114.6 115.4 113.1 113.0 113.1 114.2 114.7 113.9 114.4 113.4 111.6 112.8 111.3 110.8 107.3 109.6 111.5 111.4 116.5 108.3 108.3 112.5 113.4 117.5 124.8 124.7 126.0 126.4 124.5 122.1 107.4 110.8 98.2 90.0 84.1 68.4 67.0 60.8 61.8 57.9 66.1 71.5 68.1 73.1 74.3
118.5 118.4 117.0 117.8 117.4 116.1 117.5 117.3 117.3 115.5 116.7 118.6 117.9 119.7 117.0 115.7 113.8 114.6 113.0 116.1 116.6 116.3 114.5 115.3 115.3 115.6 115.2 114.2 114.0 115.4 115.9 118.0 116.4 116.2 118.8 116.9 118.2 119.8 118.6 119.3 118.4 117.7 118.4 119.0 118.3 118.7 118.7 117.1 116.3 116.9 118.6 117.4 116.0 114.9 115.3 116.4 117.4 117.1 116.5 116.7 116.2 120.9 122.3 126.6 127.4 126.0 127.3 124.5 126.9 119.1 122.3 118.6 112.1 99.6 106.4 74.9 67.7 88.1 69.8 68.2 71.9 73.0 71.3 77.2
120.2 118.9 118.1 117.9 120.0 117.8 119.0 117.3 117.3 115.8 115.4 118.2 119.3 119.8 118.4 113.6 112.6 113.7 114.2 115.7 116.6 116.5 116.2 115.2 115.2 115.7 115.3 114.5 116.3 116.7 115.8 118.1 117.7 113.7 119.5 120.2 119.5 121.8 118.8 120.3 120.7 119.6 120.3 119.6 119.3 119.0 119.7 118.4 116.8 117.9 118.4 116.6 117.9 117.5 115.1 117.4 115.1 119.9 119.2 119.3 120.5 122.2 124.9 126.6 126.1 125.6 127.4 124.5 127.6 125.5 123.5 123.3 122.0 112.2 117.2 113.1 78.5 114.0 114.7 76.3 113.7 115.3 115.5 99.5
118.5 115.6 117.6 112.5 121.3 115.4 117.7 115.4 117.4 115.9 117.5 117.4 117.6 118.4 117.4 112.1 114.6 113.5 111.8 114.4 115.8 116.5 115.0 114.3 113.8 115.4 116.5 114.1 115.9 116.5 115.0 117.8 115.7 115.9 119.1 118.7 117.8 118.7 118.8 120.6 121.7 119.9 121.3 120.4 121.7 119.1 119.2 118.0 118.5 118.2 119.2 117.6 118.8 120.3 116.7 117.4 115.8 119.4 120.8 119.8 123.8 122.4 125.4 125.7 125.3 125.7 126.2 124.0 128.9 129.5 127.3 126.0 126.9 124.7 124.1 123.1 123.9 123.5 123.8 121.9 127.0 119.0 124.3 123.5
118.5 98.1 115.1 90.7 113.8 100.0 118.0 104.3 116.4 106.0 116.9 114.0 116.7 115.4 115.6 92.1 100.6 109.9 111.7 112.4 115.1 112.8 112.2 110.4 113.7 111.6 113.6 110.7 114.0 114.7 117.2 116.3 116.5 118.5 117.6 117.4 118.0 116.8 120.8 119.4 119.9 117.2 120.0 120.2 118.6 119.2 120.3 117.9 119.0 117.3 115.7 117.4 116.9 120.4 116.1 118.8 118.7 118.9 121.4 120.1 123.3 123.4 124.9 124.1 125.1 125.9 126.4 123.2 129.0 129.7 127.6 126.2 127.0 126.5 126.8 127.1 126.6 127.3 126.2 128.7 128.2 126.8 127.1 127.9
62.0 63.3 65.6 59.4 61.4 60.9 79.0 58.1 58.8 80.0 63.1 103.3 104.1 92.0 108.1 57.9 42.9 90.0 44.5 102.3 110.9 100.8 113.8 102.8 106.8 94.2 113.9 103.8 112.7 110.6 113.9 113.9 113.7 115.8 116.7 113.0 114.8 113.6 117.6 116.8 118.7 117.4 120.9 116.6 119.2 115.4 116.8 116.1 116.6 113.4 114.5 113.5 115.8 115.6 115.8 114.1 122.3 117.7 119.1 119.7 122.0 122.9 125.8 126.5 123.4 126.0 126.2 123.4 127.0 128.4 126.8 125.3 127.0 126.1 126.9 126.0 128.5 126.5 125.3 126.9 131.4 127.9 126.7 128.1
62.4 59.6 57.9 55.1 57.0 57.5 60.6 57.1 57.8 58.8 60.3 60.5 55.6 57.4 48.1 44.5 43.1 45.7 48.4 54.5 61.4 57.2 61.9 61.1 60.4 64.3 63.8 80.9 65.9 99.8 106.8 103.3 82.4 83.8 90.1 99.2 108.7 82.8 114.9 109.0 117.6 114.9 113.3 106.6 110.0 103.2 113.6 96.6 115.1 105.7 112.1 108.5 114.7 103.1 118.4 89.8 118.0 106.6 119.8 116.6 119.6 119.3 124.9 124.0 121.2 121.5 122.2 122.2 125.3 128.4 126.6 125.3 127.1 126.1 124.3 126.3 126.9 126.0 126.8 127.3 130.0 127.7 126.3 127.3
61.4 60.2 58.1 53.8 57.6 61.6 57.8 57.2 58.7 58.3 58.6 59.4 53.5 49.4 46.5 40.6 42.8 42.8 46.1 52.8 55.9 56.3 58.0 58.3 58.2 60.0 60.3 60.5 62.2 65.7 63.5 67.6 65.9 73.5 75.9 76.2 75.3 77.6 81.6 96.5 110.1 90.8 106.6 85.3 73.9 71.8 68.1 67.8 71.5 71.2 70.5 70.3 69.5 69.5 69.5 73.8 68.3 85.3 72.3 109.2 99.3 113.9 118.6 117.3 119.6 116.6 120.3 120.0 121.4 124.5 125.2 121.4 125.7 122.4 127.7 120.3 126.0 123.6 125.0 125.5 128.2 126.9 125.9 124.8
63.3 62.2 60.5 56.9 58.4 60.6 57.7 57.3 57.9 57.0 58.2 59.2 52.1 49.9 47.3 41.7 42.0 44.1 47.3 52.6 54.3 57.5 54.6 56.8 59.3 61.8 57.9 58.2 64.5 61.9 62.8 65.4 70.5 68.0 70.4 74.1 74.5 76.6 76.8 79.6 79.8 79.1 74.5 75.6 72.7 71.9 73.1 66.1 67.5 69.7 66.4 66.1 71.7 68.3 68.8 70.3 67.8 72.4 70.9 74.9 80.5 79.9 79.2 104.7 84.4 107.1 114.4 110.3 113.5 108.1 115.4 102.0 118.7 111.9 118.1 104.2 114.7 73.3 118.3 114.7 126.0 122.3 122.9 120.2
65.1 64.6 61.1 59.6 59.3 58.1 56.1 57.1 58.1 57.4 56.3 57.3 50.9 51.8 46.8 44.9 43.5 45.3 49.2 54.8 55.0 59.6 60.2 58.7 57.2 60.1 61.0 57.1 63.5 61.6 62.2 65.6 69.9 68.9 71.0 71.3 73.4 73.4 76.3 76.1 75.6 74.6 75.4 74.4 74.1 74.3 72.7 68.2 69.5 69.8 69.4 68.0 68.8 68.3 72.1 70.4 70.4 71.0 73.7 73.4 78.8 77.0 77.6 81.0 81.3 81.1 79.6 81.3 78.5 74.0 69.4 74.7 80.4 81.5 86.0 81.6 76.1 79.3 84.8 77.3 75.5 105.8 73.4 104.0
68.0 66.1 62.9 61.4 60.1 57.6 57.8 57.8 58.1 56.7 56.7 54.9 52.3 52.1 49.3 48.7 45.4 48.1 51.8 56.3 57.0 60.5 58.3 59.6 60.3 61.1 60.3 56.4 62.5 60.5 61.9 65.5 67.7 69.0 67.4 67.8 70.1 73.2 76.9 75.6 75.6 74.6 75.5 75.9 76.6 76.5 75.4 69.1 69.1 69.6 68.9 69.3 71.6 69.4 71.6 70.6 70.4 72.2 72.8 73.8 73.9 78.5 80.2 80.6 79.8 79.2 81.2 79.0 75.2 75.5 72.2 75.5 80.6 78.8 79.7 76.6 73.1 76.9 75.8 74.1 76.2 73.9 73.6 72.2
66.9 67.4 66.0 61.7 60.8 59.0 58.4 58.0 60.3 55.9 57.7 54.6 54.1 52.6 50.4 51.7 46.5 50.9 53.2 57.1 58.8 60.5 61.5 60.3 60.2 61.9 62.2 61.4 58.3 61.0 63.5 65.6 68.8 67.9 70.4 69.2 71.1 73.8 76.5 77.3 76.9 77.2 77.8 77.9 80.3 76.7 75.0 70.6 70.7 69.8 71.0 69.8 70.7 68.7 70.7 69.8 71.6 71.0 72.0 73.8 76.3 79.5 81.3 81.7 84.0 79.4 81.1 79.4 77.5 75.7 72.0 74.9 80.8 77.3 78.4 77.2 79.0 76.8 74.1 75.8 75.1 74.9 73.0 73.3
67.8 67.1 65.6 66.1 62.1 61.1 59.3 58.3 59.4 58.7 54.8 57.6 54.4 56.0 51.1 52.1 52.7 55.6 53.7 57.7 61.1 61.4 60.5 61.9 58.3 61.2 62.2 63.4 63.2 63.4 63.2 65.5 68.9 68.5 70.8 69.8 68.8 74.5 75.3 79.0 79.0 78.5 78.1 78.7 77.7 75.8 78.2 76.5 75.5 73.6 73.0 71.5 70.1 69.5 70.1 70.0 73.4 70.6 73.9 71.8 71.3 79.0 81.6 82.1 80.5 81.3 80.9 79.9 79.9 76.5 72.5 74.4 79.3 79.0 77.6 76.4 77.1 76.2 74.3 76.3 72.8 74.8 71.2 71.7
65.8 67.6 65.9 66.8 65.3 64.0 59.4 58.5 59.5 59.6 56.7 60.0 55.3 58.5 53.0 55.2 57.4 57.2 55.9 59.1 61.4 61.4 62.2 59.6 59.6 61.1 61.6 61.4 66.1 65.4 60.7 66.7 67.5 67.3 67.7 67.4 68.7 71.4 71.8 74.7 77.7 78.9 78.6 78.1 80.1 72.6 78.0 76.6 73.8 78.6 73.9 72.8 71.1 70.5 69.3 71.9 71.1 71.3 70.7 72.7 74.3 75.9 81.6 82.0 78.8 81.3 83.2 80.6 80.2 78.8 77.0 75.2 77.2 77.1 80.2 77.8 73.9 76.8 76.6 76.6 75.2 74.3 74.4 73.9
68.6 68.6 67.7 67.3 64.6 62.1 59.1 60.4 60.5 60.4 60.9 61.9 57.5 58.3 55.8 58.9 58.5 57.9 59.3 61.0 61.1 62.0 60.6 58.0 58.6 60.4 61.7 62.1 65.4 64.7 62.7 66.6 67.5 67.5 68.9 69.3 70.6 69.3 72.4 74.9 75.8 76.8 79.0 79.8 80.9 73.5 78.6 75.4 73.0 77.8 74.3 72.8 75.7 74.6 72.5 72.0 73.5 74.4 74.4 73.4 73.5 75.2 81.3 82.2 77.6 83.3 84.1 81.4 80.3 80.6 75.5 76.2 77.3 76.1 78.8 78.1 77.7 76.5 76.4 76.9 76.7 77.0 75.4 74.0
69.3 70.1 69.2 68.1 65.0 60.4 59.5 62.2 62.8 61.1 61.8 64.3 58.6 59.9 60.5 64.3 60.7 59.7 62.2 60.6 62.5 60.6 59.8 58.2 57.7 60.4 62.2 61.0 61.8 63.7 63.8 66.8 66.8 67.6 69.7 70.2 67.3 72.3 72.5 73.7 76.5 75.3 78.6 79.6 80.3 77.6 78.2 76.3 73.0 75.3 77.6 72.9 77.1 76.4 73.8 72.5 72.9 74.4 75.2 74.5 73.2 74.6 76.4 83.1 83.8 82.9 80.2 80.1 80.5 82.3 77.7 80.2 76.9 78.8 78.8 77.6 78.7 76.4 78.6 76.7 76.0 76.3 74.1 73.3
66.2 68.7 70.4 68.4 61.3 60.1 60.8 62.6 63.3 61.8 62.8 65.9 63.0 64.8 64.1 67.5 64.4 64.2 64.0 62.9 62.9 62.8 60.7 59.2 57.9 60.0 62.4 60.5 62.1 63.2 65.0 65.2 67.3 68.0 67.4 69.3 69.5 71.4 70.7 73.3 74.9 75.5 78.5 79.3 81.2 80.5 80.0 78.0 74.3 77.4 78.4 74.4 77.0 77.8 73.9 74.1 76.5 73.5 76.0 74.7 74.2 74.1 76.5 81.9 87.1 84.6 85.2 83.2 83.1 82.0 79.4 79.8 78.5 77.9 79.9 77.5 78.1 75.3 79.0 79.0 75.9 72.6 75.5 73.4
64.6 67.7 68.8 68.2 61.5 60.5 60.0 62.3 64.1 63.9 63.6 66.1 62.1 66.8 69.2 70.0 67.8 66.9 65.2 66.3 64.8 62.7 60.2 60.4 60.4 60.9 63.9 60.0 62.9 63.3 62.2 63.3 67.9 67.8 69.3 69.6 69.1 70.2 72.8 73.2 73.0 76.8 77.8 78.6 79.8 79.7 79.7 75.8 76.4 81.3 76.4 76.2 77.4 79.3 76.2 75.0 77.8 76.5 76.0 72.7 74.2 72.7 76.7 81.4 82.4 84.8 83.3 82.0 81.4 81.6 78.0 80.0 79.0 77.7 79.0 77.4 78.2 76.5 74.7 78.3 76.4 73.0 74.2 75.0
68.1 67.6 68.6 65.8 61.0 61.2 61.8 63.7 65.2 64.0 66.2 67.5 65.3 69.9 69.0 70.5 69.6 68.2 67.0 69.1 67.4 63.5 62.1 61.6 59.9 62.0 61.9 61.0 64.8 63.6 65.2 65.4 69.2 67.6 69.8 68.1 70.5 71.4 72.6 72.3 74.5 77.7 77.1 79.0 80.5 79.1 79.0 76.3 75.7 79.6 77.5 77.9 77.3 78.7 75.5 76.0 76.8 77.8 78.4 71.4 74.7 75.3 75.2 77.8 84.2 84.6 81.3 81.1 81.2 82.8 80.6 78.2 76.4 79.2 78.7 76.4 78.6 77.7 75.2 78.7 77.9 74.8 75.6 74.7
71.7 67.4 66.2 64.2 62.1 64.9 65.5 65.2 66.9 64.3 70.0 68.0 67.3 71.4 70.7 72.0 70.9 69.0 68.6 70.6 68.9 65.0 62.1 62.5 60.3 62.7 63.8 61.8 64.4 64.4 64.4 67.0 68.3 68.2 70.6 69.0 70.4 70.7 72.6 72.5 70.9 77.8 77.7 79.0 80.9 77.6 77.5 76.9 78.1 78.9 77.8 77.2 80.6 78.0 76.8 75.2 77.3 78.6 77.5 74.0 74.5 76.9 74.3 76.1 84.5 84.2 85.1 83.0 81.6 82.3 82.0 76.7 76.3 81.0 79.2 76.2 76.3 77.4 79.8 78.4 78.9 80.0 73.4 76.1
68.8 66.5 67.4 64.5 65.5 66.3 68.0 66.1 65.9 63.7 65.5 67.7 68.7 72.7 72.6 74.3 71.4 69.8 70.4 71.0 70.1 65.6 64.0 69.2 62.9 64.3 65.4 65.1 64.5 66.1 64.4 66.7 68.8 68.2 71.1 68.8 71.0 72.0 72.7 72.4 73.4 75.8 75.5 78.1 78.8 79.1 78.8 78.5 78.6 79.9 79.7 80.5 78.8 77.3 77.9 76.1 77.1 79.3 76.6 75.7 74.2 76.1 75.0 74.8 83.9 83.4 84.2 83.7 81.8 82.5 79.8 75.8 77.6 78.7 76.6 77.2 78.5 77.3 80.5 78.7 80.0 77.6 78.6 76.3
66.5 66.3 67.2 65.0 70.2 71.3 69.5 69.1 66.9 64.8 62.0 67.8 70.6 72.5 71.9 74.5 74.4 70.4 71.8 69.3 68.9 65.5 64.4 68.6 64.0 65.0 65.7 67.6 64.7 66.6 65.3 65.4 67.6 69.2 69.3 69.1 72.3 72.2 70.6 73.4 74.8 75.4 76.9 79.5 80.3 77.7 79.3 79.2 78.2 79.3 78.2 78.6 81.2 78.0 76.9 76.6 74.9 78.2 78.8 75.5 73.4 76.5 75.0 71.4 81.0 82.7 83.2 84.0 80.1 82.9 79.2 77.2 76.7 78.3 78.1 78.1 75.8 77.8 80.2 77.8 78.0 75.4 75.8 75.6
65.9 66.9 67.9 67.6 72.0 75.0 71.7 71.1 69.1 63.5 68.7 68.0 70.5 72.4 73.2 74.6 73.8 70.9 71.7 70.6 69.0 65.0 64.5 66.7 63.7 65.4 66.6 70.8 69.1 67.9 67.7 66.8 68.2 69.7 70.9 70.3 70.3 72.1 73.8 73.6 74.6 75.8 79.0 80.6 80.2 79.0 79.3 78.1 79.5 79.5 79.1 77.8 79.8 79.1 76.6 76.9 77.4 77.5 78.9 76.4 76.3 77.9 75.2 73.1 75.5 82.7 83.1 82.5 81.7 82.0 79.4 77.3 76.3 78.7 78.1 79.5 76.9 77.7 77.2 77.9 79.0 75.0 77.6 75.7
67.6 68.7 71.3 73.0 76.6 75.7 76.5 72.7 70.5 64.0 72.6 67.5 69.9 73.8 72.4 74.7 71.8 71.9 70.5 70.3 67.9 66.1 67.9 66.5 64.3 66.5 66.0 70.5 68.3 68.9 68.2 68.7 67.9 69.2 69.8 71.4 70.1 72.6 73.7 73.6 73.6 76.7 77.9 77.6 80.7 80.1 79.2 78.8 78.2 80.0 78.6 79.0 80.6 78.1 77.5 78.5 77.5 78.8 77.5 77.5 77.1 76.4 77.3 75.5 75.1 81.1 80.4 82.4 82.1 82.5 79.3 77.5 78.3 79.0 80.3 80.3 77.4 77.1 76.5 77.8 79.1 75.5 75.7 77.8
69.9 71.3 75.6 74.7 78.4 76.9 76.6 74.0 69.1 65.7 71.7 67.6 70.8 73.6 72.8 75.9 72.8 71.8 69.6 68.5 66.6 68.1 68.3 68.3 69.1 67.2 67.1 69.7 66.5 69.6 70.1 69.7 69.3 69.7 68.0 70.6 71.6 72.3 74.2 73.4 75.0 77.5 77.4 77.8 79.8 79.4 79.5 78.6 79.2 79.4 78.4 79.2 79.8 78.2 78.8 80.1 73.6 78.7 79.4 77.5 76.6 75.9 76.4 78.1 77.7 78.2 83.7 82.0 86.3 80.7 78.2 74.7 76.6 77.4 79.3 79.3 77.8 76.9 77.3 75.9 79.2 77.1 77.8 78.2
69.9 71.9 75.9 76.4 78.0 78.0 77.0 74.6 67.6 62.6 66.5 68.0 70.5 73.2 70.3 75.6 71.6 70.9 69.4 67.4 66.7 69.8 70.0 70.3 70.0 69.0 68.4 69.3 69.6 71.8 71.1 70.8 69.1 70.2 71.0 71.7 73.3 72.1 74.8 73.3 73.1 77.3 80.7 79.6 77.9 77.8 80.0 78.0 80.8 79.0 78.5 79.7 81.7 79.2 76.1 77.4 80.1 77.9 77.3 77.6 77.0 75.8 77.1 76.5 76.1 77.0 82.6 80.9 84.0 81.2 76.5 73.9 77.1 76.4 79.1 79.0 77.2 77.4 75.0 75.8 79.2 78.4 75.1 76.3
70.6 74.4 77.0 76.4 78.4 78.1 78.8 76.1 66.4 60.6 67.7 71.5 71.2 73.1 72.3 75.8 69.4 71.7 70.3 67.4 67.2 69.7 71.0 74.4 70.8 71.4 70.8 70.4 70.3 70.1 71.0 72.3 69.3 70.7 69.4 71.5 70.0 71.2 71.7 73.0 74.1 77.2 78.5 80.1 80.5 80.1 79.9 77.2 83.1 78.6 80.0 80.6 81.9 78.7 77.5 76.6 77.9 78.3 78.9 77.8 77.2 75.4 77.5 75.7 77.0 76.3 80.6 83.2 79.8 81.4 77.4 73.0 76.8 78.5 79.4 78.0 77.6 77.7 78.7 77.3 78.4 76.5 79.0 75.2
