morphological_analysis/input_data/surveys/q05_9/matrix_q05_9s6.txt
north:            -537.50
south:           -1267.50
east:             2691.00
west:              -93.00
rows:                 148
cols:                 278
null:              -999.0
[rows 0 to 37 of 148, columns 0 to 83 of 278]
74.3 67.5 63.5 60.7 56.7 58.0 59.5 61.7 61.6 65.6 66.1 68.7 68.8 70.2 69.6 69.9 66.7 68.4 64.0 62.6 61.4 59.2 60.4 57.3 56.5 52.9 56.3 54.4 52.7 49.9 49.5 49.9 52.0 56.1 65.8 90.4 109.7 -999.0 -999.0 -999.0 112.8 89.1 63.9 48.8 48.5 49.9 47.6 45.2 41.4 43.4 46.5 53.4 50.9 57.7 55.5 49.7 53.7 44.2 46.5 56.6 52.3 54.6 59.6 59.2 57.2 67.5 64.0 60.1 57.7 50.0 55.0 57.9 52.7 48.1 48.2 54.2 54.8 50.0 47.6 49.8 50.4 48.3 46.1 49.3
74.3 66.4 62.2 60.1 55.6 58.9 59.2 62.0 60.8 65.0 66.2 68.7 69.0 70.1 71.2 70.3 65.6 68.4 64.2 62.7 62.1 59.2 60.9 57.7 54.6 53.1 55.5 54.4 52.1 49.9 48.7 50.4 52.1 55.8 66.8 90.1 111.5 -999.0 -999.0 -999.0 115.2 88.6 56.8 48.7 48.3 50.0 47.4 45.1 41.8 44.4 45.6 53.4 50.3 57.8 55.0 49.7 53.2 44.3 47.1 56.5 51.7 54.6 59.6 59.2 58.5 67.3 63.7 60.1 57.9 50.1 54.9 58.0 52.1 48.4 47.8 54.3 55.9 49.8 48.1 49.9 49.2 48.4 45.9 49.2
74.3 81.5 83.4 78.5 71.9 75.7 76.1 76.0 79.9 79.7 81.3 82.2 85.8 83.1 84.0 82.0 83.5 80.7 81.3 72.7 77.5 72.4 71.7 68.3 66.5 62.7 63.2 65.6 62.5 61.0 60.7 61.2 66.1 68.6 93.2 104.8 110.5 -999.0 -999.0 -999.0 113.9 108.3 89.8 63.2 51.5 53.3 49.5 47.6 46.7 47.2 47.1 55.4 55.8 58.8 58.2 53.2 55.6 43.6 48.2 58.1 53.2 55.7 59.6 59.2 58.4 70.5 66.8 62.7 61.7 50.7 57.2 60.0 56.8 50.0 49.6 53.8 55.9 51.7 50.0 52.3 51.4 47.4 47.3 51.9
74.3 82.4 76.7 95.4 94.7 91.3 95.4 91.2 95.2 92.7 97.4 96.0 100.3 94.9 97.8 95.2 96.1 96.0 98.0 92.7 93.0 84.3 90.8 85.2 85.3 83.8 84.5 85.6 83.5 83.5 86.3 81.5 78.2 83.3 105.8 105.6 110.3 -999.0 -999.0 -999.0 113.7 109.2 106.8 86.9 64.9 60.4 54.4 50.9 43.7 49.6 47.4 59.3 55.7 61.2 60.7 55.0 58.0 46.9 49.8 58.1 54.3 57.2 60.7 58.8 62.1 71.2 68.3 64.1 63.9 53.7 58.5 60.4 58.9 51.0 51.8 56.4 57.5 50.8 50.5 57.0 54.1 50.0 47.2 59.4
-999.0 -999.0 83.4 96.2 90.1 91.9 91.8 92.0 92.2 93.5 94.4 97.1 97.6 95.4 95.1 95.7 93.6 96.7 94.9 93.8 89.9 84.9 86.9 102.6 105.5 100.9 105.9 103.3 84.1 103.3 106.7 105.8 104.7 94.8 103.3 -999.0 -999.0 -999.0 -999.0 -999.0 -999.0 -999.0 116.4 101.9 84.5 80.9 78.0 66.7 56.1 54.7 51.1 62.7 58.6 66.7 60.6 55.7 59.7 48.8 49.9 58.5 56.5 56.6 60.6 59.6 61.6 70.6 68.2 64.7 62.3 55.2 58.7 59.8 59.3 54.3 52.9 57.3 57.8 52.4 52.9 58.0 54.8 56.9 85.2 103.2
-999.0 -999.0 -999.0 -999.0 94.7 -999.0 95.5 -999.0 95.2 -999.0 97.5 -999.0 100.4 -999.0 97.8 -999.0 96.1 -999.0 98.1 -999.0 93.0 -999.0 90.8 103.4 101.3 101.6 101.9 104.0 86.9 104.2 102.8 107.1 99.9 95.2 105.8 -999.0 -999.0 -999.0 -999.0 -999.0 -999.0 -999.0 114.5 115.1 103.5 101.5 97.9 93.5 88.7 74.7 79.9 111.0 59.9 70.6 61.3 62.6 58.9 54.2 53.2 60.8 56.0 60.3 64.5 61.9 64.3 71.0 67.5 67.9 64.3 58.6 57.8 61.1 61.4 63.5 55.1 60.1 57.9 56.6 51.8 64.1 61.0 79.1 97.0 110.1
-999.0 -999.0 -999.0 -999.0 -999.0 -999.0 -999.0 -999.0 -999.0 -999.0 -999.0 -999.0 -999.0 -999.0 -999.0 -999.0 -999.0 -999.0 -999.0 -999.0 -999.0 -999.0 -999.0 -999.0 105.5 -999.0 106.0 -999.0 -999.0 -999.0 106.8 -999.0 104.8 -999.0 -999.0 -999.0 -999.0 -999.0 -999.0 -999.0 -999.0 -999.0 116.4 115.9 99.8 113.1 117.4 113.1 115.6 105.5 118.7 94.2 115.2 101.0 103.4 91.6 95.1 72.6 84.8 71.3 80.2 94.2 67.8 68.1 64.2 76.5 69.2 71.7 69.9 70.1 79.3 71.0 69.9 75.8 80.3 82.8 82.8 79.3 88.4 87.6 96.2 101.9 108.6 114.0
-999.0 -999.0 -999.0 -999.0 -999.0 -999.0 -999.0 -999.0 -999.0 -999.0 -999.0 -999.0 -999.0 -999.0 -999.0 -999.0 -999.0 -999.0 -999.0 -999.0 -999.0 -999.0 -999.0 -999.0 -999.0 -999.0 -999.0 -999.0 -999.0 -999.0 -999.0 -999.0 -999.0 -999.0 -999.0 -999.0 -999.0 -999.0 -999.0 -999.0 -999.0 -999.0 -999.0 -999.0 103.5 114.7 112.7 114.0 110.6 107.8 112.6 113.0 104.6 117.4 120.9 118.0 120.8 116.1 121.3 119.0 124.1 117.6 121.6 113.2 109.4 105.0 110.0 97.0 115.9 114.1 119.4 114.1 116.7 116.3 116.0 113.2 115.3 111.1 117.0 112.9 118.6 117.1 118.4 117.4
70.2 -999.0 -999.0 -999.0 -999.0 -999.0 -999.0 -999.0 -999.0 -999.0 -999.0 -999.0 -999.0 -999.0 -999.0 -999.0 -999.0 -999.0 -999.0 -999.0 -999.0 -999.0 -999.0 -999.0 -999.0 -999.0 -999.0 -999.0 -999.0 -999.0 -999.0 -999.0 -999.0 -999.0 -999.0 -999.0 -999.0 -999.0 -999.0 -999.0 -999.0 -999.0 -999.0 -999.0 -999.0 -999.0 117.4 -999.0 115.7 -999.0 119.3 -999.0 115.3 122.0 119.9 119.7 121.1 122.9 124.0 123.0 122.5 124.4 124.0 122.7 121.9 121.1 123.4 123.3 123.9 123.7 121.7 121.6 122.6 122.3 123.0 122.3 122.0 121.5 120.0 122.1 124.5 121.1 123.1 122.2
70.2 70.1 68.2 67.4 71.9 -999.0 87.4 -999.0 67.3 82.9 67.2 89.7 -999.0 -999.0 -999.0 -999.0 -999.0 -999.0 -999.0 -999.0 -999.0 -999.0 -999.0 -999.0 -999.0 -999.0 -999.0 -999.0 -999.0 -999.0 110.3 -999.0 -999.0 -999.0 -999.0 -999.0 -999.0 -999.0 -999.0 -999.0 -999.0 -999.0 -999.0 -999.0 -999.0 -999.0 -999.0 -999.0 -999.0 -999.0 -999.0 -999.0 -999.0 122.0 122.5 -999.0 123.0 123.9 123.5 122.0 123.9 125.5 123.6 123.9 124.7 123.7 122.9 125.9 123.6 124.3 124.2 123.8 123.7 123.8 126.0 125.0 125.8 123.5 124.6 125.6 127.2 123.1 124.4 127.4
70.2 69.6 67.9 67.4 70.7 67.7 82.9 64.8 66.7 80.1 66.3 84.5 59.1 56.9 57.1 57.9 61.1 62.8 -999.0 64.6 70.5 71.1 71.4 75.0 75.9 74.2 75.0 77.5 75.1 73.2 101.1 75.7 76.5 81.5 81.6 109.8 79.2 77.1 78.3 80.3 79.4 104.1 93.6 -999.0 -999.0 -999.0 -999.0 -999.0 -999.0 -999.0 93.9 118.9 103.8 -999.0 -999.0 122.5 122.8 123.4 124.3 122.9 122.8 125.5 125.4 123.9 125.3 123.9 122.6 124.4 124.0 124.0 126.5 124.1 125.1 125.8 125.5 126.1 126.1 123.5 125.3 126.1 124.5 124.2 126.0 126.3
70.1 69.7 68.2 67.4 71.9 67.6 87.4 64.9 67.3 80.1 67.2 84.3 59.2 57.1 57.2 57.9 61.1 62.6 -999.0 64.3 69.5 70.6 71.1 74.8 75.9 74.5 74.8 77.3 75.5 73.5 108.8 75.6 76.4 80.5 81.1 102.7 79.3 77.5 78.8 80.3 79.8 97.6 90.8 79.6 73.7 71.1 68.4 65.5 68.3 69.2 89.2 112.0 97.9 71.7 74.2 115.9 123.0 122.0 123.9 122.5 121.9 124.3 124.7 123.4 123.9 123.9 123.2 123.8 122.8 124.3 124.8 123.8 124.1 124.6 125.7 125.9 126.7 123.8 122.9 125.9 125.5 125.2 124.5 124.2
68.8 67.1 66.9 67.4 66.3 67.6 65.1 64.9 64.4 64.1 62.7 58.7 59.1 57.1 57.1 57.9 61.1 62.6 -999.0 64.3 70.5 70.7 71.4 74.7 75.9 74.5 75.0 77.3 75.1 73.5 73.8 75.7 76.5 80.0 81.6 95.5 79.2 77.7 78.3 80.3 79.4 92.6 93.6 79.5 73.7 71.0 68.4 65.5 67.8 69.1 93.6 113.0 103.8 72.1 74.0 115.7 120.2 89.7 123.4 114.7 120.1 118.4 124.2 119.2 124.9 121.1 121.2 123.3 124.2 120.8 122.7 123.0 124.0 121.8 123.3 123.2 124.7 122.8 123.5 124.4 124.5 123.3 123.5 121.6
69.5 68.8 68.5 66.2 69.1 67.2 67.5 65.3 63.8 63.1 59.8 59.9 59.5 58.6 57.6 57.7 61.2 61.8 63.0 62.9 65.7 68.2 69.9 73.2 76.0 76.2 74.3 76.4 77.3 75.2 76.5 75.5 76.0 75.8 78.9 79.8 79.5 80.2 80.6 80.3 81.3 82.2 80.0 79.5 73.7 71.0 68.4 65.5 68.3 68.7 73.5 75.0 71.8 72.0 74.2 79.2 75.6 81.6 77.4 76.9 73.6 87.2 86.5 113.8 122.6 116.3 119.9 111.2 121.6 117.4 118.7 116.4 120.7 116.9 120.5 121.3 122.4 120.3 121.5 119.1 120.4 114.4 121.4 113.5
68.9 68.9 69.1 67.2 66.0 66.6 66.9 64.4 62.5 64.7 62.1 61.0 59.4 59.5 58.4 57.4 62.3 62.9 63.0 64.6 65.6 68.5 71.5 71.6 75.0 76.1 77.1 77.0 79.4 76.6 79.3 78.0 75.9 75.4 77.4 76.2 78.8 80.3 79.5 81.0 81.2 80.4 80.8 79.0 73.8 70.6 70.7 65.7 65.8 67.6 71.5 72.4 71.8 73.8 73.1 74.2 74.2 76.2 74.1 74.7 76.4 79.9 77.2 78.7 77.4 80.4 77.6 79.8 79.8 80.7 79.8 85.8 79.3 96.9 89.0 112.5 108.0 111.4 107.9 113.2 111.2 92.6 77.1 86.8
69.3 68.4 69.5 68.0 66.1 67.9 66.9 64.6 62.3 62.7 62.4 61.7 59.6 59.8 57.7 59.3 61.2 63.9 63.0 64.5 64.7 68.4 71.0 69.1 73.3 74.9 75.7 78.3 78.0 76.3 77.8 79.4 78.9 76.2 77.7 76.0 78.9 80.0 79.4 82.1 80.3 80.1 81.1 81.0 75.3 70.9 71.0 67.1 69.0 70.3 71.3 72.7 73.1 72.9 72.1 76.5 75.8 76.7 75.9 74.6 73.9 79.7 76.7 78.4 79.0 78.7 78.0 76.9 78.2 80.1 81.4 78.6 81.2 79.5 77.0 80.8 77.6 80.7 110.2 79.6 77.5 79.5 77.4 78.7
65.7 68.0 70.3 66.8 65.7 67.9 66.1 65.9 63.8 63.4 61.1 65.1 59.9 61.7 58.9 59.6 63.2 63.5 62.8 65.1 67.3 68.1 68.8 70.5 73.1 73.8 75.0 77.1 78.4 76.4 78.0 77.6 80.5 80.4 78.5 77.0 79.5 80.9 79.9 82.2 81.2 80.8 79.1 81.9 79.5 74.1 69.4 69.0 69.3 69.3 72.8 71.6 71.5 72.7 68.7 77.1 76.0 76.6 77.0 75.5 74.8 79.5 77.8 78.5 78.5 77.8 77.4 78.7 77.1 79.7 82.2 78.1 80.3 79.8 78.8 79.9 79.6 78.6 77.1 79.3 77.9 77.1 79.0 78.8
66.4 67.7 68.0 67.8 67.4 68.2 66.2 66.6 64.4 63.8 64.2 67.9 61.1 61.8 61.2 59.6 62.0 63.6 64.1 65.6 66.6 67.9 70.6 69.5 70.8 73.2 74.7 75.6 76.2 75.7 78.1 80.1 80.5 81.2 79.6 80.5 77.5 79.1 78.9 82.5 81.9 79.7 81.6 81.7 76.0 72.7 71.2 69.6 71.7 71.7 71.1 70.4 70.1 72.7 73.6 74.0 75.6 76.3 77.0 74.9 76.4 78.8 77.7 78.4 81.2 79.1 78.5 80.1 78.7 79.2 79.6 78.6 76.5 77.0 79.7 79.8 79.3 78.1 79.4 77.4 76.9 77.2 77.3 77.1
68.0 67.3 68.7 67.9 69.3 68.2 67.7 66.6 64.6 65.4 66.9 67.7 63.6 62.0 61.9 60.3 62.4 64.4 64.4 65.6 66.9 70.3 71.0 71.3 72.8 75.3 73.6 76.1 77.1 77.2 78.7 79.8 79.1 81.4 81.0 80.6 79.9 80.0 81.2 81.6 81.1 80.8 80.5 80.7 74.2 75.7 73.0 73.3 72.3 72.5 71.0 73.2 73.4 72.8 73.3 71.7 74.1 76.9 76.4 75.2 76.8 79.2 78.1 77.6 79.1 79.3 78.5 78.7 80.5 80.1 80.5 78.4 79.3 80.3 80.6 78.7 78.9 77.0 79.1 78.5 77.6 77.1 77.7 79.4
67.3 66.7 69.8 68.4 68.3 69.0 68.4 65.7 64.7 65.7 66.6 68.6 64.0 63.2 63.6 62.3 61.8 64.5 64.0 65.9 69.2 70.9 70.0 72.5 73.9 73.9 73.3 75.0 76.0 76.4 78.7 80.2 79.2 79.8 79.5 79.0 80.1 78.9 81.6 79.9 81.2 81.3 83.5 80.8 77.8 76.5 77.2 74.5 75.7 72.1 74.0 75.2 73.7 74.8 73.2 70.2 74.7 75.0 76.9 75.6 78.2 75.9 77.5 78.3 80.1 78.0 79.7 79.7 83.0 79.5 80.0 78.2 80.3 81.0 78.7 77.6 78.7 79.5 78.0 77.8 79.7 77.6 78.0 77.8
66.1 67.9 67.8 68.9 68.6 69.0 67.4 67.2 67.4 67.4 65.9 69.0 67.1 66.4 64.9 63.7 65.3 65.1 68.1 65.6 68.8 70.5 71.3 71.4 71.1 72.7 73.4 75.5 74.6 76.0 77.9 79.3 80.7 79.3 81.3 81.3 80.8 80.4 80.3 82.2 81.1 80.7 84.4 81.7 76.8 78.0 75.8 77.1 74.8 76.1 77.9 74.7 77.2 74.9 76.8 72.8 76.1 75.8 75.7 76.3 78.4 77.5 75.9 79.1 80.2 79.5 80.6 80.0 85.2 80.2 80.3 78.2 79.3 80.6 80.1 79.1 79.9 78.3 79.3 78.8 76.9 77.0 76.2 76.9
68.2 68.8 68.3 68.6 68.8 69.6 68.5 68.4 69.5 67.6 66.9 70.8 69.6 67.4 66.4 65.9 66.2 67.1 67.0 67.4 68.2 71.2 71.7 71.6 74.0 74.5 73.3 75.1 75.4 76.6 79.0 79.2 81.0 81.0 80.7 82.2 80.9 79.9 82.2 81.9 80.5 82.0 79.6 82.1 79.2 77.7 77.7 78.5 78.2 77.5 77.5 78.8 77.1 76.5 77.3 76.4 74.3 76.5 73.8 76.2 78.2 77.4 77.4 77.4 79.1 79.2 78.7 79.8 80.9 80.3 80.6 78.3 80.3 80.2 79.4 79.4 79.7 78.4 78.1 79.5 78.4 76.6 78.3 77.0
68.9 69.4 69.4 70.3 68.4 71.0 70.4 69.2 72.0 66.8 68.5 69.2 70.2 68.2 67.4 68.4 67.7 68.6 64.4 67.4 71.4 70.5 72.0 70.8 73.0 74.3 73.5 75.0 75.5 76.2 79.2 78.6 79.5 80.5 80.7 81.9 81.2 79.0 81.2 83.2 82.5 80.8 81.0 82.4 76.4 79.2 77.9 78.3 77.3 78.1 77.4 78.0 79.0 78.1 75.6 78.6 74.9 76.1 73.6 74.6 75.8 76.7 75.9 78.1 80.2 78.8 79.9 79.6 79.6 81.5 78.9 78.4 81.3 80.9 80.6 79.3 78.9 77.9 77.7 78.1 80.8 76.7 76.3 77.4
69.9 70.2 71.2 71.8 72.8 72.7 74.2 72.7 70.9 67.2 70.4 71.3 72.4 69.9 70.2 70.6 69.7 70.0 66.6 69.4 70.7 71.0 70.8 72.4 70.9 72.6 75.1 75.9 75.6 75.7 78.0 78.9 81.4 80.1 81.1 82.6 81.4 80.4 78.3 82.4 82.5 80.3 82.3 82.0 80.2 78.5 79.6 78.7 75.4 78.0 78.1 79.1 79.0 78.2 76.0 75.4 74.6 75.2 75.9 73.9 76.1 76.7 75.8 77.6 79.9 78.0 79.2 78.9 79.2 82.3 79.6 78.2 79.7 80.4 78.6 79.1 79.6 79.8 79.4 79.5 78.5 76.6 77.1 76.9
74.2 72.0 74.2 74.3 74.3 73.5 76.8 74.0 69.4 68.6 69.3 71.4 73.2 72.8 74.2 73.5 74.6 71.1 71.3 71.5 73.0 72.0 72.5 72.1 76.0 74.5 73.3 75.4 75.0 76.3 77.3 78.4 80.5 80.6 82.7 80.7 81.7 81.4 81.3 81.8 79.4 81.4 81.7 81.6 78.9 79.5 78.8 79.1 77.9 78.6 78.1 78.6 78.6 78.2 76.9 74.1 76.1 76.3 76.1 75.9 74.6 75.5 75.9 76.0 79.3 79.3 80.6 80.1 77.7 80.1 80.6 76.9 79.4 80.0 80.9 79.3 79.7 79.4 80.4 79.1 80.6 78.1 78.2 74.6
78.1 75.2 75.5 75.1 72.7 74.5 73.5 73.5 68.5 70.6 71.1 72.3 73.6 76.0 77.0 75.3 76.8 75.1 73.5 71.6 72.0 73.3 72.9 71.5 75.6 73.9 71.9 76.3 76.3 76.9 77.1 77.7 79.2 81.2 80.3 79.6 81.3 81.6 81.8 81.8 81.7 80.7 84.0 82.2 81.2 80.0 79.4 79.4 78.0 80.3 79.1 80.2 78.7 77.5 76.5 75.2 73.7 75.2 77.1 76.0 76.0 74.7 74.8 75.3 78.2 78.0 78.3 78.5 79.2 79.6 78.7 78.4 77.5 79.0 78.7 79.1 80.6 78.8 78.1 78.7 78.9 78.1 75.5 75.7
78.1 76.4 78.2 76.9 77.1 74.6 76.3 72.9 66.6 71.1 71.0 72.6 76.9 76.4 77.2 76.5 79.0 75.5 78.1 73.4 73.3 74.3 74.6 72.4 74.3 73.5 75.9 75.9 79.8 77.4 75.0 77.1 80.2 81.5 81.4 80.2 82.4 83.2 80.4 81.7 81.8 82.0 87.0 83.8 82.2 79.8 78.2 79.9 79.1 80.2 78.8 80.8 80.9 78.3 77.6 77.9 79.1 77.4 77.7 77.0 76.3 76.0 75.5 76.8 78.2 78.0 78.1 78.8 78.7 80.5 79.6 78.8 80.9 79.4 79.6 77.6 78.8 78.7 79.0 79.1 80.5 77.8 76.6 75.3
80.5 77.2 78.8 79.0 77.2 74.7 74.9 72.1 67.2 70.2 69.0 74.8 78.8 79.1 76.8 77.5 76.0 75.5 75.8 74.1 75.0 74.0 72.2 73.3 74.0 74.1 73.8 75.9 76.5 78.1 77.8 79.6 80.2 79.9 83.7 83.7 83.0 82.8 83.3 81.9 82.1 80.8 82.4 83.0 79.3 80.5 79.5 81.7 79.2 79.7 78.6 81.1 78.6 77.3 78.8 78.9 78.4 76.0 78.2 77.5 77.3 77.1 78.8 77.2 77.6 76.5 75.2 78.3 79.1 79.3 80.9 78.1 80.1 79.4 79.3 78.1 80.0 79.3 77.4 78.8 81.9 77.4 76.7 74.2
78.7 77.9 79.2 77.0 78.0 77.3 72.9 69.8 67.8 71.2 74.1 76.0 76.5 77.7 77.8 77.6 75.1 75.2 73.4 74.2 75.4 74.9 76.7 72.2 74.7 75.5 74.6 75.3 78.0 76.9 77.0 79.0 80.1 80.4 79.8 86.3 82.4 82.1 79.1 82.4 81.0 82.9 82.0 81.9 82.1 80.8 80.2 80.8 79.7 79.9 79.1 82.0 81.7 80.4 79.2 79.6 77.8 78.5 80.2 77.4 77.8 77.7 78.0 78.6 76.9 77.1 79.1 78.0 78.4 79.4 80.0 79.0 79.3 80.9 77.5 77.6 79.7 78.9 76.9 79.4 82.0 77.1 76.0 72.7
80.6 78.1 80.8 76.9 79.0 76.3 73.9 68.0 70.6 74.0 75.3 75.2 77.4 77.8 77.0 79.0 76.7 76.6 75.7 74.8 75.2 75.8 76.2 74.0 76.0 74.1 74.1 76.1 77.4 76.0 75.6 78.5 79.5 79.6 80.6 84.5 82.9 82.1 80.2 81.9 81.9 82.4 80.6 83.2 81.1 82.1 79.9 80.9 81.1 80.6 79.9 82.9 81.7 78.9 79.9 79.0 78.2 79.7 77.2 80.0 81.0 80.0 78.4 79.0 78.1 76.7 80.2 78.4 79.4 79.5 78.8 78.4 80.5 79.2 77.7 76.6 77.2 78.6 78.9 78.5 78.5 76.0 75.0 73.3
79.8 82.5 80.2 77.3 76.3 75.6 72.1 67.8 71.5 74.4 74.0 76.3 79.6 78.8 79.7 79.5 75.7 76.3 77.1 74.7 75.1 76.6 74.1 75.5 76.5 73.6 74.3 75.4 77.8 76.0 76.8 77.1 77.4 80.6 80.1 82.3 81.5 82.4 78.5 80.9 81.8 81.9 79.4 82.6 82.3 81.8 81.4 80.5 81.0 79.2 80.4 82.5 78.3 80.2 81.8 80.5 80.4 80.2 79.8 80.4 79.5 81.3 78.0 80.6 77.0 76.7 78.6 78.3 77.7 79.7 80.4 78.3 81.7 79.3 75.8 77.3 78.2 78.2 78.8 79.5 80.0 75.4 76.3 72.4
78.6 81.6 78.4 77.8 76.2 74.6 69.8 68.6 72.7 76.7 75.9 77.5 81.4 79.6 78.6 78.6 81.0 74.9 76.4 75.7 76.0 75.9 75.7 75.5 74.7 75.0 75.4 75.1 78.1 75.1 76.6 76.6 79.8 79.5 80.1 81.6 81.9 82.4 80.8 82.1 84.9 82.2 83.1 82.6 81.6 81.0 81.8 81.1 80.3 81.8 81.4 81.0 79.5 81.7 81.5 80.9 81.3 80.1 79.1 79.3 80.7 83.6 78.4 80.4 79.7 77.9 78.6 77.3 77.4 79.5 79.4 78.8 78.7 79.2 76.7 78.2 79.5 77.1 78.2 78.4 76.4 74.7 73.0 70.8
79.5 80.6 80.1 78.1 77.0 74.3 68.6 70.0 73.7 76.0 75.2 78.0 78.0 79.4 79.1 77.6 77.5 74.1 77.1 74.8 76.0 76.0 74.2 75.9 75.7 75.9 74.5 76.3 78.0 75.6 77.1 76.8 78.5 78.4 79.6 82.0 83.1 82.6 79.8 80.4 80.9 82.5 82.4 82.8 82.2 80.5 81.1 80.8 82.8 81.8 81.5 82.3 81.7 82.0 82.9 83.0 82.6 79.1 81.8 78.8 82.9 82.3 82.2 79.7 81.8 77.7 78.9 77.4 76.5 79.0 79.8 79.3 80.4 78.4 77.5 77.8 78.4 76.1 78.1 77.6 76.7 73.9 73.4 69.5
82.1 77.1 78.0 80.0 73.9 71.9 67.6 73.8 74.8 77.0 77.7 78.8 79.8 78.3 79.5 72.7 72.0 74.1 76.2 74.5 74.6 74.6 73.4 73.7 75.9 73.8 75.9 76.4 78.5 74.3 76.0 77.6 74.6 78.3 79.1 83.1 80.4 81.8 82.1 80.6 80.6 83.0 81.6 84.1 80.6 81.4 82.8 81.0 81.4 82.2 80.1 81.7 80.0 82.1 82.2 81.8 80.0 83.5 81.3 81.3 81.8 82.4 79.1 81.1 83.7 78.3 78.0 79.5 78.5 79.0 81.1 80.0 82.7 79.3 78.1 77.8 79.3 75.4 76.8 77.9 76.9 72.7 73.4 69.0
78.2 77.2 77.4 76.7 75.0 69.4 68.7 72.9 74.5 77.5 77.3 79.0 81.1 79.4 78.1 70.1 68.6 72.6 72.1 71.1 73.0 72.3 71.5 71.2 72.0 74.7 74.2 76.2 75.4 74.9 75.7 78.2 77.5 78.1 78.7 83.2 82.8 82.2 80.5 81.5 79.9 81.8 83.2 83.0 82.7 82.2 83.1 82.3 81.9 81.6 83.8 81.5 81.5 81.0 80.4 81.2 80.8 83.6 81.0 81.1 81.7 84.5 79.3 80.9 80.6 79.0 81.6 78.7 78.2 80.5 80.4 80.3 81.8 79.7 76.7 78.3 78.3 75.7 74.9 77.2 76.1 74.6 73.6 70.3
78.9 77.7 77.7 75.4 74.3 66.8 69.9 73.1 77.6 77.8 77.3 78.7 80.8 78.7 76.5 70.6 71.4 69.7 69.7 69.6 68.5 70.1 71.4 67.8 72.8 72.8 71.8 73.3 74.7 76.6 75.2 76.4 77.4 77.5 80.2 81.4 80.9 83.1 78.8 81.6 77.5 83.1 83.5 83.2 82.9 81.5 81.1 81.9 82.0 82.3 80.9 81.4 83.0 82.8 82.8 82.0 81.7 82.8 81.9 81.2 82.7 83.3 81.1 81.6 81.0 80.7 80.2 80.0 78.3 79.7 79.4 79.8 81.7 79.6 76.6 76.8 77.6 75.9 77.5 76.6 76.7 75.2 72.5 70.2
78.6 77.9 76.9 71.0 71.3 71.5 71.0 74.7 80.7 78.2 77.9 79.2 79.7 78.4 70.4 70.6 67.7 68.8 69.1 68.7 68.5 70.8 69.4 68.2 70.8 70.1 70.7 72.4 73.5 77.4 75.8 73.9 77.2 77.0 79.5 80.2 81.1 83.3 80.9 81.3 80.0 82.8 81.6 82.4 83.6 82.1 83.2 82.6 81.9 81.1 82.4 81.3 81.9 83.1 85.4 82.1 82.4 83.1 82.7 82.4 79.3 81.4 83.2 81.1 82.0 82.4 79.5 80.1 79.7 80.5 81.4 80.2 80.4 79.9 76.9 75.0 77.7 74.4 76.5 75.2 77.9 74.3 73.5 73.5
76.8 78.2 77.0 73.8 72.4 72.7 73.3 76.7 78.4 76.0 75.9 80.2 81.2 76.1 66.2 69.8 69.1 68.6 68.9 68.7 71.5 71.3 72.7 70.1 70.3 70.3 70.0 71.4 72.9 78.0 74.6 75.2 75.1 77.8 78.8 78.5 82.4 85.6 80.9 80.8 84.5 82.0 83.0 83.2 81.6 84.1 82.7 83.3 78.8 80.5 80.3 81.5 80.7 83.8 86.4 82.6 82.7 83.3 81.9 83.1 82.9 81.6 80.0 81.1 82.3 84.4 81.6 80.2 80.3 80.3 80.3 79.9 79.7 80.2 76.2 77.0 79.1 76.0 74.7 74.9 75.2 73.9 74.7 75.1
