morphological_analysis/input_data/surveys/q05_9/matrix_q05_9s3.txt
north:            -537.50
south:           -1267.50
east:             2691.00
west:              -93.00
rows:                 148
cols:                 278
null:              -999.0
[rows 0 to 37 of 148, columns 0 to 83 of 278]
69.0 61.9 55.4 51.7 49.7 52.3 51.5 52.6 55.2 54.6 55.5 56.6 58.1 58.4 59.6 58.0 58.5 56.9 57.0 54.2 56.7 57.6 59.3 57.3 53.9 52.1 54.9 54.5 55.4 51.8 47.6 53.3 53.9 61.1 77.5 100.8 -999.0 -999.0 -999.0 -999.0 111.9 90.9 67.6 64.3 52.3 48.7 47.1 46.8 45.2 44.6 46.3 53.8 58.2 55.9 58.6 56.9 47.4 50.1 55.8 54.8 57.2 56.0 66.2 64.6 57.7 67.6 61.0 60.5 56.0 55.5 54.0 55.0 58.9 56.1 53.4 53.3 45.4 52.7 52.6 48.9 53.3 52.0 49.7 49.1
64.0 60.9 53.9 52.1 49.3 52.5 50.9 52.3 55.1 54.7 56.0 56.1 58.0 58.7 59.6 58.0 58.9 57.4 56.9 54.3 56.2 58.1 60.3 57.7 54.0 52.0 53.2 54.9 55.1 52.7 48.2 53.3 53.2 60.9 80.9 100.5 -999.0 -999.0 -999.0 -999.0 113.3 90.5 67.4 67.1 51.5 48.9 47.0 48.0 47.3 45.9 47.8 53.7 58.5 55.9 58.2 57.0 50.1 50.1 57.4 54.6 56.5 56.3 65.2 64.5 58.2 67.8 62.1 60.4 56.4 55.2 53.9 54.9 59.1 56.2 53.9 53.3 46.2 53.1 52.6 48.8 53.3 52.1 49.4 49.2
90.9 75.1 72.2 64.3 60.6 65.6 66.7 66.4 69.6 69.8 75.3 73.4 76.5 71.4 79.3 75.4 76.5 74.0 72.6 68.5 72.3 68.8 66.2 63.2 60.4 62.3 65.3 59.1 63.5 64.4 67.5 65.1 67.9 77.0 97.1 112.0 -999.0 -999.0 -999.0 -999.0 112.5 106.5 92.2 66.9 59.7 55.0 48.5 48.8 48.3 49.4 49.1 54.8 60.0 57.8 62.2 57.1 52.1 51.2 57.3 58.3 60.8 57.9 67.6 68.1 56.3 67.7 64.9 61.7 56.8 59.7 51.4 57.4 59.6 57.6 55.3 55.5 48.3 55.6 52.3 50.0 53.7 52.7 50.1 50.2
87.7 75.9 66.6 93.9 94.7 91.1 93.7 88.7 95.7 90.3 95.0 94.3 97.6 89.3 95.9 94.6 96.5 93.8 96.5 91.8 95.3 87.5 92.5 81.3 87.2 83.1 87.5 84.8 88.9 86.8 92.9 88.8 86.9 90.7 112.4 112.6 -999.0 -999.0 -999.0 -999.0 112.4 107.1 106.5 84.1 76.3 72.0 66.1 58.4 53.1 52.2 51.4 56.8 61.6 60.1 63.6 57.6 54.2 52.6 63.6 59.6 62.9 59.8 70.5 71.8 57.5 68.8 64.6 60.9 61.0 61.5 54.6 58.4 62.8 58.5 59.5 58.2 52.3 56.1 55.3 50.3 54.0 53.8 52.2 55.5
91.8 -999.0 72.2 95.5 88.3 92.3 88.6 89.8 90.4 91.2 91.1 95.3 93.2 90.0 92.8 95.5 92.8 94.6 92.7 93.1 91.2 88.2 87.2 82.1 81.8 104.7 83.7 86.0 84.3 87.8 108.2 108.7 107.9 101.8 109.3 -999.0 -999.0 -999.0 -999.0 -999.0 -999.0 -999.0 116.1 101.8 93.9 89.4 88.5 81.7 67.3 61.7 61.3 61.3 61.7 64.2 66.5 61.2 56.7 55.6 64.5 63.0 65.4 62.7 72.5 71.7 62.4 69.5 68.3 61.6 62.1 63.8 57.5 60.2 61.3 59.5 59.5 59.7 53.7 58.1 57.6 53.7 56.4 57.4 87.5 101.9
-999.0 -999.0 -999.0 -999.0 94.8 -999.0 93.8 -999.0 95.7 -999.0 95.0 -999.0 97.6 -999.0 96.0 -999.0 96.6 -999.0 96.9 -999.0 95.5 -999.0 92.5 -999.0 87.2 105.5 87.8 -999.0 89.1 -999.0 105.3 109.5 104.0 102.3 112.4 -999.0 -999.0 -999.0 -999.0 -999.0 -999.0 -999.0 114.1 115.0 110.9 103.3 108.4 102.7 96.8 89.4 95.1 93.3 88.7 74.0 67.5 68.1 57.9 61.6 64.0 70.5 66.2 66.6 71.9 75.1 62.3 70.0 66.5 64.1 64.1 67.5 57.5 61.8 62.4 64.9 60.1 66.8 56.2 71.8 57.3 72.5 57.5 79.4 97.2 112.4
-999.0 -999.0 -999.0 -999.0 -999.0 -999.0 -999.0 -999.0 -999.0 -999.0 -999.0 -999.0 -999.0 -999.0 -999.0 -999.0 -999.0 -999.0 -999.0 -999.0 -999.0 -999.0 -999.0 -999.0 -999.0 -999.0 -999.0 -999.0 -999.0 -999.0 108.2 -999.0 108.0 -999.0 -999.0 -999.0 -999.0 -999.0 -999.0 -999.0 -999.0 -999.0 116.1 115.6 107.8 115.0 104.4 116.8 93.6 90.7 98.3 116.8 118.8 112.1 112.6 104.7 97.9 98.6 106.0 104.5 91.6 74.7 81.0 83.8 64.3 74.5 66.0 73.6 80.6 83.8 95.3 79.7 89.2 81.3 92.3 79.0 89.2 82.7 92.9 96.6 97.2 105.6 108.9 117.6
-999.0 -999.0 -999.0 -999.0 -999.0 -999.0 -999.0 -999.0 -999.0 -999.0 -999.0 -999.0 -999.0 -999.0 -999.0 -999.0 -999.0 -999.0 -999.0 -999.0 -999.0 -999.0 -999.0 -999.0 -999.0 -999.0 -999.0 -999.0 -999.0 -999.0 -999.0 -999.0 -999.0 -999.0 -999.0 -999.0 -999.0 -999.0 -999.0 -999.0 -999.0 -999.0 -999.0 -999.0 111.0 115.6 108.4 117.5 98.3 -999.0 107.9 118.3 112.6 121.8 107.5 120.6 121.3 120.0 122.9 119.7 123.1 120.7 123.2 115.9 115.9 108.6 106.3 112.3 117.6 118.8 120.3 117.1 117.6 115.8 116.5 115.4 117.8 116.4 116.5 114.9 120.9 118.9 119.2 120.7
75.7 -999.0 -999.0 -999.0 -999.0 -999.0 -999.0 -999.0 -999.0 -999.0 -999.0 -999.0 -999.0 -999.0 -999.0 -999.0 -999.0 -999.0 -999.0 -999.0 -999.0 -999.0 -999.0 -999.0 -999.0 -999.0 -999.0 -999.0 -999.0 -999.0 -999.0 -999.0 -999.0 -999.0 -999.0 -999.0 -999.0 -999.0 -999.0 -999.0 -999.0 -999.0 -999.0 -999.0 -999.0 -999.0 -999.0 -999.0 -999.0 -999.0 117.2 -999.0 118.8 122.0 119.6 121.3 121.1 122.6 119.8 122.4 123.6 123.5 124.5 123.9 123.1 123.0 123.7 122.2 122.7 122.3 122.1 122.4 123.3 122.6 124.5 122.4 124.8 123.4 120.6 122.1 123.4 122.6 122.5 122.8
76.2 78.8 74.4 71.8 73.0 78.3 75.2 75.3 73.9 74.7 73.9 74.0 74.7 87.0 76.6 94.1 74.1 86.1 78.6 96.8 77.9 -999.0 100.8 -999.0 -999.0 -999.0 101.6 -999.0 81.9 82.1 79.7 108.5 -999.0 -999.0 -999.0 -999.0 -999.0 -999.0 -999.0 -999.0 -999.0 -999.0 -999.0 -999.0 -999.0 -999.0 -999.0 -999.0 -999.0 -999.0 117.2 -999.0 -999.0 121.7 121.8 121.4 123.0 122.6 121.7 123.3 124.1 124.3 123.5 124.2 123.7 124.0 119.7 123.2 124.8 120.8 125.2 124.0 124.1 124.9 127.8 124.3 126.0 121.2 125.0 124.3 125.6 125.5 125.7 125.4
75.7 78.7 74.7 71.9 72.9 78.1 74.7 75.1 73.9 74.7 73.5 73.5 74.3 85.0 75.3 90.5 73.2 83.8 76.9 93.1 76.9 71.5 95.2 74.9 76.7 79.7 97.1 81.3 81.9 81.9 79.7 104.7 76.5 81.3 80.5 83.6 81.1 82.9 82.5 81.9 83.0 87.8 82.9 113.1 89.8 -999.0 113.4 -999.0 111.1 115.1 110.0 93.8 80.7 121.4 121.9 121.4 122.3 122.4 121.0 123.6 124.7 125.2 123.9 125.3 123.6 124.4 120.0 123.0 123.6 124.3 123.7 124.5 125.0 125.2 124.9 124.7 125.5 121.5 123.8 124.9 125.0 125.8 125.4 124.8
78.0 78.7 74.4 72.0 73.0 78.1 75.2 75.1 73.9 74.6 73.9 73.6 74.7 84.6 76.6 91.1 74.1 83.7 78.6 93.1 77.9 71.2 100.7 74.3 75.9 79.0 101.6 80.8 81.9 82.0 79.7 102.2 77.2 81.3 80.4 83.0 81.1 82.9 82.8 82.0 82.7 86.8 82.2 108.3 87.3 77.5 106.3 77.8 104.4 109.5 85.7 91.3 80.0 120.7 113.5 116.4 121.6 119.7 122.5 120.2 123.6 124.1 124.8 124.2 123.3 124.1 126.3 121.8 123.6 127.4 123.3 123.6 125.3 124.5 124.0 124.6 126.9 125.0 124.2 124.6 124.3 125.3 126.2 125.3
75.8 78.2 75.7 72.8 72.7 76.9 72.7 74.0 74.0 73.9 72.1 70.9 73.0 73.0 70.4 70.7 69.6 71.1 70.2 72.4 72.9 71.1 75.0 74.4 76.7 79.1 78.7 80.9 82.1 81.1 79.8 79.9 76.5 81.3 80.5 83.0 81.1 82.9 82.5 82.0 83.0 86.8 82.9 107.3 89.8 77.5 113.3 78.0 111.0 110.4 79.6 91.4 80.7 89.3 122.2 113.6 122.6 117.3 119.4 113.6 123.0 113.7 117.6 120.6 120.3 121.8 124.5 121.9 122.0 122.5 122.7 121.3 123.6 122.3 121.8 122.7 125.9 124.6 124.1 123.7 124.1 123.6 122.0 121.2
77.5 78.4 76.5 74.9 74.3 75.5 73.3 74.1 72.9 70.8 72.2 70.6 71.6 70.1 69.6 70.6 69.8 69.2 72.1 72.0 72.3 69.4 74.1 72.1 72.9 75.4 76.8 78.2 77.9 81.0 82.9 80.9 80.2 81.3 80.0 79.6 81.3 82.9 83.7 82.8 81.5 81.1 80.0 81.6 77.2 77.5 78.6 77.9 79.0 79.9 76.5 77.6 77.7 78.3 69.2 70.0 73.6 72.3 71.4 71.3 79.5 70.2 59.4 105.9 120.8 116.5 123.7 116.6 108.6 104.4 119.0 94.6 120.8 118.5 120.8 119.3 122.7 118.3 120.9 119.6 120.8 112.7 108.4 112.0
78.5 77.0 74.8 75.1 72.9 71.5 70.5 73.1 73.6 71.1 72.2 72.2 73.1 71.0 70.2 70.9 70.0 69.6 72.2 72.5 72.0 70.1 72.2 74.0 72.8 73.3 74.9 76.4 77.1 79.1 81.4 80.7 78.4 81.5 80.8 80.0 82.8 82.4 84.4 82.8 82.6 80.9 81.5 80.0 78.8 77.1 79.8 78.6 78.5 77.8 77.2 77.7 75.5 76.8 71.6 68.1 66.6 70.7 73.2 70.2 66.0 60.8 56.4 67.6 61.6 71.1 69.2 72.7 73.7 69.3 63.3 66.4 74.9 67.7 70.9 107.2 75.0 94.2 109.0 108.7 60.9 65.8 66.1 67.7
77.0 77.7 74.9 73.5 71.8 71.5 72.3 73.3 72.7 71.9 72.1 72.0 71.8 70.5 70.5 70.3 71.1 70.1 70.6 74.8 73.8 73.5 72.4 74.0 73.4 74.2 73.1 75.4 77.9 76.8 80.4 82.4 80.6 81.8 81.1 83.6 81.3 81.7 83.8 82.0 83.2 82.5 79.2 80.3 76.6 76.5 76.6 76.7 76.3 77.4 77.4 79.0 74.8 75.1 72.0 68.5 69.1 72.0 72.0 70.3 64.2 64.0 60.5 62.6 63.9 68.4 71.1 72.7 73.0 69.0 66.0 65.4 65.8 66.1 68.2 72.4 69.6 64.4 60.9 61.2 59.4 58.3 61.1 61.6
76.3 76.2 73.0 71.5 71.8 72.3 72.5 73.4 71.9 72.5 72.2 73.5 71.0 69.5 71.9 70.8 70.5 70.5 71.6 72.3 71.4 73.6 73.3 73.4 74.1 74.5 75.6 75.0 75.8 77.0 77.3 80.0 82.7 81.7 83.3 85.4 82.7 83.4 83.8 83.5 84.3 81.3 81.9 80.9 78.3 76.1 77.1 76.9 77.6 77.7 78.1 78.5 77.0 72.6 73.6 70.8 71.3 72.1 74.1 68.7 69.1 67.1 62.9 65.5 66.1 68.9 71.2 73.5 75.2 67.9 64.2 63.9 67.9 65.8 68.6 70.1 69.9 61.7 61.4 61.1 60.1 61.1 56.2 65.1
76.3 76.2 73.9 76.0 73.2 72.9 71.9 73.2 70.5 72.8 73.6 73.8 71.3 69.3 71.5 69.5 70.8 70.1 73.2 71.4 71.6 71.8 73.2 73.4 76.3 74.0 76.2 77.5 76.0 76.9 76.5 78.9 85.9 83.8 83.1 83.5 83.6 83.0 83.7 84.0 83.2 81.3 85.0 79.2 78.1 75.3 77.6 77.7 76.5 77.0 76.4 77.3 74.1 75.7 73.6 72.6 71.9 73.8 74.0 69.7 64.5 70.1 67.2 67.9 69.1 72.5 72.5 73.4 75.6 68.2 64.7 65.7 66.9 67.4 68.6 69.0 69.7 60.3 62.3 62.5 60.3 60.9 59.6 65.9
74.5 75.0 75.5 75.3 72.8 73.7 73.0 72.0 73.0 74.3 72.9 72.6 70.2 70.1 70.5 69.8 70.5 71.4 72.2 71.8 73.9 71.7 73.1 74.4 73.7 73.6 74.3 76.9 76.7 75.6 78.5 78.7 79.4 84.6 80.7 82.4 81.3 83.3 82.3 83.7 83.8 81.1 84.6 76.6 76.7 75.3 74.5 78.1 77.7 77.2 77.2 79.2 77.2 77.6 75.3 74.0 72.8 73.3 71.2 68.1 69.0 70.0 65.8 69.4 71.2 74.4 74.1 74.8 74.4 69.5 65.1 67.3 67.3 68.0 70.0 69.6 66.2 62.8 63.8 64.7 61.7 61.1 64.9 66.2
72.3 75.3 74.0 74.3 74.6 77.4 73.8 72.8 72.9 73.3 73.1 71.7 74.8 71.0 71.0 70.3 70.4 71.6 73.0 70.7 72.7 73.9 74.0 73.5 73.0 76.3 75.8 76.2 72.7 76.2 78.5 78.0 75.4 81.4 81.7 84.9 84.4 84.4 85.0 83.8 83.5 81.7 80.3 78.0 77.6 75.6 76.4 77.9 76.1 77.8 78.4 78.8 78.9 80.3 74.2 73.8 75.1 72.2 72.1 69.0 70.1 69.7 66.3 70.1 71.6 73.4 76.2 75.6 75.1 67.5 67.4 68.0 71.3 69.3 70.2 69.0 65.2 65.2 66.3 64.7 62.4 62.7 64.1 65.7
73.9 74.0 74.1 74.2 73.1 73.0 71.7 72.8 74.6 73.5 73.7 72.8 75.0 72.4 71.0 72.4 73.5 72.4 73.2 71.7 72.7 72.4 74.9 73.0 75.4 75.0 76.2 76.9 75.5 76.5 75.2 78.2 75.4 78.8 84.2 85.8 83.9 84.0 85.5 83.9 84.4 81.9 77.0 78.0 77.8 75.7 77.7 78.3 78.0 77.9 75.9 78.6 78.9 79.2 78.0 74.3 74.3 72.5 72.8 69.4 70.3 70.7 70.3 72.3 71.6 72.1 73.4 75.0 74.9 68.7 69.9 70.3 73.5 70.6 69.4 68.0 66.9 65.3 65.6 67.9 64.9 65.4 64.6 67.8
73.2 73.1 72.8 74.1 73.0 69.3 74.6 74.7 74.7 75.1 75.4 74.8 73.3 73.7 73.5 74.0 73.9 74.7 73.8 74.2 73.3 73.0 76.8 74.8 75.3 74.4 73.2 76.0 76.5 76.8 75.0 77.8 79.4 77.4 78.6 84.5 81.2 83.7 85.3 84.8 83.8 82.2 78.2 80.0 80.0 76.5 77.5 79.3 76.7 76.6 78.7 77.5 80.1 78.8 80.5 76.4 76.0 74.0 70.5 69.9 74.7 70.4 71.8 72.7 71.0 73.9 74.5 73.9 72.7 69.1 68.1 70.8 72.9 72.6 71.5 68.3 67.6 66.3 66.3 66.0 67.0 67.9 65.7 68.9
70.8 71.4 72.1 74.2 75.1 72.9 75.1 76.3 76.8 75.7 77.7 75.1 72.4 75.0 75.3 75.7 76.6 76.9 75.8 73.4 75.8 75.3 76.1 75.2 74.8 73.4 75.1 76.0 74.7 76.3 77.2 75.8 79.9 76.6 79.6 84.1 84.6 83.4 85.3 82.8 83.5 83.2 80.9 80.9 81.1 78.9 80.1 79.5 80.8 79.6 79.0 78.5 78.9 79.1 80.7 77.3 75.6 74.3 71.1 73.5 74.6 69.5 73.0 73.3 70.5 73.7 72.6 73.3 71.6 69.5 69.3 69.9 69.1 71.0 68.9 68.9 67.9 67.6 70.8 70.6 70.7 72.9 69.7 68.5
72.3 72.6 72.0 73.6 72.5 75.9 75.6 77.3 76.1 75.9 74.8 75.9 78.3 75.6 76.3 76.0 77.5 77.6 75.7 72.9 77.6 74.3 73.6 74.5 74.5 75.7 75.4 74.4 72.9 75.9 77.0 75.1 75.0 76.1 80.6 83.5 84.0 84.6 85.7 83.8 83.5 82.8 81.9 81.4 79.2 79.5 81.0 80.9 78.9 79.7 76.4 78.8 80.5 80.9 80.3 76.7 76.0 75.6 72.3 73.7 75.6 70.2 73.6 71.5 71.1 72.3 72.7 71.9 67.2 70.9 70.1 69.8 68.3 68.7 67.0 69.3 66.8 71.5 72.8 75.1 73.6 74.7 72.9 66.7
72.5 72.3 75.7 75.7 77.1 75.1 76.2 76.5 75.1 76.5 74.1 77.1 81.0 78.2 78.7 75.4 76.5 77.3 77.3 75.6 76.3 75.0 76.1 73.9 74.3 75.1 74.6 75.3 75.5 77.2 77.0 75.8 75.4 75.7 79.1 81.3 83.7 84.4 83.8 84.2 85.1 82.0 82.1 82.3 81.8 82.3 80.9 81.3 82.3 79.5 77.4 78.7 79.9 81.1 80.6 77.2 78.4 76.2 71.0 73.7 73.8 69.8 74.1 70.8 68.3 72.1 72.3 71.1 64.1 68.6 68.7 67.6 70.2 67.7 67.3 67.7 68.9 72.2 76.4 76.0 76.9 76.4 75.0 64.6
73.8 75.3 76.2 77.1 77.3 75.8 77.5 75.9 77.2 76.6 79.1 76.1 78.6 79.4 76.3 77.1 77.5 75.8 78.7 75.9 76.8 76.2 76.4 75.5 74.2 75.1 75.0 76.4 74.4 75.3 76.0 76.7 76.6 75.2 79.2 79.3 83.3 84.0 83.7 84.3 83.1 82.7 83.9 83.5 82.1 82.9 81.4 81.2 83.4 81.4 76.0 79.3 79.8 80.3 78.3 77.1 75.9 76.7 72.5 74.1 72.7 72.0 73.7 71.6 67.4 71.8 72.2 71.3 65.0 66.7 68.5 65.7 68.7 66.9 67.1 68.9 72.4 74.5 78.1 79.3 79.9 78.2 77.2 66.6
79.1 78.3 79.1 79.7 78.2 77.3 77.7 79.0 77.4 77.0 80.6 78.6 76.5 78.4 79.6 78.0 75.8 76.1 79.0 76.7 78.7 76.5 77.7 76.3 75.7 76.1 75.7 75.9 75.9 76.0 76.2 76.6 76.0 75.2 78.8 77.6 79.3 84.3 84.1 82.6 85.1 84.0 84.8 85.5 82.4 82.6 82.1 81.8 81.7 82.2 74.6 79.4 78.7 79.6 79.9 77.5 77.9 76.8 70.7 75.4 74.1 73.4 73.2 72.6 67.4 70.5 70.7 69.7 62.3 67.6 66.5 64.3 66.4 66.3 65.5 69.5 71.3 77.6 82.2 81.2 80.7 81.5 75.5 69.2
79.0 80.0 80.0 78.7 80.3 79.3 78.3 78.2 76.9 77.2 78.6 78.8 76.3 78.4 80.0 78.5 77.7 78.5 79.0 76.1 76.3 77.8 78.0 77.8 77.4 77.2 74.7 76.6 75.0 75.6 74.9 76.7 75.3 74.3 75.0 76.8 78.7 85.0 83.3 83.6 84.6 83.1 83.4 82.4 85.1 84.1 82.8 82.3 83.5 82.6 73.9 79.0 78.5 81.0 79.5 76.9 80.2 76.4 72.1 75.5 74.0 74.5 75.7 74.4 70.9 66.7 70.9 69.4 63.8 66.8 65.3 64.9 67.8 65.4 67.0 70.5 74.5 79.1 82.3 83.7 81.8 80.9 77.6 69.4
80.0 81.5 78.7 80.0 79.7 79.5 77.0 75.0 74.7 78.3 76.2 76.9 77.2 78.2 80.7 80.8 79.0 79.4 78.5 77.1 78.7 78.6 78.0 77.4 76.6 77.3 78.2 76.3 75.1 75.4 76.9 76.5 76.4 75.0 73.3 75.4 76.2 83.9 84.3 83.1 83.1 84.8 83.9 82.0 85.7 84.1 83.1 82.7 84.1 82.3 74.4 77.9 77.6 79.8 79.0 77.8 77.8 75.6 73.5 76.0 72.3 76.4 79.0 76.1 70.5 67.5 67.4 67.4 65.2 64.3 64.3 63.9 65.1 66.9 67.1 70.6 77.7 81.0 82.3 83.1 81.7 79.9 74.5 67.1
79.4 81.2 79.0 82.2 78.9 80.4 76.2 74.5 76.7 77.3 76.7 77.8 77.8 78.9 76.8 80.3 78.6 78.3 79.2 77.9 77.8 79.3 79.3 79.0 78.1 77.4 77.8 77.3 75.7 75.7 75.0 75.5 76.5 72.7 72.0 75.3 73.5 80.4 81.7 83.2 83.1 84.9 84.5 84.6 87.8 83.0 83.7 83.4 82.9 81.8 73.8 77.2 80.2 79.6 79.4 77.6 79.5 75.2 72.7 76.8 71.3 77.5 78.2 78.0 68.3 68.3 68.2 67.4 66.6 65.5 63.3 63.2 63.2 64.6 70.6 71.6 80.7 81.8 82.0 83.0 81.8 80.8 75.3 67.4
78.4 79.1 79.9 82.4 81.8 78.1 76.9 75.5 81.8 79.5 78.0 78.6 79.0 79.3 75.9 79.4 77.0 76.6 79.4 77.8 79.3 78.4 78.4 77.9 79.5 79.3 77.6 76.4 75.2 76.4 74.2 75.0 74.7 73.3 73.1 75.5 73.9 77.0 84.3 82.6 84.2 85.0 86.9 86.8 86.9 82.1 85.6 85.6 82.2 81.0 74.4 77.3 75.7 79.0 78.9 77.3 80.2 74.5 73.6 77.3 73.8 78.1 77.0 78.8 73.7 69.6 68.6 66.8 66.7 65.7 64.0 62.9 64.1 65.5 71.4 73.6 83.7 81.1 83.1 84.1 84.5 80.6 76.0 72.0
78.6 78.8 77.8 83.5 79.6 75.3 77.0 75.6 80.2 79.2 78.2 79.2 79.6 81.8 78.3 79.5 80.4 79.3 78.2 78.5 80.5 78.1 77.7 76.8 77.2 78.7 77.4 78.1 77.2 76.8 76.3 75.7 75.9 78.0 76.2 75.5 74.0 76.3 81.0 83.5 82.9 85.6 83.0 84.6 83.3 83.3 84.1 85.5 82.0 78.3 75.1 77.8 75.6 79.0 79.0 78.8 80.7 74.2 76.5 76.7 77.2 77.7 80.7 78.7 78.2 73.2 69.4 66.2 65.2 66.6 67.1 64.3 65.6 67.6 71.3 74.3 80.4 82.4 82.2 82.8 83.0 80.4 72.6 72.1
76.7 79.9 80.6 83.8 79.7 77.1 76.4 75.6 76.4 79.5 75.8 79.5 78.2 80.9 82.7 79.6 84.7 79.8 79.9 78.8 79.0 79.5 79.1 78.8 79.3 78.6 78.6 78.1 76.2 76.7 76.3 75.4 74.3 76.5 75.1 75.6 74.5 74.5 78.4 84.5 84.7 85.2 85.6 83.7 83.6 82.9 81.8 84.0 82.6 78.5 74.3 76.1 79.4 80.0 80.6 79.7 80.6 73.0 75.2 77.0 70.4 80.5 80.3 80.0 79.2 78.9 72.5 67.5 63.5 68.4 68.4 65.9 65.4 68.9 73.9 74.5 80.3 83.0 81.3 83.2 81.2 81.4 71.4 68.6
77.3 79.3 80.8 81.3 78.0 77.5 80.6 77.0 76.0 78.0 78.5 80.0 79.7 80.5 81.6 80.7 85.7 81.9 82.5 78.3 80.0 78.9 79.7 79.9 79.2 78.7 78.3 78.2 76.9 76.6 75.0 75.8 75.8 76.2 72.5 75.4 73.1 73.3 76.3 83.0 84.5 84.9 85.2 83.3 87.0 82.6 83.0 83.6 84.1 77.7 75.9 78.6 80.0 80.1 79.4 78.7 80.8 73.8 77.0 77.5 69.6 79.1 79.5 80.9 83.3 80.3 73.9 71.3 69.7 71.7 69.2 66.7 66.9 71.5 74.1 74.2 82.8 83.4 83.1 80.6 80.8 81.7 69.2 69.1
77.2 78.5 79.6 79.9 78.0 79.6 83.4 80.7 81.1 79.1 80.5 81.5 81.7 79.4 80.4 80.4 79.9 82.2 81.9 81.1 81.9 79.1 80.6 80.7 78.1 80.6 78.9 79.3 77.7 78.7 77.7 76.5 75.0 74.2 72.2 74.7 72.6 74.2 74.3 80.7 82.4 84.2 83.6 84.9 83.2 83.3 84.7 83.2 81.4 76.0 77.2 81.8 80.1 80.4 81.0 80.3 81.6 74.9 76.9 78.2 72.3 79.3 78.1 80.1 81.0 81.9 76.2 75.8 73.4 75.0 71.1 68.7 69.3 72.8 75.8 70.1 84.3 81.8 84.4 80.7 82.2 81.6 67.4 69.6
79.7 80.3 80.6 81.3 81.5 80.5 82.1 82.1 82.0 80.2 81.2 79.7 81.3 80.6 81.3 80.1 78.7 82.2 80.5 82.1 82.6 81.9 81.4 80.2 80.9 80.4 81.2 80.8 78.2 78.1 78.2 77.0 75.8 76.2 76.5 74.8 72.4 74.2 75.7 77.5 83.5 84.4 84.0 82.9 84.0 83.1 84.5 83.6 83.2 76.1 79.8 81.1 78.8 79.9 81.2 79.9 79.9 74.5 77.0 74.6 72.7 79.8 79.1 80.6 82.5 83.3 80.4 76.6 78.4 78.7 74.6 71.1 74.5 74.8 75.5 70.7 83.5 82.8 81.6 80.3 82.7 81.0 65.3 69.3
79.7 79.9 80.0 81.1 82.0 81.4 80.8 82.8 84.2 83.3 81.7 80.8 80.2 83.5 82.1 81.2 81.3 80.7 81.2 83.0 81.3 83.4 81.5 81.4 82.0 80.6 80.0 81.4 78.1 79.0 75.9 78.3 77.3 76.6 80.4 76.0 74.7 73.6 73.9 75.0 84.6 83.5 85.3 83.3 83.6 81.6 82.7 83.2 81.0 76.6 77.3 78.2 77.7 80.7 81.8 80.0 79.1 75.1 77.3 75.2 74.0 80.5 80.3 81.6 81.3 83.0 81.9 75.4 78.0 78.9 77.2 72.7 74.7 76.6 77.8 76.0 80.7 83.9 83.9 83.0 81.0 79.9 61.6 70.4
81.4 81.2 79.7 80.8 80.0 81.6 80.8 83.2 81.9 82.6 82.4 80.6 82.2 84.1 82.0 82.9 82.6 82.9 88.3 84.8 82.4 83.9 81.8 81.7 81.4 82.5 80.3 80.6 78.8 78.8 77.1 77.2 77.1 76.6 75.2 75.8 77.5 73.0 74.5 73.9 80.6 84.0 84.1 81.7 81.6 82.4 82.3 82.9 82.6 77.8 79.9 80.1 80.3 80.4 81.7 79.6 75.2 76.7 77.7 75.5 75.1 80.3 80.8 80.9 81.2 82.5 81.7 75.7 77.6 79.5 78.4 72.9 76.8 79.7 74.7 75.5 80.0 83.3 82.9 82.8 81.6 79.4 59.7 71.9
