morphological_analysis/q05_1/matrix_q05_1s6.txt
north:            -537.50
south:           -1267.50
east:             2691.00
west:              -93.00
rows:                 148
cols:                 278
null:              -999.0
[rows 0 to 37 of 148, columns 168 to 251 of 278]
62.3 63.9 70.8 70.4 66.4 64.5 58.6 60.7 54.9 54.3 56.0 55.8 51.1 53.8 55.6 74.7 52.6 52.8 50.6 48.1 53.8 53.0 55.0 99.7 102.9 105.9 107.8 66.2 58.5 48.4 53.2 -999.0 44.8 47.8 52.1 57.4 72.8 77.0 82.1 -999.0 82.8 72.7 59.5 58.7 52.3 61.5 58.3 60.8 62.5 72.5 74.7 72.3 74.5 73.6 76.8 69.3 63.9 54.5 54.3 52.4 50.5 52.3 51.5 57.2 56.1 64.9 77.2 60.6 50.1 45.1 46.4 42.3 -999.0 43.1 44.1 50.1 47.9 58.8 55.2 53.1 51.9 56.8 50.2 54.3
64.4 64.0 69.7 70.2 66.2 64.6 59.2 64.0 53.9 55.3 54.4 55.8 51.9 53.8 56.8 74.7 56.3 52.8 51.0 48.4 53.1 53.0 54.2 99.8 101.2 99.6 107.7 66.1 58.6 48.5 53.2 68.6 46.3 49.4 52.1 57.3 72.2 77.5 82.5 86.8 82.7 72.7 60.3 58.5 54.0 61.5 57.5 61.0 62.7 72.4 74.4 72.3 74.4 74.0 76.8 69.3 63.1 54.5 54.9 52.5 49.3 52.4 51.6 58.3 59.4 64.9 77.9 60.2 48.6 45.2 46.5 42.7 -999.0 43.0 44.1 50.1 47.7 58.8 56.1 54.2 50.3 56.8 47.6 54.5
67.6 71.8 69.2 67.6 65.8 65.6 60.9 65.2 59.4 82.0 61.8 61.7 56.0 57.7 64.0 75.1 67.3 61.8 58.1 47.8 53.0 53.1 54.4 98.0 95.3 97.3 100.8 68.4 60.0 49.9 53.4 68.6 49.6 52.3 52.0 56.3 67.7 77.3 82.3 87.1 82.0 72.6 61.0 58.7 56.9 61.5 59.8 63.8 62.0 70.9 74.4 73.8 74.0 77.5 77.0 69.7 67.1 56.6 54.6 53.1 53.8 53.6 52.3 58.2 62.3 68.5 79.0 69.2 54.8 46.0 45.9 45.4 42.3 44.0 45.1 50.1 46.8 58.6 55.3 53.7 51.3 56.8 50.7 58.5
76.1 78.3 69.8 71.4 64.9 69.2 64.2 71.9 65.1 83.4 65.8 64.6 58.3 62.7 67.8 89.9 80.7 73.2 70.7 61.8 51.9 52.9 48.7 88.5 58.3 60.4 107.2 68.1 59.7 54.9 52.8 68.6 52.7 55.3 58.7 56.2 67.7 80.0 82.4 87.0 81.8 72.4 61.8 58.4 60.4 71.9 62.6 69.4 63.9 69.7 71.5 74.2 73.0 77.9 77.6 70.8 65.0 60.9 59.0 57.0 54.3 57.0 58.3 64.7 69.9 72.8 81.5 74.6 59.8 50.2 46.4 49.2 41.2 46.7 47.2 48.2 44.5 57.6 59.0 58.3 55.3 56.8 52.6 61.5
85.1 80.5 74.8 80.6 72.4 79.0 68.9 76.6 70.4 83.4 72.1 72.5 63.4 68.3 80.8 99.8 96.1 92.5 86.1 85.4 54.4 55.1 51.4 59.9 52.7 61.2 66.3 67.5 56.1 58.8 58.8 68.6 57.0 60.1 63.0 62.4 65.4 77.8 81.7 88.4 79.6 72.9 63.0 65.4 64.3 75.4 63.9 74.0 68.6 69.6 72.0 72.9 73.8 77.7 80.8 73.5 67.7 65.5 65.0 62.0 59.7 64.8 62.2 68.0 77.1 88.1 83.2 80.8 66.8 54.1 47.7 49.2 46.4 47.0 45.7 50.6 47.3 56.7 61.6 61.9 56.7 58.1 56.8 65.0
90.1 86.5 78.7 85.0 75.9 85.3 80.6 80.0 79.7 -999.0 78.5 79.5 75.5 82.8 86.5 104.1 98.1 107.2 106.9 96.2 55.9 57.4 52.0 68.0 55.4 67.6 68.2 73.4 58.7 75.3 62.5 73.5 65.2 65.3 66.1 68.9 66.4 76.8 85.5 87.7 81.2 74.0 65.1 68.6 66.1 76.5 67.7 75.5 77.6 72.9 76.1 77.1 75.6 77.4 79.3 74.4 69.5 69.9 71.0 72.4 61.1 72.7 68.8 76.3 78.8 98.3 92.7 88.8 76.0 60.4 50.0 52.5 49.3 47.1 50.1 51.2 48.2 57.5 64.1 63.3 60.9 58.6 60.2 65.6
92.2 92.7 90.5 89.4 88.8 90.8 89.2 87.5 86.4 -999.0 88.4 86.2 84.7 93.8 92.6 105.9 110.2 112.7 114.8 104.1 89.1 96.9 57.6 70.8 56.5 75.2 67.8 74.6 66.8 79.5 68.2 80.1 72.1 74.6 68.6 79.4 70.9 79.0 85.9 87.9 82.6 75.7 67.7 72.5 68.8 81.9 69.6 82.0 84.4 83.9 76.0 87.7 74.1 76.1 80.7 76.1 74.2 81.8 76.2 76.4 65.6 82.9 75.8 84.1 87.9 105.9 94.5 100.8 88.3 67.1 58.6 56.3 47.7 46.5 50.3 52.3 48.5 57.6 64.5 65.7 61.5 67.9 59.5 66.0
95.3 100.6 98.8 101.5 97.9 95.2 95.0 101.6 92.6 113.4 95.4 94.9 92.9 100.9 104.9 110.2 113.6 112.8 113.1 108.3 98.2 99.2 74.1 78.9 66.0 81.8 67.8 86.0 77.8 88.1 79.0 79.7 79.4 89.6 78.2 86.3 76.0 80.7 86.7 87.2 83.7 85.4 70.7 85.3 83.0 82.9 77.3 86.2 91.0 93.4 82.2 89.7 80.1 87.0 85.4 83.5 77.8 85.1 83.0 86.5 67.3 84.4 82.1 91.5 92.8 109.2 104.9 111.6 96.7 74.6 68.2 57.4 50.2 49.4 51.7 52.6 56.5 61.0 67.5 66.1 64.1 71.5 66.0 66.2
101.7 106.1 105.0 108.9 104.5 107.0 104.0 105.6 101.2 113.4 102.2 101.0 100.7 105.6 107.6 114.8 113.6 113.9 113.5 113.0 106.7 103.9 79.6 88.6 79.2 92.3 85.9 87.2 86.5 90.6 87.1 90.9 86.3 97.4 93.7 94.7 90.1 88.5 93.8 89.6 86.6 88.3 80.9 91.8 84.8 88.4 78.7 89.8 99.6 96.0 88.3 96.9 87.8 91.6 91.5 90.1 86.8 91.0 82.7 87.7 77.8 90.5 90.6 100.1 113.0 117.2 111.7 114.6 100.8 85.5 78.8 68.5 55.2 55.0 54.8 54.5 56.4 64.2 67.9 68.2 67.1 72.8 67.9 66.2
113.4 113.1 111.2 110.9 107.5 113.1 108.8 115.2 108.2 113.4 108.9 107.3 107.3 110.2 110.3 116.6 115.1 114.3 113.4 113.4 110.1 104.5 93.4 93.8 92.1 92.1 98.4 97.6 95.7 98.8 96.9 98.6 97.5 99.6 102.3 100.8 97.5 103.3 95.2 93.8 94.5 95.4 88.6 95.8 95.6 95.3 91.6 96.8 106.7 114.8 96.2 99.0 93.2 93.9 97.3 95.3 95.0 97.2 86.6 95.4 76.6 92.5 98.2 107.0 117.7 122.7 121.1 120.9 108.4 103.5 89.5 83.4 59.5 63.5 55.4 58.2 56.9 67.1 69.1 72.7 68.9 71.6 73.4 67.5
116.7 115.8 116.6 116.0 116.6 116.4 114.8 117.7 114.1 115.9 112.6 112.1 113.3 114.9 116.6 117.2 115.0 114.7 112.7 114.7 112.7 112.8 93.2 112.6 96.2 104.3 107.3 104.8 100.1 108.2 106.6 107.2 107.6 107.5 107.5 110.2 107.0 108.0 102.6 107.7 105.6 104.7 105.4 103.7 105.5 104.4 103.6 116.8 110.4 115.8 100.2 104.2 100.2 108.0 104.1 99.8 105.8 103.7 87.5 102.4 97.9 99.9 108.1 116.0 124.0 126.4 124.3 123.8 121.0 109.8 99.8 97.3 85.4 74.7 57.2 61.0 60.3 69.4 70.7 72.1 71.3 72.2 73.0 68.3
121.9 117.5 116.4 116.2 119.1 118.2 119.3 118.7 117.1 117.2 114.8 116.0 116.8 117.2 116.8 118.3 115.6 114.9 113.0 114.7 113.4 114.7 106.9 113.0 106.2 112.8 114.2 111.4 107.5 113.9 113.3 115.0 112.5 111.9 114.0 112.5 108.9 112.9 112.0 114.1 114.9 112.2 116.7 113.3 116.7 110.9 112.0 117.5 111.8 116.8 105.4 115.1 108.7 112.5 109.6 106.4 110.7 112.5 106.8 112.9 109.2 107.1 115.2 121.4 126.7 126.3 125.2 123.0 126.3 116.5 110.7 112.9 98.4 86.0 59.7 68.1 66.2 73.2 72.2 71.6 73.1 72.4 79.1 74.6
123.0 117.1 116.4 118.2 118.0 119.8 118.4 118.7 117.7 117.8 117.1 117.5 117.1 119.0 118.1 117.5 115.2 114.0 114.4 114.6 114.3 115.4 108.4 115.0 113.6 115.1 115.1 116.5 114.3 117.0 116.7 117.5 114.7 116.8 115.9 112.9 114.1 118.0 115.9 116.7 115.9 115.6 119.2 116.9 117.1 115.4 117.6 119.0 115.4 116.7 112.4 117.6 114.7 114.0 115.5 112.8 115.5 120.1 114.4 115.4 116.3 121.9 119.8 125.7 126.2 126.2 126.7 127.4 125.1 122.8 118.1 122.6 104.0 112.5 59.7 75.9 70.3 88.4 72.5 76.1 75.2 76.5 80.9 119.4
119.3 118.5 117.5 118.1 117.5 119.5 119.3 118.5 118.6 118.2 119.0 117.6 118.2 118.7 117.4 117.5 115.4 114.8 114.8 114.3 115.5 116.2 113.5 116.0 114.5 115.7 115.5 116.0 115.9 117.7 117.4 118.5 117.2 118.0 116.6 116.1 117.6 116.9 118.1 116.7 118.1 117.7 119.9 119.6 118.3 117.9 117.7 119.3 117.4 118.9 119.3 119.4 121.4 118.5 115.4 115.3 117.3 121.0 119.9 118.1 120.2 123.7 121.9 125.8 126.9 126.1 126.0 127.4 128.0 127.5 123.0 124.4 108.8 122.3 94.0 113.0 75.7 114.5 115.3 82.1 78.9 81.1 77.9 122.5
118.7 119.4 109.7 112.6 114.3 117.4 119.2 119.1 118.5 117.4 120.5 113.2 119.4 117.5 117.1 117.1 117.5 115.6 114.8 114.6 115.2 116.5 115.7 115.7 114.3 115.6 115.6 115.6 115.9 117.7 117.5 117.9 118.6 118.5 118.2 117.8 120.4 117.3 118.9 117.0 119.0 116.8 120.0 118.5 118.6 120.1 120.9 118.6 118.5 119.8 119.3 118.2 120.4 118.7 118.0 117.9 119.0 119.2 120.0 118.8 117.2 123.9 124.6 125.8 127.2 126.8 125.2 127.1 126.8 128.4 126.5 126.7 126.6 123.8 116.9 122.9 74.4 126.5 122.7 119.8 74.4 121.1 124.6 126.4
115.1 114.0 118.0 109.1 116.9 112.6 115.6 111.7 117.1 107.5 116.1 114.4 115.6 116.3 116.5 115.8 114.3 112.4 113.1 113.3 115.3 115.7 114.7 114.5 114.6 114.1 115.6 114.8 117.4 116.4 115.6 118.1 117.8 116.7 117.6 116.6 117.9 116.8 117.9 117.2 118.1 105.3 119.8 117.7 116.5 118.1 121.1 118.4 121.8 119.6 118.9 118.1 121.8 119.0 119.1 118.0 119.6 118.7 119.4 119.5 118.8 122.0 124.6 125.8 125.6 126.9 126.3 126.5 126.7 128.9 129.1 127.4 127.9 127.3 117.5 125.7 110.6 127.7 123.3 126.9 125.5 125.9 130.5 126.9
92.7 76.5 63.4 64.7 67.0 66.8 83.3 84.7 106.9 82.4 72.9 85.7 101.1 108.0 107.2 109.9 72.7 106.1 75.5 108.7 114.2 106.8 112.2 99.0 112.4 100.3 113.7 109.0 112.9 110.5 116.2 115.0 117.6 104.4 115.0 115.4 114.4 112.3 116.4 115.3 117.1 84.0 117.9 117.6 116.3 101.4 118.3 117.9 121.7 118.3 118.1 117.5 118.7 117.7 118.1 113.5 118.0 117.3 120.2 120.3 119.5 121.0 124.2 122.9 125.4 126.4 126.3 126.4 126.7 128.3 129.0 126.6 127.2 127.2 126.9 127.1 123.4 127.7 124.1 126.8 127.0 125.8 128.5 127.5
59.1 62.1 62.5 64.1 65.7 67.0 67.5 71.3 70.8 69.0 68.6 79.5 70.5 75.5 93.5 72.0 71.8 72.9 74.1 72.3 76.8 75.1 73.9 76.2 103.9 74.8 77.1 80.5 94.3 86.3 115.7 104.5 109.3 84.7 86.4 108.7 104.2 70.4 111.4 109.9 115.6 82.9 116.9 109.0 113.2 78.0 112.8 109.4 118.0 110.2 114.1 90.9 119.1 106.0 114.9 111.0 114.5 113.8 115.8 115.9 119.2 117.7 124.3 120.8 123.9 123.3 124.8 124.6 125.8 124.7 127.2 126.4 127.7 126.1 127.8 127.1 126.4 127.4 124.8 126.2 127.7 125.6 127.1 127.7
58.3 61.8 63.8 64.9 65.3 66.7 68.2 69.1 66.3 67.8 66.0 67.7 69.9 73.4 82.9 71.2 69.5 70.7 72.0 73.3 71.7 73.1 73.6 74.1 77.0 74.8 81.6 76.4 79.5 80.3 88.1 82.2 85.2 83.4 84.4 73.1 72.6 70.3 73.8 78.1 109.0 80.6 111.3 93.1 89.1 82.8 78.4 78.8 78.8 77.5 77.8 76.5 75.6 75.7 74.7 76.9 119.6 106.2 117.4 111.5 116.5 113.8 122.2 115.9 121.9 120.9 119.5 122.9 123.9 123.8 125.6 120.4 125.3 125.7 126.6 125.8 124.6 122.7 126.5 125.3 126.6 123.3 127.0 124.9
60.9 63.7 64.2 67.0 66.0 66.2 69.1 68.4 68.0 67.9 65.5 67.5 68.4 71.9 70.8 70.6 70.6 69.7 71.3 69.8 73.7 73.3 72.8 72.3 75.9 75.0 76.2 78.5 78.1 79.5 79.3 82.2 84.6 80.2 80.7 76.0 75.6 70.7 72.9 78.4 101.9 81.2 100.6 83.7 82.5 83.1 80.9 79.0 85.3 75.4 77.4 75.9 69.8 70.5 78.7 74.7 75.3 76.1 74.7 75.9 75.6 80.8 107.2 112.3 111.6 110.3 116.4 120.6 120.6 92.4 118.9 77.8 114.1 116.0 113.6 116.4 121.3 105.9 120.6 120.2 126.1 121.5 126.2 119.6
62.1 64.4 67.0 70.6 66.7 66.8 68.9 69.2 68.7 68.6 64.3 65.7 67.4 68.9 66.6 70.0 69.9 70.2 71.0 70.1 72.2 72.3 73.0 75.0 76.4 75.7 77.1 76.4 77.7 80.4 79.3 82.1 83.7 81.7 81.8 78.3 73.7 73.6 75.4 79.1 79.7 81.2 81.6 82.9 83.7 84.5 82.0 82.3 80.2 79.4 78.7 77.5 69.0 70.5 77.5 76.8 75.2 75.1 76.6 76.7 74.9 75.5 78.4 78.1 78.2 80.5 80.1 111.9 86.6 84.9 84.2 78.1 79.1 81.9 40.4 105.9 78.0 102.0 55.5 93.8 122.0 111.1 74.9 93.8
61.4 64.5 69.1 70.4 67.6 67.7 68.3 70.6 68.4 68.8 66.7 69.2 67.3 64.8 68.7 71.5 69.6 69.4 70.6 70.2 72.5 71.6 71.8 75.0 76.2 75.6 74.8 76.2 76.6 78.9 78.9 81.1 84.0 82.8 82.3 80.5 78.9 76.5 75.6 79.3 81.0 84.1 85.7 85.9 84.6 85.0 82.3 83.0 79.9 80.1 80.7 79.4 69.0 71.9 72.4 78.1 76.0 76.8 75.8 77.1 75.3 76.8 76.1 76.6 84.8 80.0 81.0 79.1 77.2 79.4 79.1 79.4 78.8 53.3 39.9 52.2 44.5 52.9 56.7 63.5 111.5 72.0 74.1 77.5
64.5 62.4 66.2 70.1 69.0 69.0 69.1 72.7 69.9 70.4 69.8 70.0 69.7 64.6 69.2 71.1 68.6 69.6 70.8 70.3 71.7 71.6 71.5 73.8 75.4 74.8 76.0 76.0 78.3 78.7 79.8 81.1 79.8 84.7 82.9 80.7 84.5 78.0 77.5 78.5 82.4 83.7 83.2 86.1 84.8 86.6 82.8 83.8 82.8 82.1 80.8 77.5 69.2 73.3 72.0 76.3 78.0 78.2 78.1 77.0 75.4 77.8 77.9 77.0 79.7 80.1 77.7 79.1 80.0 79.1 79.2 79.7 79.3 57.2 37.7 42.5 39.5 48.0 56.4 63.8 65.1 72.3 75.0 76.0
64.5 65.3 68.1 67.9 68.3 69.0 69.4 72.4 67.9 70.2 71.9 68.8 71.7 64.4 71.1 70.7 70.5 70.1 70.1 70.2 71.7 72.2 71.4 72.4 73.7 71.8 76.5 73.0 75.9 78.8 78.4 81.0 79.3 84.6 83.1 80.1 83.0 82.1 77.3 81.8 81.6 84.9 84.9 86.5 85.8 86.8 84.3 83.8 85.8 82.1 82.2 73.0 67.6 76.0 75.8 74.9 76.4 76.7 77.6 76.0 76.3 77.1 77.5 76.1 79.1 78.7 78.9 79.1 76.8 79.1 79.2 81.2 81.1 59.5 43.8 44.9 43.8 47.9 57.8 67.0 66.4 72.5 73.3 72.6
66.2 68.2 70.3 68.1 70.3 69.3 71.5 71.3 69.9 70.5 75.4 66.8 68.8 64.3 69.3 69.2 69.1 69.4 71.2 70.1 71.4 72.7 71.0 69.8 73.5 71.6 77.1 73.8 77.4 79.4 78.0 81.0 78.5 84.0 84.6 82.7 81.0 83.4 79.9 83.3 83.0 85.7 86.8 86.2 86.4 86.8 85.2 83.8 82.6 82.5 82.6 73.0 66.7 77.5 75.2 78.6 80.0 77.5 78.6 77.0 76.4 77.1 77.5 77.9 77.9 77.6 78.8 78.6 77.4 79.2 80.9 81.4 79.5 63.4 48.8 49.2 45.7 54.1 58.3 67.3 69.1 70.0 73.9 72.0
66.9 68.8 72.7 68.1 72.6 71.8 69.2 70.2 69.7 69.8 70.0 69.5 68.3 68.1 67.8 67.3 67.1 69.0 70.6 69.4 71.7 69.6 71.5 69.8 73.2 71.9 74.2 75.4 76.4 79.6 79.0 81.0 81.6 83.9 85.8 84.9 80.2 83.3 79.0 81.1 83.3 84.1 87.0 86.0 86.0 85.8 85.0 -999.0 83.0 82.2 82.2 72.5 69.6 79.0 77.4 77.8 79.1 77.5 79.7 77.7 75.7 77.6 77.3 76.8 77.8 79.5 79.7 78.0 78.0 80.0 80.3 82.3 78.3 63.9 51.6 49.5 47.3 56.4 58.5 69.3 69.2 69.6 73.6 69.7
69.7 69.7 71.6 69.0 70.2 72.6 69.7 70.7 68.8 69.8 68.8 66.7 67.4 69.2 65.5 67.5 63.9 65.9 70.0 69.2 68.0 68.1 68.9 69.9 72.8 71.4 75.0 75.2 73.0 75.9 77.1 82.3 83.6 82.1 85.1 84.7 82.8 85.4 85.8 82.8 85.0 84.9 87.6 85.8 85.0 87.3 85.3 84.9 83.0 80.5 79.3 72.6 69.9 79.5 79.5 77.5 78.0 77.4 77.7 77.6 74.3 77.6 76.2 77.3 77.2 77.3 77.3 79.4 79.1 79.3 80.2 81.2 71.6 64.9 54.2 51.8 56.9 62.1 61.3 69.2 70.5 72.1 73.5 69.2
69.7 69.8 71.4 68.4 69.8 71.8 69.7 70.9 67.2 69.4 68.5 66.5 67.0 68.9 66.7 67.9 64.4 65.1 69.7 69.0 69.3 69.1 69.7 69.9 72.5 71.1 73.6 74.7 73.5 74.9 77.4 82.2 86.1 83.7 85.4 85.2 85.3 86.2 83.2 82.2 82.2 83.5 88.3 87.8 87.2 88.3 85.3 84.8 80.8 79.5 76.5 74.7 74.8 79.5 79.1 78.0 77.7 77.6 78.1 79.2 75.4 76.2 75.4 73.8 77.0 77.2 77.2 79.9 79.1 78.6 82.3 80.1 71.7 65.0 56.9 59.6 60.6 65.1 61.1 69.2 70.2 71.4 74.5 76.4
69.1 70.9 71.0 70.1 69.1 71.5 70.7 69.9 69.4 69.5 69.8 66.6 67.1 67.3 66.3 67.4 66.0 65.0 69.1 67.5 70.2 69.4 70.1 69.9 69.1 69.4 72.3 71.8 73.2 73.7 77.0 80.4 85.4 84.5 85.4 85.4 87.8 86.5 83.4 82.6 81.5 83.4 86.2 85.7 86.0 85.8 85.3 83.6 82.9 79.0 76.5 76.9 76.9 79.8 78.8 77.6 76.7 77.7 77.8 78.6 74.4 75.7 78.3 74.6 75.3 77.8 77.9 79.1 78.3 77.6 81.2 77.9 67.8 65.7 66.2 62.6 61.7 67.4 68.7 69.2 74.5 73.5 75.7 75.9
74.6 72.0 70.2 68.4 71.7 70.9 68.8 70.6 69.2 68.9 69.5 68.4 67.1 67.5 65.5 68.7 66.6 65.0 68.8 66.4 69.6 69.7 70.2 69.2 69.8 71.6 71.2 69.7 73.1 73.3 76.0 80.2 83.0 85.1 84.9 84.6 86.2 86.5 84.8 82.8 81.5 84.4 85.4 84.4 86.6 85.7 84.3 82.3 84.5 79.3 76.4 77.3 78.7 79.9 78.0 79.0 78.1 77.7 76.6 78.3 74.9 76.2 75.1 75.7 78.1 77.6 76.3 79.6 78.0 77.4 79.3 77.0 64.4 65.1 68.3 64.3 64.3 64.5 64.5 66.3 68.5 71.0 70.9 74.0
74.5 72.0 72.0 72.9 72.5 70.4 68.3 70.7 69.1 68.5 68.9 69.5 68.5 67.6 64.2 69.1 62.5 67.9 68.8 66.8 70.5 69.6 70.4 70.3 70.8 73.6 71.3 68.4 71.9 73.1 75.5 80.2 83.1 85.4 84.5 87.7 84.5 86.8 85.0 82.4 82.7 83.7 83.2 85.1 86.3 86.8 85.3 82.4 82.7 79.2 79.2 77.5 78.7 80.6 80.4 81.1 76.5 77.3 74.6 76.0 75.7 75.9 73.9 75.5 77.1 74.8 76.0 76.0 77.7 78.2 77.7 76.3 62.7 68.3 70.6 66.7 65.5 67.8 65.8 70.2 70.1 70.2 73.0 74.4
74.5 72.4 75.6 75.4 73.2 70.0 70.1 69.7 70.6 70.5 70.6 70.0 69.8 67.5 67.6 69.9 68.5 68.5 68.1 67.6 68.1 69.3 70.7 70.5 71.3 72.0 71.5 69.5 72.0 71.8 71.8 78.9 83.5 85.2 86.3 87.7 86.6 87.1 85.2 81.6 80.9 81.1 86.0 84.2 85.3 84.5 85.0 82.4 80.0 78.2 79.0 80.2 79.1 81.1 79.6 82.1 79.6 78.0 77.0 75.9 75.3 75.3 75.4 73.3 73.5 74.4 75.4 76.6 77.2 77.8 78.9 71.3 65.2 70.7 71.7 70.3 67.4 74.1 71.1 70.1 70.0 71.3 71.6 74.6
78.5 73.3 75.9 78.2 74.5 73.1 70.0 69.8 72.4 71.4 72.5 72.1 69.6 67.1 68.6 70.5 70.6 67.6 71.2 67.5 68.9 67.8 70.0 70.2 72.7 71.0 69.9 71.4 68.9 71.8 71.6 76.7 82.8 84.3 86.8 87.3 86.8 86.6 86.2 81.6 81.5 82.5 82.9 83.4 86.1 85.3 83.8 81.1 81.0 78.3 78.9 81.0 80.1 81.4 82.6 82.6 84.3 82.8 77.8 82.9 75.0 74.9 75.1 78.7 74.2 75.8 75.4 76.9 73.6 75.2 78.1 69.9 62.3 73.5 71.8 73.7 73.4 75.2 69.4 73.4 68.7 71.3 72.3 74.8
77.6 74.5 75.9 77.3 76.5 71.6 69.9 70.0 71.6 72.4 73.2 73.0 70.2 72.8 72.2 76.0 71.9 71.1 72.0 68.5 68.7 71.8 71.1 71.5 73.7 72.0 72.1 72.6 70.4 69.7 71.3 75.8 82.8 84.2 86.1 85.5 86.9 84.2 81.4 82.6 81.3 82.7 83.2 84.2 86.7 85.0 83.1 82.1 81.5 78.5 80.5 82.8 83.2 80.2 81.0 84.4 82.1 82.7 82.1 84.0 79.1 75.0 75.1 78.9 75.8 74.9 77.2 76.6 72.3 71.9 77.3 69.2 64.7 74.6 72.5 74.1 76.9 79.5 72.2 74.1 69.9 68.4 73.4 77.0
75.9 76.3 77.6 74.4 73.6 69.8 71.1 70.2 72.1 73.3 76.3 74.2 72.9 74.5 74.1 76.6 76.2 73.6 74.8 71.5 71.6 72.6 71.9 72.8 74.5 71.8 73.1 72.3 72.1 70.3 67.8 72.9 81.9 83.8 85.4 85.3 86.3 84.7 81.2 83.2 83.5 82.5 83.1 80.7 84.8 85.1 81.6 80.3 80.8 78.6 81.1 83.3 82.3 81.4 79.4 84.5 83.7 83.4 83.9 84.9 82.9 79.6 77.7 79.8 78.4 75.9 72.2 76.8 74.0 69.2 75.9 64.4 65.4 76.1 70.1 77.1 78.7 80.3 76.2 74.7 69.1 67.8 71.4 71.2
77.5 76.0 75.4 72.7 72.4 70.5 69.8 70.6 71.9 76.9 77.0 74.3 73.3 78.6 75.4 77.6 75.0 73.7 74.7 73.2 72.7 73.3 74.0 74.8 76.3 71.3 73.7 72.4 73.6 72.0 67.8 72.7 80.0 83.4 83.6 84.2 86.5 85.1 83.9 83.3 83.0 82.3 84.5 79.0 84.0 84.5 82.4 79.1 84.1 78.5 81.3 83.4 84.8 81.3 80.7 84.3 82.5 83.7 85.0 85.0 85.2 84.7 79.4 81.2 80.0 77.4 76.5 75.4 73.8 69.0 70.3 65.0 64.6 73.8 72.7 79.0 77.6 80.7 77.2 74.9 69.9 68.4 68.9 68.5
77.4 75.6 78.1 73.9 71.1 71.3 69.1 71.6 72.0 77.3 75.6 76.7 74.1 78.5 76.7 74.5 74.7 72.7 75.7 72.3 71.5 73.8 74.0 74.4 74.7 72.5 75.1 73.1 71.9 69.7 67.5 69.1 76.6 79.3 83.0 83.7 86.7 84.4 83.4 83.9 82.8 83.3 86.3 82.2 81.4 82.5 80.4 80.2 83.5 80.8 82.6 84.1 83.0 81.3 82.0 81.6 83.2 83.5 86.5 87.0 85.4 85.7 84.0 81.3 82.6 79.8 76.7 77.5 75.1 73.2 70.6 64.2 61.0 77.2 74.5 78.4 79.4 80.7 77.7 76.8 69.7 69.2 70.5 67.0
77.3 76.7 77.6 72.9 70.6 72.8 70.7 71.7 73.3 -999.0 75.8 78.2 79.8 79.1 78.0 73.9 76.0 74.0 74.4 72.5 74.6 74.1 72.0 74.3 74.0 72.9 74.4 72.9 70.4 70.5 68.2 68.4 71.0 75.9 85.5 83.3 85.3 84.6 84.3 84.0 82.6 83.6 82.0 81.8 81.8 80.8 80.7 81.4 81.7 80.1 83.8 83.7 83.1 81.6 80.9 81.9 83.2 83.2 82.7 86.7 86.1 86.1 86.5 84.5 82.6 80.5 77.1 79.1 73.8 76.9 69.8 64.4 71.3 79.2 73.5 81.3 79.0 79.5 78.0 77.4 71.7 69.2 68.1 66.1
