morphological_analysis/q05_1/matrix_q05_1s6.txt
north:            -537.50
south:           -1267.50
east:             2691.00
west:              -93.00
rows:                 148
cols:                 278
null:              -999.0
[rows 0 to 37 of 148, columns 0 to 83 of 278]
94.0 91.3 88.3 86.4 89.5 86.0 85.9 86.2 83.0 84.5 84.3 83.2 83.8 83.2 82.9 82.5 81.2 80.9 78.4 75.5 72.8 73.9 70.9 69.8 67.9 79.2 55.5 66.2 66.8 65.9 63.5 66.4 68.9 80.7 89.5 99.4 108.9 -999.0 -999.0 -999.0 99.5 98.7 85.0 77.6 67.6 63.8 61.0 59.7 56.7 54.8 56.5 59.7 44.4 48.9 49.8 56.0 61.5 60.9 62.1 65.1 58.9 60.1 58.4 55.4 50.4 44.8 42.4 46.4 47.2 58.8 64.4 56.3 51.1 53.2 50.1 52.1 52.1 -999.0 57.3 51.9 55.6 58.3 65.9 70.3
94.0 91.3 88.7 86.3 90.5 86.2 85.8 85.5 82.4 84.0 84.5 82.7 83.6 82.9 83.1 82.4 80.7 80.4 77.5 75.6 73.1 73.5 71.2 70.1 67.8 81.9 67.0 66.0 67.1 65.4 63.3 66.3 68.9 82.5 87.3 98.8 110.4 -999.0 -999.0 -999.0 115.5 98.7 85.8 77.5 68.2 64.0 60.0 59.3 56.4 55.0 56.5 61.6 49.8 49.2 48.5 56.2 60.8 61.0 63.3 65.0 60.0 60.3 59.4 55.6 49.8 45.1 41.9 46.5 46.4 58.9 64.6 56.3 50.5 53.4 50.4 54.3 53.5 63.8 57.9 50.8 55.8 57.4 61.9 69.3
94.0 91.3 88.5 93.6 95.1 94.3 96.1 94.2 93.4 94.3 95.2 93.4 92.1 94.1 92.5 93.7 92.3 89.3 90.4 87.4 86.3 85.2 85.4 81.6 82.8 84.6 80.5 78.2 84.0 79.9 82.7 79.0 83.8 93.1 100.6 107.0 109.5 -999.0 -999.0 -999.0 112.4 107.0 98.0 88.7 77.2 73.7 73.1 71.4 67.7 64.3 63.7 61.6 59.6 57.7 58.4 57.1 63.6 61.3 64.6 65.1 58.7 58.5 56.1 54.3 48.5 47.5 45.9 47.1 49.1 57.3 63.2 56.6 51.1 52.0 51.6 59.6 46.9 65.6 55.8 66.5 61.1 74.2 79.2 86.0
94.0 -999.0 88.5 94.0 93.3 94.6 92.6 94.7 89.9 94.6 91.7 94.0 89.3 94.5 101.5 100.8 88.7 100.7 102.1 98.4 102.3 97.2 97.5 95.2 95.4 96.6 95.9 96.0 94.4 95.0 97.5 92.7 96.2 100.6 110.6 107.3 109.4 -999.0 -999.0 -999.0 115.5 108.3 104.2 98.8 89.6 84.5 88.5 82.4 79.3 76.1 78.7 73.7 75.1 70.5 71.4 69.3 66.4 64.3 62.9 65.7 60.7 59.0 56.2 65.6 55.3 64.9 54.2 54.4 49.7 66.3 62.7 57.6 54.6 56.8 61.0 73.0 66.8 65.5 68.6 74.2 74.4 81.5 86.7 108.4
-999.0 -999.0 -999.0 -999.0 95.1 -999.0 96.1 -999.0 93.4 -999.0 95.2 -999.0 92.1 -999.0 100.2 101.3 92.3 101.1 100.0 98.8 99.8 97.7 95.7 106.3 107.3 106.9 103.9 107.7 97.1 105.7 94.9 104.9 110.1 110.1 108.7 -999.0 -999.0 -999.0 -999.0 -999.0 -999.0 -999.0 114.2 106.8 100.8 96.1 100.5 93.4 93.2 89.1 91.8 89.4 90.8 85.2 85.0 92.6 81.7 78.7 76.9 74.0 73.3 72.0 70.9 75.4 68.6 80.3 67.2 82.1 67.7 69.1 68.7 70.1 72.8 73.8 74.1 75.1 79.7 76.8 79.7 82.8 84.5 88.6 94.6 111.4
-999.0 -999.0 -999.0 -999.0 -999.0 -999.0 -999.0 -999.0 -999.0 -999.0 -999.0 -999.0 -999.0 -999.0 101.8 -999.0 -999.0 -999.0 102.2 -999.0 102.6 -999.0 97.8 106.8 105.1 107.3 107.8 108.1 98.3 106.3 97.6 105.5 107.6 110.6 110.6 -999.0 -999.0 -999.0 -999.0 -999.0 -999.0 -999.0 112.5 114.8 112.2 106.1 110.0 104.7 105.3 106.7 106.3 103.7 103.6 101.3 99.5 99.8 95.0 102.8 93.5 92.0 91.1 89.8 89.6 86.6 86.4 85.3 85.8 89.9 85.0 84.9 68.1 86.4 87.6 88.4 91.0 91.2 79.8 90.7 93.4 96.9 93.4 111.3 103.2 112.3
-999.0 -999.0 -999.0 -999.0 -999.0 -999.0 -999.0 -999.0 -999.0 -999.0 -999.0 -999.0 -999.0 -999.0 -999.0 -999.0 -999.0 -999.0 -999.0 -999.0 -999.0 -999.0 -999.0 -999.0 107.4 -999.0 108.5 -999.0 -999.0 -999.0 -999.0 -999.0 110.2 -999.0 -999.0 -999.0 -999.0 -999.0 -999.0 -999.0 -999.0 -999.0 112.1 115.2 109.9 114.9 116.4 114.2 114.9 115.1 119.4 114.1 116.4 115.7 112.2 107.6 109.3 111.1 109.2 107.8 107.9 105.6 104.0 102.0 103.0 99.0 101.0 101.0 99.3 100.5 102.8 102.4 102.4 103.5 102.0 103.4 90.4 104.4 104.8 107.4 107.8 117.3 109.8 117.2
-999.0 -999.0 -999.0 -999.0 -999.0 -999.0 -999.0 -999.0 -999.0 -999.0 -999.0 -999.0 -999.0 -999.0 -999.0 -999.0 -999.0 -999.0 -999.0 -999.0 -999.0 -999.0 -999.0 -999.0 -999.0 -999.0 -999.0 -999.0 -999.0 -999.0 -999.0 -999.0 -999.0 -999.0 -999.0 -999.0 -999.0 -999.0 -999.0 -999.0 -999.0 -999.0 -999.0 -999.0 112.2 115.4 115.1 114.5 113.0 119.8 116.8 114.7 113.6 120.6 121.0 118.4 120.4 118.4 120.2 119.3 121.8 119.2 117.9 116.0 115.4 113.7 105.6 115.8 117.1 115.9 118.4 117.5 117.3 116.7 115.8 114.8 92.8 114.7 115.8 115.6 119.5 119.5 119.1 120.6
85.8 -999.0 -999.0 -999.0 -999.0 -999.0 -999.0 -999.0 -999.0 -999.0 -999.0 -999.0 -999.0 -999.0 -999.0 -999.0 -999.0 -999.0 -999.0 -999.0 -999.0 -999.0 -999.0 -999.0 -999.0 -999.0 -999.0 -999.0 -999.0 -999.0 -999.0 -999.0 -999.0 -999.0 -999.0 -999.0 -999.0 -999.0 -999.0 -999.0 -999.0 -999.0 -999.0 -999.0 -999.0 -999.0 116.4 -999.0 114.9 119.9 119.4 -999.0 116.4 121.7 119.2 122.1 120.2 122.2 122.7 123.3 123.5 124.1 124.5 121.6 118.9 121.3 115.7 121.7 122.1 122.8 123.1 123.0 121.2 121.7 119.1 122.2 110.6 121.2 116.4 120.2 121.3 121.1 119.2 122.8
84.4 81.2 82.2 82.5 86.5 -999.0 -999.0 -999.0 86.2 -999.0 86.6 -999.0 -999.0 -999.0 -999.0 -999.0 -999.0 -999.0 -999.0 -999.0 -999.0 -999.0 -999.0 -999.0 -999.0 -999.0 -999.0 -999.0 -999.0 -999.0 -999.0 -999.0 -999.0 -999.0 -999.0 -999.0 -999.0 -999.0 -999.0 -999.0 -999.0 -999.0 -999.0 -999.0 -999.0 -999.0 -999.0 -999.0 -999.0 77.3 -999.0 -999.0 -999.0 121.7 121.0 122.8 122.9 123.7 123.0 123.9 124.0 123.9 124.7 124.4 121.7 122.5 122.4 123.2 122.5 123.4 123.7 124.5 122.2 123.6 123.3 124.7 124.0 123.2 122.2 124.1 123.5 123.2 121.4 123.3
85.8 80.8 82.3 82.3 85.4 79.1 76.7 75.2 83.2 77.7 85.4 81.9 80.7 80.4 79.4 79.7 79.9 79.1 80.7 80.2 79.7 79.4 79.2 80.5 77.8 78.2 62.2 55.9 49.6 49.2 53.1 56.2 55.9 -999.0 87.0 -999.0 81.1 107.9 88.8 95.8 86.7 -999.0 114.6 -999.0 -999.0 -999.0 -999.0 80.2 -999.0 77.3 -999.0 -999.0 -999.0 -999.0 -999.0 122.9 122.9 123.2 123.2 121.9 124.6 123.9 124.3 124.8 125.7 122.9 122.6 122.1 125.0 125.3 123.9 125.0 123.8 125.4 125.7 124.5 123.0 124.2 124.4 124.5 123.1 121.6 123.3 124.7
78.8 80.9 82.2 82.2 86.5 79.3 76.9 75.1 86.2 77.4 86.6 82.0 81.0 80.6 79.1 79.8 80.1 79.4 80.8 80.3 79.9 79.5 79.9 80.5 77.7 76.8 62.7 55.8 49.3 49.3 53.0 56.1 56.2 56.6 82.0 64.1 78.1 102.8 85.6 93.6 85.5 79.3 106.9 80.5 80.3 79.1 77.0 80.2 76.4 77.3 74.2 79.4 79.2 78.5 78.1 106.1 122.9 123.4 121.6 118.1 123.5 123.3 124.9 124.1 125.1 123.4 122.5 123.1 126.4 124.1 123.8 122.5 123.0 123.3 125.1 125.2 125.4 124.2 124.9 124.9 124.8 123.4 124.8 125.0
80.1 78.9 82.6 81.1 81.4 79.3 76.7 75.2 71.5 77.5 80.9 82.0 80.7 80.5 79.4 79.7 79.9 79.3 80.7 80.3 79.7 79.5 79.3 80.5 77.8 76.8 62.2 55.8 49.6 49.5 53.1 56.2 55.9 56.9 87.0 64.2 81.1 101.8 88.8 92.1 86.7 79.2 114.5 80.4 80.6 79.2 77.3 80.2 76.5 76.9 74.4 79.2 79.3 78.6 78.9 102.1 111.1 120.6 123.5 84.8 124.0 120.1 124.0 119.6 125.8 122.5 122.7 122.2 122.1 122.5 123.8 122.7 123.1 116.3 122.4 122.9 123.7 123.9 123.4 122.5 124.0 122.0 124.9 122.8
82.3 81.2 82.8 82.5 82.9 80.7 77.7 75.1 70.1 76.4 81.9 82.3 82.1 81.5 78.4 79.9 80.7 80.8 81.3 81.1 80.4 80.3 82.0 80.8 77.1 71.1 64.7 55.2 48.4 50.6 52.7 56.3 57.1 56.9 62.5 64.3 67.0 73.3 73.4 79.2 81.1 79.1 77.1 79.4 80.3 79.3 77.0 77.9 76.4 75.6 74.2 79.1 79.2 78.6 78.1 102.2 120.4 108.9 78.7 77.6 76.8 108.5 112.0 114.4 123.0 114.8 122.2 115.5 124.9 115.8 113.8 114.0 120.0 96.6 120.8 120.1 118.4 121.7 121.2 122.8 123.9 120.0 122.3 114.3
79.5 82.8 81.0 82.6 83.8 81.8 79.3 77.4 75.5 79.7 80.2 82.2 83.2 81.3 78.2 78.1 78.9 80.1 80.9 80.4 81.3 80.9 80.8 82.6 78.7 70.6 64.2 54.4 53.0 53.2 54.6 58.6 57.5 58.8 63.2 65.5 68.3 71.4 74.7 76.6 81.7 78.5 79.7 78.5 81.7 80.0 78.4 76.7 77.1 75.3 75.1 78.0 79.7 79.0 81.9 79.9 79.1 80.6 76.5 77.0 76.1 77.2 75.7 77.8 76.7 75.9 71.8 75.3 74.5 73.2 122.8 111.8 114.1 69.1 95.6 110.7 117.5 112.6 122.0 119.4 121.1 100.1 118.1 81.1
81.9 81.6 82.6 83.6 82.2 82.2 81.9 81.1 81.0 82.2 81.9 81.3 83.5 83.4 77.3 77.3 79.3 79.5 80.2 81.1 80.3 81.5 80.5 82.6 78.4 73.7 62.9 53.6 57.4 58.6 56.8 58.9 61.9 60.0 65.9 70.3 69.0 71.1 72.2 75.6 77.6 78.4 80.3 81.8 80.8 81.5 80.0 77.0 75.0 75.7 75.5 77.1 79.8 78.4 80.3 79.5 79.2 78.4 76.9 78.1 77.7 77.8 78.4 74.3 74.3 74.4 73.0 71.5 74.0 71.8 69.8 69.9 107.3 69.2 70.8 72.7 72.7 83.3 73.4 105.8 75.7 76.6 78.6 76.8
81.6 81.8 83.2 82.6 83.4 82.9 81.4 82.7 84.3 84.6 80.1 82.9 81.9 83.5 77.6 77.0 80.0 78.5 81.4 82.6 80.4 81.1 80.8 80.8 77.6 75.5 62.1 55.1 57.6 63.9 59.9 58.9 62.6 63.8 67.8 69.0 69.8 74.0 73.5 75.6 73.6 79.7 77.7 80.6 82.2 83.0 79.6 78.3 76.1 74.4 74.8 77.6 80.3 80.4 81.5 78.7 80.9 80.5 79.6 79.2 77.6 78.7 78.2 76.1 74.8 74.3 71.9 73.3 70.8 70.4 70.0 69.6 69.6 69.8 70.1 69.5 69.9 72.5 71.8 75.4 75.3 75.0 75.7 76.8
82.5 81.7 83.3 83.0 83.4 83.0 81.4 85.5 82.6 80.7 80.8 82.3 82.7 82.8 78.0 77.0 78.3 79.3 80.9 81.6 82.3 80.9 80.4 81.2 76.2 75.6 60.0 56.2 63.8 68.1 63.0 62.4 69.2 66.4 69.3 69.3 72.1 75.7 74.3 75.6 72.5 78.7 79.8 80.3 84.1 82.5 79.7 79.6 79.9 75.3 76.7 78.2 79.0 79.3 82.1 79.1 82.2 79.2 78.7 78.9 76.5 79.1 77.8 76.2 76.7 74.4 72.8 70.4 73.7 70.7 69.1 69.0 68.5 69.9 69.8 69.2 68.4 72.3 72.6 73.4 74.9 75.1 76.1 76.7
83.7 83.0 84.8 83.7 83.6 84.0 82.8 85.1 81.8 82.0 80.0 82.4 84.4 84.0 79.6 77.6 79.6 80.1 81.8 81.9 80.7 81.0 81.0 81.6 76.6 75.8 61.7 59.8 68.4 71.4 67.6 65.7 71.1 68.4 72.3 71.2 76.3 75.5 74.1 75.9 75.4 78.2 82.0 82.1 82.7 80.7 79.8 80.5 78.4 77.0 78.4 78.7 79.8 79.2 80.3 79.2 79.4 78.7 77.3 78.8 77.8 80.0 78.7 76.4 79.3 74.8 73.8 73.9 72.7 72.9 71.3 69.7 71.1 69.4 71.0 71.1 70.4 71.8 73.6 74.0 74.4 75.1 75.8 76.1
84.1 83.0 85.6 83.4 84.6 84.4 83.5 85.7 82.7 80.6 80.1 82.8 82.3 84.1 79.9 79.1 79.4 80.0 81.3 82.5 81.7 80.7 84.9 81.7 76.3 77.3 64.8 64.8 71.8 73.3 72.5 69.9 72.0 73.3 72.3 72.6 74.0 75.0 75.8 75.8 79.4 77.6 80.8 81.6 82.1 82.1 79.6 80.0 79.2 77.5 77.9 78.4 79.2 79.3 82.7 79.2 77.2 77.8 76.9 78.9 78.2 78.9 79.1 77.5 75.7 76.1 73.5 74.1 71.9 72.9 70.6 70.9 70.3 70.3 74.1 70.9 70.6 71.6 74.3 74.7 74.7 76.3 75.6 76.5
84.7 84.5 84.4 83.2 83.6 85.3 84.2 85.4 80.7 79.0 79.7 80.7 82.3 83.5 78.5 77.5 78.9 80.1 80.8 82.8 80.0 81.1 83.8 82.5 72.8 75.8 66.3 69.6 77.2 75.3 75.8 73.0 74.3 74.4 74.8 73.7 74.5 75.7 76.8 77.6 80.5 76.3 80.7 80.9 83.5 83.0 81.8 80.4 79.3 79.8 78.8 78.0 77.8 79.2 79.5 78.5 78.6 79.5 77.1 78.9 78.5 76.5 78.7 78.0 75.1 75.5 74.7 74.6 72.8 72.9 71.1 70.7 69.7 71.0 70.9 70.9 72.4 72.5 74.1 75.3 74.4 76.4 75.5 76.3
83.8 85.9 85.3 83.9 84.8 87.0 85.0 85.1 80.0 78.6 77.7 78.8 81.0 83.0 78.4 78.0 78.7 80.7 80.9 81.1 80.9 81.6 81.4 81.5 75.4 72.9 68.8 72.3 77.1 75.1 75.6 78.2 75.2 77.5 74.1 75.1 75.1 75.7 75.9 77.3 77.4 77.6 80.4 80.7 81.3 82.4 80.9 79.5 80.1 79.9 79.6 77.2 78.4 79.9 79.6 78.1 78.0 78.7 79.3 77.1 78.8 79.3 79.9 78.2 78.1 75.1 73.5 75.0 73.8 72.8 72.2 71.1 71.0 71.5 71.2 73.0 72.7 72.9 73.3 75.4 75.6 75.8 76.9 76.2
84.1 84.0 84.6 83.3 85.9 87.6 84.6 84.3 80.1 78.2 77.8 77.4 81.5 83.0 79.5 79.1 77.1 80.7 79.1 81.6 81.6 81.2 82.4 80.9 75.0 71.8 68.6 74.6 80.2 75.6 76.9 78.2 73.9 76.3 72.9 73.9 72.7 75.2 76.3 77.4 77.1 78.3 79.6 81.2 79.9 83.5 82.5 81.3 81.9 79.5 79.5 79.3 80.3 80.2 77.8 78.2 76.8 77.5 77.7 78.5 79.0 78.2 79.2 77.4 75.4 75.1 73.1 75.2 72.7 73.1 69.8 71.9 72.4 71.5 72.6 73.3 74.2 73.8 74.6 75.2 75.6 75.2 77.6 76.0
79.5 81.7 80.7 82.7 85.9 86.6 85.4 84.2 80.4 77.5 77.7 78.5 79.5 81.9 77.7 79.1 80.0 79.1 77.8 82.4 80.3 81.1 82.4 82.2 75.0 72.2 70.2 78.2 80.8 76.1 77.9 78.6 77.8 75.6 75.6 72.1 73.8 76.1 77.1 77.4 77.0 76.8 79.3 81.9 78.1 83.6 82.7 80.6 79.8 78.9 78.5 79.1 79.5 79.8 82.0 76.8 76.7 76.9 75.2 77.6 79.7 79.0 78.5 80.5 75.8 74.3 73.3 74.5 73.0 74.3 69.7 73.2 72.8 73.0 73.2 74.7 75.7 74.8 74.9 74.9 74.9 73.9 77.0 75.6
78.1 77.4 80.8 82.2 85.1 81.6 84.1 83.9 80.8 77.7 79.9 78.5 78.5 79.4 78.8 78.7 78.0 79.0 82.0 81.9 81.0 81.4 82.8 82.9 74.5 73.6 71.1 81.0 78.9 76.1 77.0 78.8 79.9 76.3 77.3 70.7 73.7 75.6 75.3 75.9 77.3 77.7 79.2 81.4 76.0 83.3 81.4 82.8 80.3 79.3 78.4 79.0 79.6 79.7 81.6 78.2 75.0 78.8 76.2 76.8 78.7 83.1 79.4 77.3 76.0 71.9 73.2 73.1 70.2 74.1 75.6 74.9 76.1 75.8 74.9 76.0 74.7 73.2 75.8 73.7 75.8 73.8 74.7 76.0
76.3 76.3 81.6 81.4 84.3 81.9 84.3 84.8 81.3 77.8 81.4 77.4 79.7 80.8 79.6 80.2 78.8 80.4 81.3 81.8 81.6 81.5 82.6 83.3 75.2 74.5 71.0 80.9 80.9 76.8 81.0 77.3 81.4 77.1 75.9 71.7 72.2 73.8 76.9 78.5 77.6 77.1 77.1 82.4 77.7 82.4 84.2 84.8 80.3 79.3 79.4 77.9 78.8 78.8 82.4 78.5 75.2 77.3 77.2 76.9 78.3 79.1 79.2 76.5 74.0 72.8 73.9 75.2 74.8 73.8 77.1 79.7 76.2 76.9 76.3 79.6 75.8 72.3 74.8 74.9 77.4 75.8 75.2 76.0
77.2 77.2 81.8 81.5 84.1 84.1 83.7 84.6 80.3 80.2 81.7 79.6 79.6 79.4 78.9 80.7 78.9 81.1 81.1 81.3 81.2 81.0 81.7 82.1 75.5 73.7 76.2 80.9 80.2 78.9 80.3 77.4 83.3 79.0 75.9 74.0 73.5 72.3 76.1 77.8 77.7 77.3 78.7 81.1 79.3 80.9 83.4 81.9 80.5 80.6 80.1 76.7 77.2 78.3 82.8 78.9 75.9 76.8 76.4 77.2 77.9 76.7 77.5 76.1 74.1 72.2 73.1 74.6 78.3 76.2 80.9 80.3 78.6 79.3 80.3 79.4 74.7 72.1 75.4 74.5 75.3 75.4 75.3 76.2
78.5 79.2 82.7 81.7 80.9 84.5 83.8 82.9 79.9 80.1 82.3 81.5 78.8 80.4 80.9 82.0 81.8 80.8 82.4 81.2 80.5 81.9 80.2 82.3 75.6 73.3 76.4 80.2 78.2 77.7 81.9 79.1 77.4 78.2 75.4 75.0 70.9 73.3 75.7 76.5 77.8 78.3 78.6 79.0 80.5 79.1 82.8 82.6 80.5 83.7 80.6 75.6 77.5 76.6 77.8 76.4 74.9 76.1 75.5 76.6 76.0 77.0 79.5 78.0 73.6 72.7 73.9 76.3 77.4 78.7 80.9 80.6 78.7 81.6 81.4 78.8 72.9 71.3 73.3 74.1 73.2 74.0 75.4 76.2
79.8 82.6 81.8 81.5 81.1 83.7 79.5 81.5 82.0 80.8 84.0 82.8 78.0 80.1 80.7 81.1 80.2 81.4 82.2 83.0 82.5 81.9 79.4 82.9 77.1 70.0 79.1 80.6 78.9 78.8 82.1 81.1 76.7 76.6 77.8 74.1 73.3 72.4 75.2 77.1 76.0 77.5 78.4 77.6 79.7 75.1 82.5 82.0 80.9 81.3 78.2 74.5 76.9 75.1 75.1 75.5 77.5 77.3 76.9 76.9 76.7 77.7 78.0 76.1 72.4 72.8 73.2 77.3 79.0 79.4 83.1 80.9 80.4 83.0 80.5 77.5 74.3 71.9 72.7 70.6 73.2 73.5 74.2 76.2
79.4 83.1 82.1 81.4 81.1 80.3 82.2 81.6 81.3 79.8 80.8 81.6 78.5 82.6 82.7 80.9 82.2 81.2 82.8 82.9 81.5 81.8 85.0 82.2 75.9 69.8 79.4 81.1 77.8 79.7 81.1 80.0 77.5 75.3 76.5 74.6 74.2 73.2 74.0 76.8 77.4 78.0 78.1 77.3 80.9 75.5 84.4 81.7 81.6 80.0 78.0 76.5 73.8 74.3 75.6 75.6 77.2 76.7 74.4 77.6 76.0 77.0 77.4 75.2 74.4 74.9 76.9 78.0 79.6 79.9 84.4 82.7 82.4 82.8 82.9 76.3 73.3 75.1 74.3 72.9 72.3 73.0 73.8 75.4
81.5 83.6 83.7 81.8 81.0 79.5 83.2 81.3 79.5 79.2 81.6 82.5 79.6 81.2 81.6 80.2 80.3 82.4 83.3 82.8 83.3 82.4 88.4 81.0 75.4 71.8 78.2 79.8 78.6 78.4 82.5 79.6 78.5 74.7 72.6 72.9 70.6 71.5 73.1 76.1 75.7 78.3 79.4 77.0 80.8 75.4 82.5 81.5 80.3 78.7 78.6 78.5 75.0 75.5 73.0 75.4 75.2 74.8 74.8 76.4 73.9 77.4 77.3 76.7 73.7 76.8 77.9 79.9 81.7 82.5 83.5 85.5 83.6 82.2 80.8 73.6 72.4 76.6 76.5 74.6 73.9 75.8 73.2 75.4
81.7 84.5 85.5 83.3 83.2 81.2 81.5 80.0 78.8 78.4 82.1 81.8 79.9 80.2 81.9 81.2 82.2 82.9 82.5 83.2 80.8 83.1 85.4 81.4 76.1 72.4 79.7 81.0 78.8 80.0 81.8 79.7 78.7 72.7 72.2 70.6 71.5 70.6 73.3 74.8 74.7 79.2 75.9 77.4 80.5 75.7 80.7 82.2 81.0 78.9 77.1 78.2 76.2 75.3 75.5 75.1 75.9 76.2 75.7 76.1 77.4 76.7 78.7 77.1 76.3 77.3 79.0 80.0 81.9 83.1 80.9 84.0 82.1 82.0 75.7 74.6 74.5 78.7 79.6 78.3 77.1 77.2 75.9 75.9
83.5 85.4 85.5 83.6 84.3 83.6 81.5 81.0 78.4 78.6 81.5 83.5 80.0 82.0 82.9 82.4 81.1 83.0 84.2 83.9 82.7 83.1 80.6 78.5 74.9 71.1 80.6 81.1 79.6 79.9 79.0 79.3 78.0 72.1 72.2 72.4 70.0 70.7 70.8 72.7 75.2 76.6 74.9 77.4 78.9 75.9 76.7 82.9 81.4 79.8 77.4 78.0 74.4 75.3 74.5 75.9 75.4 76.5 77.4 76.8 77.1 76.0 78.2 78.4 76.0 77.6 80.9 81.0 81.1 84.7 82.3 83.2 82.1 81.4 77.4 73.8 76.2 80.0 78.9 78.9 81.1 79.9 76.3 76.2
86.2 84.9 85.3 84.0 84.3 83.9 84.9 80.7 80.5 81.0 82.4 81.3 79.5 82.6 83.1 82.1 81.1 82.2 83.0 83.6 84.0 82.8 81.5 78.0 73.9 71.4 77.9 80.6 77.6 81.4 80.7 77.4 73.4 72.6 71.9 73.1 71.2 71.0 71.6 69.4 72.0 75.3 71.9 77.1 77.8 77.8 75.6 82.7 81.1 78.2 77.3 78.3 77.2 76.3 76.8 75.3 76.1 77.3 76.7 77.9 77.7 77.2 79.6 78.6 77.2 79.7 80.6 81.3 82.6 84.1 83.9 82.3 82.0 78.8 76.0 72.7 77.6 82.1 79.4 82.2 81.4 79.9 78.5 77.8
87.4 85.1 85.6 84.2 85.4 82.6 84.4 82.1 82.3 82.4 83.4 83.4 81.3 81.9 83.2 81.0 82.3 83.4 82.2 84.2 82.8 83.7 82.1 78.1 71.9 71.6 82.1 80.4 79.7 80.6 80.3 76.9 75.7 72.5 73.3 72.7 72.0 72.2 72.6 69.0 73.2 74.4 72.1 74.4 76.3 78.6 77.1 81.9 81.6 78.5 77.6 79.1 77.5 77.0 76.6 75.1 77.0 77.4 75.6 77.3 77.8 77.3 79.3 80.7 78.9 80.6 82.2 82.8 84.1 81.7 81.7 80.9 82.6 75.9 75.0 74.3 77.8 81.9 79.7 81.7 82.3 79.9 82.2 80.3
84.9 86.4 86.6 84.8 85.4 82.8 83.9 82.6 81.8 82.2 82.1 83.0 79.6 81.9 83.6 82.7 82.9 82.4 84.4 84.9 83.5 83.6 83.4 77.4 71.8 71.1 80.5 80.2 78.7 80.6 79.8 76.6 74.6 74.2 74.7 74.6 73.8 72.4 71.1 69.9 69.8 70.9 70.1 73.3 76.1 78.0 76.2 80.9 81.2 79.9 78.1 78.6 77.7 77.7 77.6 74.9 76.5 79.3 77.8 77.5 76.5 77.1 79.7 80.3 81.0 82.9 82.2 82.4 83.3 81.6 83.0 78.1 83.0 77.1 74.4 74.4 80.3 82.6 81.6 81.6 83.4 81.6 81.9 81.2
85.3 86.0 86.3 83.8 85.2 84.3 82.0 83.8 85.5 83.1 83.5 82.2 79.7 82.6 83.6 83.2 81.5 82.0 84.3 84.4 83.4 83.1 82.2 77.4 70.6 73.0 79.7 79.7 77.8 79.5 79.9 76.0 75.0 74.6 76.5 75.8 74.7 73.0 71.2 70.8 69.1 69.1 64.8 71.9 76.3 78.8 76.6 82.2 80.1 81.2 78.3 79.9 79.0 77.9 76.6 77.8 77.0 79.0 76.7 77.1 79.4 76.7 79.3 81.4 81.3 83.6 82.1 83.6 83.1 81.6 83.2 79.3 81.8 76.8 73.2 74.5 82.4 82.6 80.3 81.4 81.9 82.9 81.5 81.6
86.0 85.7 84.5 84.4 85.5 83.6 84.3 85.1 85.5 84.1 84.8 84.0 81.1 82.1 81.4 83.0 83.2 83.9 82.8 83.8 83.0 82.3 80.1 76.5 70.8 76.0 80.7 80.5 80.8 79.6 79.2 76.0 74.3 78.7 81.3 78.9 78.4 72.8 73.4 72.0 66.5 62.6 65.0 68.8 76.8 78.6 77.9 80.1 81.6 81.1 80.2 80.6 79.9 78.6 78.0 80.2 77.6 79.5 77.6 77.7 79.3 78.3 81.3 81.9 81.5 84.1 84.4 82.9 84.8 82.4 82.1 80.7 81.3 75.5 74.1 75.0 80.7 81.8 79.2 80.8 80.6 82.8 81.4 81.7
