morphological_analysis/q05_1/matrix_q05_1s4.txt
north:            -537.50
south:           -1267.50
east:             2691.00
west:              -93.00
rows:                 148
cols:                 278
null:              -999.0
[rows 0 to 37 of 148, columns 0 to 83 of 278]
-999.0 89.3 86.7 88.1 88.8 86.7 84.3 85.3 85.0 84.8 85.5 84.5 83.9 84.0 84.1 84.7 82.3 81.3 79.0 76.4 75.4 75.2 74.4 72.0 69.6 69.0 68.6 68.5 68.0 67.9 65.7 65.4 69.7 80.6 91.5 100.5 109.9 -999.0 -999.0 -999.0 114.1 96.9 86.5 75.9 67.5 65.0 65.9 61.4 55.8 55.7 55.2 51.7 52.0 49.6 49.6 56.4 60.4 58.9 61.3 62.2 61.8 61.1 58.8 56.0 51.2 46.1 41.9 43.0 44.9 58.4 64.6 56.8 49.4 52.3 50.6 49.0 51.3 53.4 55.4 49.9 53.1 58.1 64.2 72.4
-999.0 89.3 88.3 87.5 89.3 86.8 85.2 84.9 85.0 84.6 85.2 84.0 85.1 83.9 84.7 84.5 84.0 81.6 79.7 75.5 76.0 74.3 74.9 71.6 70.2 68.9 68.6 68.5 68.9 67.5 65.8 64.7 68.7 80.2 89.5 100.3 109.9 -999.0 -999.0 -999.0 112.6 96.3 83.3 75.7 66.9 65.8 66.1 61.3 55.8 56.2 52.9 51.8 51.8 50.0 48.8 56.7 61.4 58.9 61.2 62.1 62.2 61.2 59.1 55.8 51.6 46.3 40.9 43.1 43.6 58.3 64.8 56.8 48.9 52.3 50.1 49.0 50.9 53.6 56.6 49.5 54.4 58.1 62.9 72.7
-999.0 89.3 87.3 95.9 97.1 93.7 94.7 92.8 96.3 93.3 97.1 92.6 94.3 93.0 93.1 95.1 92.2 90.7 92.3 87.6 87.0 87.2 88.0 83.5 83.5 81.4 82.4 80.9 83.5 81.3 81.3 79.1 82.6 91.6 100.6 108.6 109.9 -999.0 -999.0 -999.0 113.5 108.0 98.9 88.1 76.2 74.5 78.6 73.5 67.6 64.8 64.7 61.0 60.3 57.0 58.4 57.4 59.7 59.8 63.2 64.5 62.4 59.9 56.4 55.2 50.0 45.5 45.9 46.3 44.6 58.0 63.6 55.3 48.6 52.9 52.7 53.8 54.8 54.4 56.5 59.4 63.1 68.5 80.8 88.3
-999.0 -999.0 87.2 96.3 94.6 94.1 91.3 93.1 92.6 93.7 93.3 93.0 91.1 100.9 90.4 99.5 89.4 100.2 103.4 88.3 102.8 96.6 99.6 95.4 96.4 94.1 98.2 95.2 99.0 97.3 97.1 94.3 94.4 100.6 111.2 109.0 109.9 -999.0 -999.0 -999.0 113.7 108.6 108.9 99.2 90.2 85.4 89.1 84.5 79.0 77.0 78.0 76.4 76.0 72.6 72.1 69.4 67.8 65.6 63.9 65.9 59.9 62.3 54.0 54.4 54.9 55.9 54.2 54.1 56.8 57.8 63.2 56.7 56.1 57.4 61.8 63.4 64.1 66.4 69.0 72.2 73.6 79.4 90.2 100.0
-999.0 -999.0 -999.0 -999.0 97.2 -999.0 94.7 -999.0 96.3 -999.0 97.1 -999.0 94.3 101.3 93.2 99.7 92.3 100.7 101.1 -999.0 99.7 97.0 97.3 95.9 94.3 106.6 95.2 108.3 95.9 107.8 93.9 105.3 108.7 108.5 109.0 -999.0 -999.0 -999.0 -999.0 -999.0 -999.0 -999.0 116.3 107.8 102.4 97.6 100.8 99.2 93.8 91.9 94.5 90.7 91.1 88.4 87.6 83.5 83.7 78.3 76.9 74.6 75.2 72.2 71.9 69.9 71.5 73.7 69.6 68.0 69.9 69.8 72.0 71.1 77.1 75.5 76.2 77.7 80.3 80.6 82.3 83.5 85.3 89.3 95.5 106.5
-999.0 -999.0 -999.0 -999.0 -999.0 -999.0 -999.0 -999.0 -999.0 -999.0 -999.0 -999.0 -999.0 -999.0 -999.0 -999.0 -999.0 -999.0 103.4 -999.0 102.8 -999.0 99.6 -999.0 96.6 107.2 98.3 108.9 99.0 108.5 97.1 105.8 105.6 108.8 111.2 -999.0 -999.0 -999.0 -999.0 -999.0 -999.0 -999.0 114.9 114.9 112.8 106.5 108.0 108.4 105.8 103.8 106.6 102.9 104.7 100.8 99.8 95.8 98.9 92.9 94.0 90.1 90.4 90.0 90.5 87.5 87.9 90.1 86.2 85.0 87.0 87.5 87.3 86.5 91.3 101.7 90.4 91.8 92.0 93.5 93.4 92.7 95.3 100.5 103.0 111.7
-999.0 -999.0 -999.0 -999.0 -999.0 -999.0 -999.0 -999.0 -999.0 -999.0 -999.0 -999.0 -999.0 -999.0 -999.0 -999.0 -999.0 -999.0 -999.0 -999.0 -999.0 -999.0 -999.0 -999.0 -999.0 -999.0 -999.0 -999.0 -999.0 -999.0 -999.0 -999.0 108.8 -999.0 -999.0 -999.0 -999.0 -999.0 -999.0 -999.0 -999.0 -999.0 116.3 115.2 110.9 115.8 117.8 115.3 117.3 113.9 118.3 113.9 116.2 112.5 111.5 108.9 108.6 107.1 110.6 107.5 108.2 107.9 107.5 104.6 104.3 101.4 100.4 101.7 103.0 103.0 105.5 103.9 109.1 107.9 106.6 104.8 105.6 104.2 104.7 104.3 106.3 108.3 111.4 115.3
-999.0 -999.0 -999.0 -999.0 -999.0 -999.0 -999.0 -999.0 -999.0 -999.0 -999.0 -999.0 -999.0 -999.0 -999.0 -999.0 -999.0 -999.0 -999.0 -999.0 -999.0 -999.0 -999.0 -999.0 -999.0 -999.0 -999.0 -999.0 -999.0 -999.0 -999.0 -999.0 -999.0 -999.0 -999.0 -999.0 -999.0 -999.0 -999.0 -999.0 -999.0 -999.0 -999.0 -999.0 112.8 116.2 115.9 115.6 115.0 114.4 116.0 114.5 121.2 121.0 121.1 117.8 117.0 118.5 117.7 119.7 120.4 120.5 120.7 117.7 117.7 114.2 113.8 115.5 118.1 116.5 118.4 117.0 118.8 115.9 116.9 115.6 116.6 115.0 117.3 115.5 118.8 116.5 118.9 121.2
82.2 -999.0 -999.0 -999.0 -999.0 -999.0 -999.0 -999.0 -999.0 -999.0 -999.0 -999.0 -999.0 -999.0 -999.0 -999.0 -999.0 -999.0 -999.0 -999.0 -999.0 -999.0 -999.0 -999.0 -999.0 -999.0 -999.0 -999.0 -999.0 -999.0 -999.0 -999.0 -999.0 -999.0 -999.0 -999.0 -999.0 -999.0 -999.0 -999.0 -999.0 -999.0 -999.0 -999.0 -999.0 -999.0 117.8 -999.0 117.3 -999.0 118.3 -999.0 120.4 121.5 119.3 121.9 123.1 121.9 123.5 123.6 123.5 123.1 123.6 122.7 124.0 119.0 121.8 121.9 123.4 122.6 122.8 121.9 121.9 122.0 122.0 120.2 121.0 121.7 120.6 120.2 121.3 121.5 121.5 123.0
81.8 79.5 81.3 79.2 78.1 -999.0 87.8 -999.0 78.7 -999.0 84.2 -999.0 -999.0 -999.0 -999.0 -999.0 -999.0 -999.0 -999.0 -999.0 -999.0 -999.0 -999.0 -999.0 -999.0 -999.0 -999.0 -999.0 -999.0 -999.0 -999.0 -999.0 -999.0 -999.0 -999.0 -999.0 -999.0 -999.0 -999.0 -999.0 -999.0 -999.0 -999.0 -999.0 -999.0 -999.0 -999.0 -999.0 -999.0 -999.0 -999.0 -999.0 121.3 -999.0 121.2 122.7 122.3 121.7 122.6 123.5 123.5 124.6 125.0 124.1 122.5 120.7 121.7 122.7 123.1 122.4 124.4 123.4 123.2 123.5 122.7 122.6 123.1 123.2 122.2 122.6 121.9 124.3 124.6 123.2
82.2 79.6 81.5 79.5 79.0 80.4 84.8 75.2 77.6 74.5 83.5 81.0 83.5 82.6 79.2 79.9 81.2 80.7 82.2 80.5 80.5 80.4 78.5 79.8 77.4 71.5 51.7 51.4 58.9 56.8 59.6 63.1 64.5 99.6 73.5 -999.0 77.3 91.7 78.3 85.3 78.2 116.0 111.7 -999.0 -999.0 -999.0 -999.0 -999.0 -999.0 -999.0 117.1 -999.0 -999.0 -999.0 -999.0 122.7 122.5 122.8 123.0 123.5 125.1 124.8 124.7 123.7 119.9 123.2 122.1 123.2 124.1 122.4 123.5 123.0 124.9 124.9 123.8 124.3 124.3 125.1 125.4 124.3 124.1 124.3 127.2 125.7
80.3 79.6 81.3 79.7 78.1 80.6 87.8 75.4 78.7 74.9 84.2 81.3 83.7 82.3 79.3 80.1 80.9 80.4 81.8 80.4 80.6 80.4 78.7 80.0 77.6 71.2 52.9 51.3 58.8 56.9 59.6 63.0 64.0 95.4 71.9 73.2 76.4 89.1 77.6 83.8 76.9 110.2 104.4 72.1 74.5 75.5 -999.0 79.5 80.7 79.8 109.3 78.0 79.7 78.6 79.0 94.1 101.5 122.6 123.6 121.5 124.8 124.7 125.5 124.4 123.4 125.1 123.0 123.2 124.4 122.7 124.3 124.3 125.3 125.0 124.6 125.7 122.9 124.9 125.6 124.0 123.9 125.0 125.8 125.7
80.2 80.1 82.5 82.0 82.1 80.6 73.1 75.4 73.6 74.9 80.8 81.2 83.5 82.4 79.2 80.2 81.2 80.5 82.2 80.4 80.5 80.4 78.5 80.0 77.4 71.3 51.7 51.3 58.9 57.0 59.6 63.0 64.5 90.1 73.5 72.2 77.3 89.4 78.3 83.9 78.2 110.1 111.7 72.4 75.0 75.4 77.6 78.9 80.1 79.7 117.0 78.2 79.9 78.6 78.7 91.6 79.7 117.4 122.4 117.2 111.7 121.9 124.1 123.1 122.8 121.7 123.7 122.4 122.1 121.1 124.4 124.0 122.7 123.5 122.2 123.7 124.2 123.1 123.5 124.5 123.2 123.7 121.8 124.0
80.2 80.6 81.3 87.0 83.7 81.7 78.3 76.4 76.7 77.2 80.6 82.4 84.2 81.0 79.8 81.2 79.7 79.2 80.3 80.1 81.1 80.6 79.7 81.2 78.4 69.9 57.2 51.2 58.3 58.1 59.6 62.5 61.9 66.8 65.8 72.4 72.8 76.0 75.1 75.8 71.3 77.3 75.4 72.5 74.5 75.4 78.3 78.8 80.7 79.6 79.7 79.3 79.7 78.6 79.0 91.5 79.9 89.6 79.3 80.0 82.2 103.9 101.2 102.9 120.7 117.5 122.1 116.7 120.7 113.7 124.0 121.0 121.2 120.4 119.7 120.9 124.8 120.8 122.4 123.3 122.1 118.0 118.7 120.5
80.7 81.2 80.8 85.9 83.1 81.9 81.7 77.0 77.1 78.3 81.8 82.0 81.9 81.2 78.6 79.1 78.4 81.2 81.3 81.5 81.6 81.5 81.5 81.1 79.1 72.0 58.4 53.4 58.6 60.8 60.3 63.1 64.8 66.6 66.0 68.0 72.3 74.4 76.0 77.4 75.7 74.7 76.2 75.2 77.0 75.2 75.3 76.3 77.8 78.7 79.9 80.9 80.6 78.8 77.7 78.5 78.7 78.5 77.0 78.4 77.4 79.5 76.9 77.5 74.1 72.9 72.5 74.1 73.8 72.6 123.0 93.8 117.0 108.0 97.2 95.8 113.4 114.8 121.5 120.0 119.9 88.3 109.7 106.7
81.2 80.9 82.1 82.5 82.3 82.3 84.6 79.2 79.0 83.9 81.7 81.9 83.9 83.3 75.9 78.8 80.2 78.7 79.7 83.4 80.6 81.1 81.2 82.0 78.3 72.0 62.4 54.3 55.7 61.3 63.5 64.7 67.9 68.8 68.8 71.5 71.0 75.3 73.9 76.0 77.9 76.2 76.6 76.1 74.2 75.7 77.2 76.1 76.5 76.8 79.6 79.1 79.0 80.4 81.0 79.4 79.0 78.2 76.2 79.4 80.6 77.0 79.0 76.8 75.4 73.9 72.9 73.4 70.6 69.6 70.6 69.7 68.9 71.2 70.3 73.5 71.8 78.2 71.7 103.1 73.2 76.2 77.8 79.0
82.6 82.1 81.9 82.0 83.3 81.4 82.3 83.0 79.4 83.5 81.4 81.5 87.7 83.4 77.6 79.5 82.0 78.3 81.6 82.3 83.1 79.8 81.1 82.0 78.0 70.8 63.6 57.3 54.1 62.6 68.6 67.5 70.4 71.0 70.8 73.2 73.3 75.0 77.0 75.0 79.8 75.2 76.6 74.9 76.2 75.6 76.5 76.1 76.4 77.8 79.0 79.6 78.5 79.3 81.0 76.6 80.2 79.3 78.4 77.0 79.0 77.3 77.3 76.3 73.6 73.9 72.2 72.0 71.4 66.6 69.9 70.2 70.9 68.3 69.8 70.9 71.6 70.6 73.0 76.5 73.0 74.8 82.8 78.0
83.4 82.8 83.3 82.5 81.5 83.7 83.2 84.2 84.4 82.5 82.0 81.9 86.5 84.2 78.6 79.7 82.6 78.6 80.2 82.0 83.2 81.1 81.5 82.5 77.7 70.6 66.4 62.1 56.3 63.9 66.8 69.5 71.3 72.5 72.2 71.9 75.0 75.3 76.3 77.0 74.8 75.0 75.6 74.3 75.1 73.7 75.9 76.2 75.7 77.8 78.7 78.1 81.9 79.3 80.4 78.6 78.7 78.8 77.7 78.7 76.4 76.8 77.5 76.1 75.3 74.2 72.8 73.1 73.0 69.4 70.0 70.4 70.3 70.5 68.6 71.2 70.9 71.5 73.2 72.8 72.7 73.6 79.0 78.0
84.0 83.0 83.0 85.0 82.8 83.7 82.9 82.4 83.7 81.0 81.4 81.3 85.3 83.6 78.4 81.0 79.6 79.7 80.8 83.2 83.1 80.8 81.8 81.6 77.1 71.1 72.5 67.0 59.0 63.2 73.1 70.4 73.3 73.6 73.1 73.9 76.0 76.2 75.2 76.5 75.3 75.3 74.6 76.6 76.2 74.6 76.3 75.3 75.9 76.9 78.1 76.9 80.7 78.3 79.6 79.1 79.5 78.2 77.3 78.6 77.9 78.7 78.2 76.6 76.9 74.9 73.1 73.9 71.2 70.1 71.1 70.4 70.9 69.7 70.1 72.3 74.8 72.8 73.5 71.4 74.1 74.7 73.9 76.6
81.5 82.5 84.3 84.7 81.9 83.4 82.6 83.6 78.6 81.0 80.4 80.8 83.9 83.3 78.6 79.1 79.9 79.5 80.8 82.3 82.1 79.7 84.3 82.2 77.7 72.7 75.1 69.9 59.5 65.0 67.5 71.8 73.4 74.0 72.0 72.7 74.4 74.3 74.5 75.7 74.8 74.4 75.4 79.6 76.7 74.0 75.4 74.2 77.5 76.1 74.6 77.8 77.6 78.7 78.8 75.4 80.1 77.4 78.1 78.5 79.3 79.1 78.6 78.2 79.1 74.6 74.9 73.0 71.8 70.1 70.7 70.7 73.3 69.1 71.2 72.6 71.9 72.1 73.8 70.8 74.3 73.6 73.9 76.3
85.4 83.8 84.4 85.0 81.2 84.0 83.3 85.3 77.6 82.5 79.7 78.9 80.6 83.8 78.2 80.2 78.7 79.9 81.5 82.0 82.5 80.7 82.7 82.0 75.4 72.0 74.2 72.1 64.7 67.8 68.3 74.7 73.9 73.3 71.6 72.8 72.7 74.1 74.4 74.9 75.9 74.7 76.3 77.1 76.1 75.6 75.5 74.7 75.1 74.7 78.0 78.8 76.6 78.4 80.3 77.1 78.2 77.9 79.4 78.8 77.4 77.9 77.2 78.3 78.0 76.1 75.1 72.1 70.6 71.0 72.3 71.7 70.0 69.7 70.4 71.5 72.1 70.9 72.1 70.3 74.4 74.4 71.1 76.6
84.4 84.2 83.1 84.8 83.8 83.5 84.5 86.2 80.8 81.0 80.1 78.6 83.2 81.4 77.2 79.1 76.8 79.8 79.6 81.8 83.5 81.8 81.2 82.3 74.0 73.7 75.8 72.6 67.6 72.5 69.4 75.3 76.0 74.1 73.0 69.8 70.9 72.3 71.8 74.3 71.4 74.1 74.1 75.2 76.5 76.6 73.5 74.6 76.8 76.3 77.7 77.3 77.6 78.0 79.8 76.9 76.3 78.1 77.3 78.4 78.1 78.9 78.7 76.9 76.7 76.2 74.3 72.5 73.2 71.1 71.0 71.2 70.3 71.2 71.0 72.0 74.0 72.0 73.0 71.9 75.8 76.5 74.3 76.7
83.6 82.6 83.5 84.8 83.4 85.3 86.5 85.7 83.3 77.9 77.9 78.4 82.2 81.6 78.5 78.7 79.5 78.7 80.3 81.9 83.1 81.9 82.3 81.4 75.4 74.0 76.4 71.3 69.9 73.9 75.2 75.3 76.8 75.2 72.0 67.5 68.3 71.7 73.1 73.4 73.4 73.9 73.2 76.4 75.2 74.9 73.5 74.7 72.4 75.9 76.3 78.3 76.3 76.9 78.2 79.5 77.1 78.0 76.7 79.1 78.7 78.2 79.3 77.6 77.5 75.4 74.7 72.5 74.3 70.3 72.8 71.4 71.7 72.9 72.1 74.1 73.9 72.8 73.3 74.9 72.5 75.3 75.1 76.4
79.2 81.9 83.1 82.5 83.6 85.0 86.0 85.2 82.4 77.8 78.0 78.0 78.9 79.9 77.9 79.6 79.2 78.7 81.2 81.4 81.3 81.0 81.0 81.9 76.8 74.8 76.3 71.6 73.6 75.4 79.8 76.4 77.0 74.8 71.9 64.0 64.5 68.6 73.6 72.4 72.5 73.5 73.3 74.7 75.6 75.6 73.7 74.3 71.5 74.1 75.6 78.3 77.1 76.9 79.1 78.8 75.2 77.0 77.3 76.2 78.0 79.5 78.4 78.9 77.2 77.0 73.5 73.5 75.0 69.4 72.9 71.7 73.2 74.5 73.3 74.5 72.2 74.4 73.9 74.7 76.2 74.3 76.5 76.0
78.5 79.6 80.2 82.7 85.7 85.8 85.2 85.1 80.8 78.5 79.4 78.8 80.2 79.8 79.6 80.2 80.6 79.8 79.6 81.4 83.1 82.3 78.6 81.5 76.0 75.9 75.2 74.2 76.7 76.7 80.0 76.7 78.5 74.6 68.9 61.6 62.1 65.9 70.2 73.2 71.6 73.2 73.5 77.1 75.6 73.7 74.3 74.1 74.8 73.3 75.5 76.0 76.7 76.1 77.3 77.9 75.4 75.7 76.5 77.5 77.5 80.1 80.6 78.4 76.4 77.4 74.1 73.5 77.0 72.5 75.3 74.8 75.1 76.3 76.1 74.5 71.8 73.9 74.6 74.5 76.1 74.5 74.2 75.5
78.1 79.0 81.4 82.9 83.4 85.8 83.9 83.8 80.2 80.3 81.7 78.2 80.3 79.5 79.5 81.7 81.1 81.1 81.3 82.4 82.1 81.5 82.8 81.2 76.3 75.9 77.0 75.0 78.6 78.2 79.8 75.2 76.5 74.7 67.9 62.6 64.9 66.4 71.9 71.0 70.6 75.5 73.1 77.3 75.6 75.6 74.3 74.3 75.4 71.9 74.4 75.9 75.9 75.2 75.1 76.2 76.8 76.3 74.3 77.5 77.8 77.7 79.8 78.3 76.6 77.3 73.2 74.5 73.6 73.9 76.5 77.5 77.0 78.2 76.9 77.7 74.3 73.9 73.5 74.7 74.2 76.5 75.0 75.8
80.4 79.2 84.1 81.8 81.7 84.7 84.4 84.5 81.7 80.1 82.3 78.8 79.4 80.0 78.8 82.2 82.5 81.5 82.8 81.9 83.2 80.9 82.3 82.0 76.7 77.1 73.6 75.6 81.5 78.4 77.8 74.7 75.7 74.1 66.5 65.4 62.5 65.7 68.7 70.7 70.8 72.6 72.4 77.0 77.0 77.1 75.6 74.7 78.0 74.3 76.2 75.6 76.8 73.7 74.2 74.7 75.0 75.3 73.4 77.3 74.3 77.1 77.1 77.5 78.2 76.3 73.5 75.2 73.8 77.1 77.9 78.3 78.1 79.8 78.4 78.5 69.9 73.2 74.1 74.5 73.6 75.9 75.7 76.1
79.7 80.9 80.8 82.0 81.8 83.6 85.7 82.7 79.5 80.4 82.2 80.7 81.0 80.9 78.8 81.2 81.5 80.7 81.0 82.4 82.0 82.2 82.9 81.3 76.6 77.9 75.5 76.6 82.9 79.0 77.2 76.7 77.7 74.6 68.6 68.1 63.5 63.9 68.0 71.2 72.0 72.6 75.9 75.0 76.9 79.1 78.1 76.5 75.9 77.6 76.6 75.0 75.3 73.6 75.1 74.2 75.8 76.1 76.2 77.6 77.5 77.5 78.3 77.1 76.6 76.5 75.8 75.9 75.0 81.0 80.5 81.3 80.2 80.5 80.4 79.8 72.6 71.4 71.8 73.4 74.8 75.1 76.5 77.0
78.3 81.6 81.5 81.6 80.5 82.9 80.8 81.2 81.7 80.7 83.4 82.3 78.8 80.2 79.2 81.4 82.0 81.8 82.0 83.1 82.4 81.9 80.7 81.0 75.1 78.2 75.7 76.2 84.0 77.5 77.0 78.7 76.7 75.2 71.1 66.7 63.5 65.4 68.0 70.9 71.8 72.6 73.6 75.3 77.4 78.2 77.4 76.4 77.7 78.3 76.7 76.2 74.9 74.0 78.2 72.7 75.7 76.7 74.9 75.2 78.0 77.3 78.3 78.0 77.9 75.7 73.8 75.8 74.7 83.2 82.6 82.4 78.9 81.3 81.5 77.8 71.8 73.0 69.1 71.8 72.3 72.5 73.7 76.1
79.4 82.2 86.0 81.2 80.6 81.8 81.0 80.5 81.2 80.4 81.6 82.8 81.6 80.9 79.8 82.5 83.1 81.8 83.0 83.0 82.5 82.3 81.1 82.6 72.9 78.4 77.5 75.5 83.3 78.3 76.7 79.5 74.8 74.9 73.2 70.6 66.3 65.1 66.8 69.6 72.0 71.8 75.5 76.3 76.7 78.0 77.5 76.7 75.6 78.5 74.9 76.4 77.5 74.8 79.1 75.5 75.2 75.4 73.3 76.6 75.8 77.1 77.3 78.3 75.8 76.0 77.4 77.3 77.7 83.2 81.7 82.6 81.2 81.7 82.2 76.9 70.7 74.0 73.6 73.0 73.1 73.6 74.4 74.7
81.9 82.6 82.7 81.6 82.4 81.7 81.0 81.0 78.2 79.5 80.7 81.6 79.8 80.6 80.9 83.4 83.1 81.4 82.5 82.3 83.5 83.2 83.6 82.1 75.7 77.7 75.0 78.4 84.4 79.5 77.8 77.2 76.2 72.9 71.8 72.0 70.6 66.6 68.9 68.7 72.3 73.2 76.2 74.4 77.8 78.4 78.7 76.4 75.0 76.1 75.8 76.7 75.7 73.5 76.8 78.4 73.2 76.5 75.3 75.1 75.2 77.9 77.5 78.6 78.1 76.1 79.2 78.6 80.7 83.0 82.6 82.9 83.1 83.2 78.3 75.0 73.1 76.0 75.2 75.3 74.5 75.3 72.5 74.8
83.2 84.8 81.6 83.2 83.9 82.5 79.5 79.4 79.5 79.1 81.4 82.2 80.4 80.5 80.5 83.4 83.1 82.5 83.0 84.7 82.0 83.4 84.6 80.7 76.3 77.5 75.8 78.6 84.9 81.2 80.3 77.5 75.3 72.3 72.7 74.2 72.7 67.6 68.8 69.3 70.7 73.5 76.6 77.3 78.9 79.4 79.1 77.0 76.6 74.4 76.7 77.6 76.0 75.3 74.8 78.2 73.5 76.6 75.1 76.3 76.2 77.5 78.3 77.6 77.2 77.8 79.4 78.9 83.8 81.9 83.2 83.3 81.8 83.0 76.8 74.7 76.6 77.8 80.0 78.4 78.3 76.7 74.4 72.3
84.8 85.7 85.2 83.7 81.4 83.1 82.0 80.7 79.8 80.2 80.7 81.5 82.1 82.0 80.2 82.2 83.2 83.7 81.1 84.4 82.5 84.3 82.6 78.7 74.7 78.4 78.2 78.6 84.4 82.6 80.2 77.9 77.2 72.3 73.0 76.5 75.5 70.5 69.2 68.7 69.7 72.6 75.3 77.5 78.6 79.7 81.3 78.8 80.0 76.3 78.5 78.1 75.6 76.6 75.2 76.5 74.3 75.8 75.2 76.7 75.9 76.2 78.5 79.1 77.7 79.1 78.2 80.6 85.1 82.1 83.7 83.0 82.9 82.8 76.1 75.0 79.5 78.0 81.4 80.0 78.8 78.8 78.3 77.3
84.7 85.9 88.4 83.2 83.2 83.7 82.7 80.9 81.0 80.4 81.9 81.5 82.0 81.3 81.9 82.2 84.0 83.2 82.4 83.6 85.1 84.0 82.5 76.6 75.9 77.4 77.0 80.1 83.5 82.2 80.7 77.3 75.8 73.0 71.9 78.9 79.8 74.0 72.9 69.9 69.6 72.1 76.1 76.9 78.9 79.9 80.1 78.0 85.0 77.3 77.5 78.8 76.9 76.7 76.9 76.8 76.6 76.8 76.0 76.6 77.1 76.0 78.9 79.1 78.3 81.2 79.2 80.3 84.3 82.1 83.2 82.9 82.0 79.8 75.8 75.3 78.9 80.4 81.4 80.6 79.0 80.0 78.7 80.9
87.0 86.3 83.9 83.0 86.4 83.8 84.4 82.2 80.9 82.9 83.0 81.2 81.5 80.9 82.2 82.4 83.3 82.5 83.4 83.0 84.5 83.7 85.2 76.3 77.1 78.5 75.4 80.3 84.5 81.3 78.1 78.2 74.2 74.6 76.8 81.1 81.7 77.5 73.9 71.1 72.2 74.8 75.2 78.0 78.9 79.5 79.3 78.4 81.3 79.9 77.5 78.4 77.2 76.8 81.0 78.0 79.0 76.8 74.0 77.2 78.9 76.7 79.2 79.6 78.9 81.2 79.1 82.0 84.9 83.3 82.6 83.3 81.4 77.5 75.9 73.1 82.1 80.1 80.6 81.0 81.9 81.4 80.6 83.7
85.3 86.6 84.7 84.4 85.2 82.9 84.8 83.0 81.5 83.1 82.7 82.0 81.5 80.8 82.6 83.1 84.5 83.2 82.8 84.0 84.9 84.3 83.3 75.9 79.8 79.0 76.9 81.9 84.5 82.5 78.9 77.0 73.4 73.4 78.0 83.2 79.7 81.3 78.8 72.4 71.4 73.5 73.2 77.7 80.5 78.5 81.1 79.3 82.3 80.5 78.7 79.0 78.8 77.1 80.3 76.9 77.0 76.8 76.1 77.6 77.2 77.2 78.8 79.3 80.9 82.0 80.4 82.8 85.2 84.0 84.2 81.0 81.1 76.9 74.6 74.3 81.9 81.8 79.3 81.3 82.9 81.1 81.0 83.7
85.3 85.2 84.4 84.5 81.7 83.7 85.3 84.0 84.7 83.6 83.5 81.2 81.0 82.3 82.4 82.8 83.9 82.8 84.4 83.4 84.3 85.1 84.1 75.5 81.0 77.8 77.1 80.7 83.4 82.6 78.6 76.5 73.6 74.2 79.5 80.8 80.4 81.7 82.4 74.0 71.1 73.9 75.1 77.6 80.6 80.3 80.8 81.2 79.1 79.9 78.3 79.7 78.7 78.4 80.6 76.9 76.8 77.0 76.3 77.1 78.2 77.4 79.8 82.1 85.1 83.0 80.5 83.9 83.7 83.6 82.4 80.3 80.2 77.4 73.4 72.7 84.5 81.8 75.8 82.2 82.9 81.1 81.2 82.3
86.0 87.5 86.0 84.3 83.9 83.5 83.0 83.3 83.9 83.9 83.4 83.7 81.7 83.5 83.1 83.2 85.6 81.1 84.0 83.5 83.7 85.0 83.2 75.7 81.7 78.5 78.1 82.6 84.2 82.3 80.5 76.6 76.6 77.6 83.1 80.9 79.1 79.0 82.2 78.3 73.9 74.6 75.2 77.8 79.8 81.0 82.5 80.8 78.3 79.5 79.7 79.7 81.0 78.3 74.8 78.3 77.7 78.5 77.3 77.4 79.0 77.5 79.8 80.8 82.1 82.9 83.2 83.1 82.7 83.7 81.5 81.2 80.2 76.2 72.8 73.9 82.9 80.4 80.4 80.6 78.9 82.8 82.4 80.2
