morphological_analysis/q05_1/matrix_q05_1s9.txt
north:            -537.50
south:           -1267.50
east:             2691.00
west:              -93.00
rows:                 148
cols:                 278
null:              -999.0
[rows 0 to 37 of 148, columns 84 to 167 of 278]
82.2 99.5 89.4 103.8 96.9 81.8 68.9 65.4 64.0 65.5 64.2 63.8 64.6 75.7 59.4 61.7 61.9 60.6 58.5 58.3 55.5 54.9 53.5 52.4 51.9 54.1 58.9 57.0 52.7 50.9 47.1 51.5 49.9 55.7 59.5 56.0 51.0 51.0 57.0 54.5 49.2 51.5 58.2 64.9 64.9 60.2 59.7 59.7 62.6 71.0 77.3 89.0 92.5 91.8 88.6 74.9 -999.0 69.0 67.4 68.1 69.7 70.6 73.4 79.1 78.2 78.2 71.9 77.3 75.7 75.1 73.7 77.7 68.6 74.1 77.7 73.3 70.7 70.7 70.9 70.7 70.3 73.6 65.4 69.2
80.5 102.9 101.3 112.1 96.9 85.5 70.9 66.1 62.5 67.1 64.8 63.9 63.8 77.0 66.6 63.8 61.2 61.1 58.1 58.2 55.0 54.9 53.5 52.1 52.0 54.1 59.2 57.1 52.4 51.7 47.9 51.6 49.7 55.8 59.4 56.1 50.6 51.1 56.8 55.1 49.8 51.3 58.9 64.9 65.1 60.2 59.5 64.3 61.3 70.8 76.3 92.5 90.8 92.0 88.5 74.6 74.6 68.8 66.5 68.8 69.2 70.8 72.8 78.9 78.2 79.2 75.6 79.0 74.3 75.2 72.6 77.1 72.6 74.5 78.0 73.4 70.3 71.9 70.6 70.8 69.8 73.9 68.6 69.1
92.0 103.8 114.1 118.7 110.5 95.7 80.7 75.4 70.1 73.6 70.4 70.0 72.1 76.7 71.4 70.6 67.5 70.0 65.6 63.4 60.7 61.2 61.8 58.4 57.0 57.8 58.1 62.9 53.8 55.5 49.3 53.7 53.2 56.8 56.1 56.0 53.8 55.1 57.5 56.9 55.4 57.8 56.2 65.1 65.7 63.0 61.3 68.5 67.2 79.8 83.8 97.9 101.6 99.1 94.5 84.2 72.0 74.1 72.8 73.4 75.9 74.9 78.3 84.9 84.2 79.3 80.3 80.9 80.5 79.7 78.8 79.1 77.0 76.3 76.7 75.2 75.6 75.7 75.2 74.0 76.2 75.7 72.1 74.0
107.0 118.4 121.5 122.7 120.9 109.0 98.4 85.3 81.2 82.7 72.5 76.1 80.4 84.4 80.2 77.7 76.8 77.3 72.0 71.3 70.2 70.9 70.2 70.2 64.3 64.6 63.4 67.9 63.2 66.0 57.9 59.9 56.4 60.9 58.1 59.0 59.2 59.6 61.4 62.0 60.5 66.2 64.3 65.9 63.9 65.5 69.9 73.0 76.1 88.7 89.7 103.9 109.1 112.9 101.8 95.3 84.5 78.8 78.7 79.8 78.6 81.4 85.4 89.3 88.3 85.2 84.8 86.9 83.8 84.5 84.8 86.1 83.8 82.5 80.2 79.8 81.0 81.1 80.3 79.4 83.3 79.0 77.7 78.3
112.2 120.2 121.2 125.0 121.8 116.1 107.4 94.2 87.9 90.6 88.5 83.0 88.1 90.3 89.0 84.0 85.5 84.0 81.5 83.0 79.9 80.6 78.9 80.0 76.4 75.2 73.7 74.2 73.8 73.9 69.2 66.6 66.6 66.5 66.8 66.9 66.8 67.8 67.7 71.0 69.5 75.3 71.4 69.1 72.3 74.3 78.4 79.3 83.8 95.2 98.0 112.5 116.1 118.4 112.2 100.6 88.9 83.9 84.6 84.4 85.9 86.7 90.3 93.8 89.5 89.8 91.1 91.5 88.8 90.7 88.6 89.8 88.1 88.0 87.3 86.4 85.6 87.2 86.6 85.7 88.0 82.8 82.7 85.2
117.7 121.2 122.0 123.7 122.1 120.0 113.4 104.2 99.2 101.4 97.8 91.6 96.6 99.5 96.0 94.9 92.9 92.5 90.3 94.3 90.0 91.8 89.6 87.7 86.9 90.7 84.9 85.1 82.7 82.0 79.9 76.7 77.6 76.7 75.4 75.0 73.8 76.6 76.5 81.7 79.1 83.4 81.7 79.2 80.6 82.3 84.5 86.0 90.6 99.5 107.7 118.5 119.1 118.8 115.7 109.4 93.8 90.9 92.1 91.8 92.0 94.0 95.2 99.7 95.0 97.1 93.0 96.5 93.8 95.7 94.2 93.2 91.1 92.8 92.3 91.3 89.7 94.2 92.2 90.9 91.7 89.7 87.1 90.1
121.0 122.8 122.5 122.2 121.5 123.4 117.7 111.9 108.9 107.8 106.0 101.5 104.2 108.2 106.2 111.0 103.3 99.1 98.2 102.1 99.2 100.7 100.0 97.1 96.8 99.8 93.9 95.9 93.7 91.3 93.5 89.4 89.0 87.2 88.2 85.2 87.6 88.9 87.7 97.1 87.4 91.1 89.5 89.7 89.2 89.8 95.0 94.1 98.6 106.5 114.7 119.2 119.8 119.4 116.9 111.5 98.9 99.1 94.7 98.9 100.1 99.5 102.2 105.4 101.2 102.5 99.4 106.3 100.3 100.2 99.0 98.3 98.6 96.8 98.7 96.3 97.7 98.2 95.7 97.0 97.7 95.2 93.9 100.4
121.1 122.4 122.8 120.7 124.0 123.7 123.1 117.2 115.0 113.9 113.4 116.3 115.3 114.2 115.7 118.4 109.2 110.2 108.5 109.7 107.1 107.7 107.1 116.9 106.4 106.9 104.0 106.4 104.3 102.6 103.6 101.8 101.3 98.1 99.2 96.8 97.4 100.4 99.3 108.2 90.4 98.5 97.7 100.8 98.5 100.8 101.9 100.8 106.7 114.7 120.0 119.8 121.4 118.4 118.3 112.1 104.4 107.7 100.6 107.2 106.9 106.7 108.3 109.5 106.4 106.5 105.5 111.9 104.9 104.5 103.8 104.4 102.5 103.3 101.8 101.7 102.1 108.9 102.0 102.9 104.6 101.8 98.7 105.3
123.5 124.0 123.2 120.3 124.4 123.5 124.8 121.1 119.6 116.8 119.7 121.4 118.7 119.1 119.1 121.4 116.9 118.2 116.3 116.3 112.9 117.2 116.9 119.2 116.7 113.2 112.3 113.1 115.1 112.1 113.9 112.8 111.8 108.7 108.9 106.9 108.5 110.1 108.1 112.0 99.5 106.3 109.1 109.0 108.2 119.0 108.7 107.8 114.5 120.4 123.1 120.3 122.4 120.3 118.1 116.5 111.0 112.5 111.8 112.6 112.2 112.2 112.7 115.4 113.7 112.9 110.9 113.4 110.5 111.7 110.6 111.8 110.6 108.8 106.6 106.8 108.2 111.5 108.8 107.7 106.5 106.8 103.4 106.9
124.6 123.7 123.7 121.7 123.2 124.1 123.1 124.2 123.3 122.2 122.2 123.8 123.0 122.6 122.1 122.3 121.6 121.3 121.1 121.8 120.6 120.2 121.0 120.3 120.3 118.2 116.0 120.1 120.4 117.9 121.0 120.9 120.1 117.5 118.0 116.9 118.0 117.2 118.0 118.7 114.7 114.4 117.2 115.1 116.8 118.0 116.8 115.9 118.3 122.2 123.5 120.7 122.3 120.6 119.5 120.5 118.2 118.0 117.3 116.4 114.8 116.8 116.7 120.5 119.6 119.7 115.5 115.0 115.7 116.6 114.6 117.7 116.1 116.7 112.2 111.8 113.2 115.3 112.8 112.2 113.4 113.4 112.5 111.4
125.1 123.8 123.1 122.3 123.5 123.1 124.3 124.9 124.5 123.8 122.5 123.3 123.7 122.0 122.1 123.5 122.6 123.7 122.8 122.2 121.5 122.3 124.0 122.2 122.0 121.9 119.1 124.1 122.9 123.0 123.5 124.1 124.2 122.0 121.9 121.7 121.9 122.5 122.8 122.2 122.6 120.1 121.6 120.8 123.1 121.9 121.2 120.5 120.5 123.3 125.0 120.3 122.8 121.1 119.9 121.3 122.8 122.2 120.5 121.3 118.6 120.6 122.8 122.1 123.0 121.6 118.8 119.4 119.5 120.2 119.5 118.8 118.4 119.9 118.7 116.4 118.7 118.8 116.4 117.1 117.7 117.7 118.2 116.6
123.6 123.6 123.3 124.1 122.4 123.2 124.9 124.5 125.7 123.2 123.3 121.4 123.7 123.0 122.5 123.7 123.5 124.3 124.0 122.3 123.5 122.9 125.3 122.9 122.5 122.5 122.7 123.8 124.0 124.9 124.4 124.5 123.6 124.1 123.1 122.7 123.6 123.8 123.6 123.4 121.6 121.9 123.8 121.6 124.4 122.1 121.7 121.8 122.6 123.8 125.9 121.1 121.7 121.4 120.2 120.8 123.2 122.7 121.2 121.4 122.3 121.8 122.6 122.2 122.9 121.9 121.0 122.7 121.2 121.1 122.4 120.0 122.2 121.3 119.6 120.0 119.6 120.5 119.1 119.9 119.4 119.2 117.6 117.8
123.7 121.8 122.3 124.1 121.9 123.7 124.7 123.9 124.7 122.9 122.7 120.6 123.4 123.2 120.7 123.8 123.3 123.5 123.9 122.9 123.3 122.8 125.0 122.9 123.7 122.9 123.7 122.4 124.7 125.1 123.7 124.1 124.1 123.7 124.6 123.5 122.8 124.3 124.5 124.2 121.9 123.2 122.9 122.3 124.8 123.0 123.0 121.1 123.8 124.5 123.1 121.7 123.8 121.9 121.1 121.7 123.1 123.0 121.9 122.4 122.2 121.5 122.9 122.5 120.3 122.2 121.4 121.1 120.8 121.4 120.8 120.6 121.2 119.5 119.8 120.1 118.9 122.0 119.2 120.0 119.8 119.8 120.8 119.4
122.0 118.6 121.7 120.3 121.1 121.3 120.7 119.2 121.0 121.6 120.3 118.6 121.2 121.0 121.9 121.6 122.8 123.3 123.8 123.2 122.9 123.0 123.6 121.8 121.9 123.1 122.5 123.7 124.0 124.6 124.3 124.1 124.5 123.3 122.9 124.5 124.5 123.2 123.8 123.7 123.4 124.3 124.2 121.3 123.1 122.0 122.3 122.6 123.3 124.4 122.5 121.4 123.4 122.4 121.2 122.9 123.7 123.5 121.1 123.1 123.3 121.1 121.9 121.7 120.7 122.8 120.1 120.2 120.2 121.2 119.0 120.6 121.1 121.1 120.9 119.8 119.3 122.5 119.7 120.0 119.1 119.7 120.0 119.9
83.7 95.1 81.0 105.8 81.1 111.5 103.1 115.0 120.1 112.0 119.9 88.9 116.3 116.3 121.6 118.4 123.4 122.5 122.1 125.2 122.7 121.6 124.4 102.9 121.4 120.0 121.9 123.6 124.1 125.2 124.5 123.0 122.4 119.4 122.4 120.3 122.3 122.9 124.5 122.2 122.3 120.6 124.4 119.5 121.6 123.1 122.4 119.8 122.7 123.3 123.1 118.2 121.0 120.0 121.5 122.0 122.4 117.7 121.4 121.1 119.5 119.2 122.9 118.0 120.9 119.9 120.4 117.4 121.7 118.7 119.9 120.3 122.4 117.9 118.4 121.0 120.3 120.8 119.1 116.3 117.3 117.6 119.5 117.6
77.3 79.4 80.0 78.0 78.3 78.8 78.2 80.2 77.1 80.0 75.2 76.2 80.2 85.0 81.3 114.8 118.7 95.2 123.3 94.9 123.6 115.7 122.2 84.6 123.3 111.7 122.1 119.4 120.5 122.2 122.6 101.3 120.4 116.5 120.0 105.7 119.3 116.4 115.7 116.1 107.2 83.1 116.6 113.6 113.8 117.4 117.9 115.4 121.9 114.4 122.0 114.7 119.7 114.5 120.4 108.5 119.5 79.6 116.2 101.6 115.9 92.5 109.3 112.0 119.7 98.7 100.8 105.9 116.9 112.5 118.6 112.2 120.7 82.8 118.0 116.1 117.7 119.4 118.2 109.4 119.0 111.0 119.9 114.0
76.8 75.5 78.2 76.8 77.8 77.3 78.1 77.5 77.9 79.4 78.0 76.5 79.4 79.6 77.8 79.8 78.9 81.6 81.8 84.2 79.7 81.5 78.9 79.2 79.1 83.7 80.5 89.1 82.2 97.3 79.0 81.2 76.6 80.0 79.3 81.5 83.4 83.7 84.0 83.2 83.9 82.8 86.0 80.8 78.3 83.3 83.1 82.0 77.7 83.7 80.8 80.8 83.3 81.2 77.3 89.1 74.4 71.7 80.2 76.5 73.0 73.3 72.4 74.0 69.1 72.3 69.1 70.1 72.4 74.9 75.5 75.5 76.7 81.3 75.1 107.7 75.4 107.2 59.9 70.9 55.9 65.0 64.1 94.7
76.9 75.2 76.5 75.6 76.1 77.1 76.8 78.8 79.1 77.2 78.6 77.4 77.2 79.0 76.2 78.5 79.0 80.0 79.0 83.5 83.6 81.3 77.6 79.2 79.1 79.8 79.9 84.4 81.9 87.0 80.2 77.8 79.0 78.3 80.2 79.6 83.0 83.9 85.1 82.0 84.4 83.4 79.4 80.1 75.2 81.9 82.9 82.0 80.0 81.1 80.2 81.9 83.3 81.4 76.9 74.6 73.9 71.7 73.3 74.8 72.3 71.6 72.2 71.5 70.4 68.5 70.1 69.1 74.0 73.1 73.9 74.7 77.5 73.1 72.6 64.4 55.1 57.0 54.8 50.9 56.0 61.6 63.4 66.3
75.4 75.0 75.0 74.8 78.0 75.9 76.7 76.7 78.0 77.0 79.0 75.9 78.3 78.8 76.5 79.7 78.5 79.3 80.2 83.4 82.1 82.3 79.4 80.3 80.3 79.0 80.9 85.9 81.5 82.3 80.6 79.4 79.5 78.5 80.6 78.6 82.8 85.4 85.4 82.0 82.4 81.0 82.3 81.0 77.0 79.7 82.0 84.2 82.7 81.3 81.0 82.7 83.6 84.8 79.3 73.9 74.5 71.3 73.9 74.7 72.2 71.0 72.2 71.8 69.4 68.7 70.1 69.0 71.0 72.9 76.1 75.4 75.6 75.4 74.4 64.2 55.3 54.7 59.9 50.2 57.2 60.0 65.4 64.1
76.6 76.9 75.0 75.1 73.3 76.3 75.7 74.9 78.8 77.2 77.9 77.1 79.9 78.6 76.8 79.8 78.2 78.0 80.2 82.8 82.3 83.3 84.4 82.2 80.0 78.8 82.1 86.2 82.2 83.0 81.9 81.7 78.4 79.0 79.6 80.9 83.7 84.2 88.0 82.1 83.6 84.5 82.5 82.0 79.7 78.8 80.0 84.0 82.9 81.8 82.5 81.6 84.3 83.5 82.2 78.1 72.3 71.5 72.9 76.4 75.5 72.1 73.7 72.4 71.7 68.9 70.0 69.0 71.9 74.0 73.5 75.3 76.0 75.0 72.4 64.1 53.5 56.5 60.5 52.7 56.7 62.4 63.4 62.1
72.2 76.9 75.4 76.0 73.7 74.8 74.7 75.7 77.6 76.4 79.4 76.5 78.6 77.4 75.2 77.8 78.5 79.0 80.6 81.1 83.6 82.6 87.4 83.8 80.1 80.1 79.5 84.4 81.8 83.8 82.4 83.0 81.6 81.0 82.8 81.9 84.9 85.5 86.7 82.6 80.6 84.7 83.0 82.4 80.9 78.0 79.5 81.7 82.7 83.6 83.4 80.4 83.6 82.7 81.9 79.3 75.6 73.8 75.5 78.4 75.9 75.5 77.0 72.8 70.4 70.3 70.0 70.3 73.1 74.4 74.1 75.3 75.8 75.6 74.1 64.0 56.3 56.9 63.0 55.2 60.6 62.6 62.0 64.8
76.5 76.6 75.8 76.5 75.4 74.5 73.7 76.1 75.6 76.6 77.7 77.6 78.9 77.3 78.1 77.9 77.6 78.8 79.8 80.5 83.6 83.1 88.3 83.7 84.6 82.8 78.9 79.1 82.5 84.9 83.5 83.3 82.3 80.9 83.5 82.1 83.4 86.6 85.9 83.6 83.5 83.5 84.4 82.3 83.6 78.7 79.3 80.9 80.8 82.9 83.7 82.8 84.1 82.1 83.3 81.8 78.3 77.2 77.3 80.8 79.3 80.3 80.8 72.7 76.4 71.7 72.6 71.7 73.1 74.9 75.0 75.2 75.6 74.1 73.8 65.7 55.7 59.5 60.1 58.7 62.7 62.7 64.9 63.5
75.1 76.3 77.3 76.2 77.4 76.2 72.4 75.5 76.9 77.3 76.9 76.3 77.9 76.0 78.6 79.0 78.0 77.8 77.1 79.9 82.7 84.9 90.6 86.4 85.5 83.7 79.8 78.1 83.9 84.9 85.5 84.6 81.2 81.9 81.7 81.5 83.2 86.9 84.7 84.3 83.3 83.2 83.8 81.9 82.3 79.8 76.6 79.9 80.2 82.0 84.9 81.8 81.9 83.2 83.4 81.3 78.7 75.8 78.8 83.0 81.6 80.5 80.6 74.1 74.7 73.4 74.4 73.3 73.2 74.1 73.7 74.9 77.0 75.1 74.0 63.5 56.9 62.2 62.8 58.8 63.5 61.3 66.1 67.3
74.9 73.9 75.2 77.9 77.5 75.5 78.8 74.7 76.6 77.1 77.4 77.7 79.7 76.8 76.6 77.9 77.6 78.6 78.8 78.6 82.3 83.7 86.7 84.3 85.7 84.5 81.4 78.2 84.2 84.9 85.2 84.6 83.0 82.3 83.6 81.0 84.6 87.0 85.6 85.3 82.4 85.5 84.4 82.5 80.0 80.4 78.4 79.5 81.1 82.2 81.7 82.5 84.8 84.1 84.3 82.4 82.0 78.8 83.8 83.1 82.6 80.4 83.0 75.3 77.8 73.2 75.6 73.2 73.1 75.2 73.6 75.8 77.9 73.6 73.2 63.1 56.6 64.6 65.6 58.9 59.8 63.1 65.4 68.1
75.4 74.5 73.7 75.3 75.6 75.8 79.9 75.4 76.5 76.3 76.5 78.1 77.1 77.6 74.0 76.8 77.5 77.8 79.2 77.4 79.1 81.4 84.4 83.7 87.0 84.3 82.3 78.5 83.0 86.1 85.6 85.5 85.5 82.1 81.6 83.5 82.8 86.3 84.7 84.9 85.4 84.0 83.4 83.1 82.0 80.3 79.7 79.1 79.8 80.9 82.4 82.7 85.6 85.0 86.0 83.5 81.9 81.7 82.9 83.5 82.5 81.9 84.6 75.8 74.7 72.4 75.6 72.8 73.0 75.5 73.8 75.0 74.6 73.3 71.6 63.8 57.5 67.3 68.3 60.8 57.4 64.0 65.8 67.4
73.0 73.6 76.3 74.2 73.0 75.9 77.0 75.1 75.4 76.5 77.8 77.9 77.5 77.2 71.6 77.7 75.8 77.3 77.3 77.4 77.5 78.5 81.9 83.4 83.8 84.1 84.3 81.4 82.4 86.5 84.1 84.5 83.6 82.4 83.6 82.7 82.2 85.4 86.0 84.1 85.2 83.6 83.1 83.2 80.2 82.1 78.9 80.3 81.1 81.7 80.0 81.7 85.4 84.6 85.7 84.0 84.4 83.4 82.7 83.8 83.1 82.7 80.9 73.9 72.0 74.7 75.1 73.3 74.7 74.5 73.4 74.1 73.8 72.0 72.0 64.5 61.4 69.2 71.6 63.3 64.0 66.1 65.9 67.7
75.9 73.6 74.5 72.6 73.0 75.2 77.3 74.3 75.6 76.8 76.0 76.8 77.6 75.8 71.8 76.5 75.7 76.7 76.4 77.2 74.7 75.8 81.0 83.8 83.8 84.6 82.6 82.2 83.0 84.3 85.6 85.4 83.8 84.0 84.0 82.2 82.9 84.1 84.8 84.1 84.9 83.7 82.3 83.1 80.1 81.1 78.5 78.5 81.5 81.3 82.2 81.7 85.7 85.6 86.7 85.1 83.3 85.1 83.6 83.9 82.3 84.5 77.3 75.0 73.9 74.9 76.1 74.5 72.0 74.0 75.7 73.8 72.3 73.1 68.8 63.9 64.4 70.3 71.9 67.2 64.8 68.7 70.5 68.9
75.5 74.1 75.6 72.8 73.9 75.7 74.4 75.5 76.8 76.4 77.2 75.9 77.4 77.5 73.9 76.9 77.3 79.0 76.0 75.7 75.6 74.4 76.9 81.5 83.2 83.7 81.6 84.0 82.8 84.6 85.7 86.2 83.3 84.3 83.9 81.3 81.2 84.7 84.7 83.8 84.4 84.7 81.2 81.9 80.7 80.5 78.8 77.9 80.7 82.7 83.4 82.2 84.8 85.6 86.4 84.6 84.1 84.6 83.4 83.7 82.1 82.5 77.6 74.8 74.8 75.8 74.4 73.6 73.6 73.2 72.6 71.7 71.1 74.1 69.0 63.6 68.0 73.3 73.4 68.5 67.1 71.8 72.8 72.4
74.5 75.7 75.0 74.3 73.4 75.8 72.3 74.9 76.9 76.6 76.8 75.0 77.3 77.7 75.1 78.4 77.1 76.7 74.5 74.1 74.8 73.6 76.4 79.1 78.1 79.4 82.7 83.9 83.0 85.1 84.3 86.5 84.9 84.2 82.5 79.4 79.0 83.9 84.4 82.5 82.0 83.7 81.2 80.2 80.6 80.6 79.7 79.2 80.2 81.8 83.8 83.4 83.1 84.5 85.6 84.1 85.2 84.6 81.8 83.7 81.1 80.9 74.7 76.3 75.0 76.2 74.0 74.4 73.6 71.4 70.3 70.3 72.8 74.1 70.2 64.8 71.9 74.2 71.1 69.2 66.1 73.5 74.2 72.0
75.4 76.6 76.7 74.2 75.0 75.3 74.7 75.3 74.7 77.5 75.6 75.9 77.5 77.4 78.0 77.2 77.0 76.1 74.7 72.9 74.3 74.7 77.1 78.8 77.2 76.3 78.5 81.9 80.9 82.0 85.2 85.0 83.5 84.1 85.0 78.7 77.8 82.4 83.9 81.6 83.7 83.2 81.4 79.6 80.9 81.2 79.1 80.0 81.5 82.6 84.4 83.6 84.5 85.2 84.1 86.2 83.2 84.5 82.0 82.8 83.5 78.4 76.6 77.1 77.9 76.4 74.8 74.8 73.6 72.5 71.3 70.4 73.9 72.9 67.7 65.8 72.4 74.3 71.7 71.0 65.5 71.0 74.0 71.8
77.4 76.4 76.4 76.5 75.3 76.5 75.5 75.9 77.5 76.9 77.3 74.9 76.8 76.1 79.2 76.4 77.0 75.1 75.0 73.4 71.7 73.8 74.8 75.6 76.5 77.5 77.0 79.4 82.4 81.8 86.1 86.8 81.8 82.9 80.9 78.0 78.7 81.5 83.5 80.9 81.6 82.2 81.9 79.6 79.9 80.4 80.0 80.8 81.9 82.8 85.8 82.5 84.5 85.9 81.9 86.8 83.0 84.5 82.5 81.7 81.6 75.9 75.4 76.1 73.6 75.0 74.6 73.5 73.6 72.3 71.0 73.0 74.9 71.9 67.9 64.5 76.3 76.7 72.1 73.6 68.1 70.7 73.8 70.4
77.8 78.1 76.1 76.6 76.9 77.1 73.6 75.7 78.7 75.9 75.1 74.6 76.6 76.6 79.9 76.5 76.9 75.2 76.7 74.3 72.3 72.3 74.9 74.4 76.9 78.4 74.7 76.1 77.0 81.7 88.2 86.1 83.3 82.6 79.6 78.2 77.7 80.9 83.3 80.1 83.5 81.9 83.0 81.4 79.7 80.7 76.7 83.3 80.4 82.8 84.5 82.5 87.2 84.7 84.4 85.1 83.6 84.4 84.6 82.4 78.2 74.1 77.9 75.0 77.3 74.8 72.4 74.9 73.8 72.3 70.4 73.5 75.1 68.3 69.3 65.9 78.5 75.7 71.4 74.2 70.8 70.7 70.1 68.9
76.5 77.1 77.5 76.1 77.0 76.2 76.5 76.2 75.8 76.9 74.7 75.4 76.6 76.1 77.1 76.6 76.3 74.1 75.8 75.2 73.4 70.5 72.1 73.5 78.0 77.7 77.1 72.7 75.3 82.4 81.0 84.3 82.9 83.6 81.5 79.2 80.9 81.4 82.9 79.2 81.5 81.4 84.4 81.3 80.8 80.9 80.8 82.0 80.3 80.8 81.4 82.6 83.3 84.4 83.8 84.4 83.9 84.3 82.7 79.4 77.5 75.6 78.0 76.0 75.4 75.2 74.2 74.1 73.1 71.9 72.4 73.7 76.8 68.4 69.0 67.0 79.3 76.6 72.4 74.8 73.5 71.7 68.7 69.7
77.3 76.7 76.6 75.2 76.7 75.4 74.9 75.9 77.2 76.2 75.8 75.1 74.8 76.3 74.8 75.9 77.1 75.4 76.2 75.8 72.9 70.2 69.7 71.8 76.2 77.5 77.7 73.3 72.9 75.5 77.9 82.6 80.6 81.9 80.7 80.8 81.8 82.7 80.7 80.4 80.6 81.7 80.6 80.1 79.9 80.7 79.8 82.0 81.8 81.8 83.8 82.6 83.0 84.4 84.7 84.4 83.6 83.8 79.9 79.6 75.9 77.5 81.1 77.1 76.4 74.8 74.3 74.2 73.9 75.1 74.1 73.3 73.6 68.6 67.2 66.5 81.9 77.6 75.4 75.4 74.7 73.0 71.7 70.3
78.3 77.4 76.6 76.7 75.7 74.3 75.5 75.4 76.9 76.3 77.3 75.8 76.1 75.9 74.6 74.6 76.1 75.4 77.3 77.0 72.8 70.7 68.1 70.3 73.4 74.5 77.5 75.3 72.4 74.4 75.9 79.5 81.2 80.5 80.2 81.5 83.3 83.6 81.5 81.2 81.9 82.0 81.0 81.5 79.1 81.7 80.9 80.6 80.0 83.0 84.1 82.4 84.2 84.1 82.2 84.0 82.1 81.4 78.0 79.4 75.0 79.4 80.6 76.5 75.1 76.1 75.5 74.4 72.9 74.9 76.8 75.0 78.1 70.7 69.9 68.8 78.8 76.9 74.4 76.0 77.2 77.9 74.0 73.5
80.9 80.0 77.7 76.8 77.2 76.3 76.3 74.9 75.9 76.8 76.2 75.2 75.5 75.4 76.0 75.0 75.4 75.7 76.5 77.4 74.6 71.2 70.2 68.6 71.8 72.9 75.6 76.0 75.9 75.4 73.9 75.1 75.8 79.3 81.2 81.0 82.3 81.5 79.4 81.8 80.7 81.9 80.7 80.9 80.7 81.0 82.3 82.7 81.1 83.3 85.0 83.7 86.2 82.0 82.3 81.7 80.6 81.0 77.1 78.6 78.6 81.1 80.6 77.7 77.9 77.3 72.5 73.9 72.6 74.9 75.9 73.6 76.3 72.2 68.4 71.3 79.1 76.8 75.7 77.3 76.4 81.3 80.0 76.4
81.6 83.5 80.2 78.5 78.1 77.0 75.3 75.1 77.9 77.2 77.1 77.0 74.9 75.1 75.1 75.1 75.8 77.2 74.8 76.9 76.6 71.9 71.0 69.3 69.8 71.0 72.6 75.3 75.4 76.4 73.7 74.6 73.9 77.7 80.6 81.8 84.3 81.1 82.5 82.4 82.2 80.3 81.0 82.0 83.9 80.9 81.7 83.2 83.4 83.6 83.6 84.1 85.8 83.0 82.7 80.9 78.9 81.7 77.1 80.0 82.4 80.0 79.1 80.1 77.1 77.0 75.9 73.4 72.9 76.9 74.7 72.9 75.0 73.8 67.7 73.2 79.6 76.3 75.4 78.0 80.4 80.6 80.7 77.0
81.6 81.5 80.3 80.7 79.6 79.8 76.8 76.0 76.1 77.2 77.9 77.1 76.1 77.3 76.0 74.4 75.4 79.9 77.1 76.6 76.1 72.3 71.0 70.1 69.0 71.5 71.8 74.1 73.3 77.1 77.1 75.3 74.8 76.2 79.9 79.5 84.3 83.4 83.2 82.4 82.7 80.5 82.0 82.6 80.5 81.2 82.4 83.9 82.2 83.9 81.5 83.5 84.0 84.0 82.9 80.9 82.3 84.3 80.4 81.1 80.2 81.4 78.0 78.6 78.6 77.1 75.5 74.0 74.6 77.6 74.7 72.4 77.3 75.3 66.3 72.1 78.5 76.8 77.6 79.1 78.2 80.1 79.6 78.4
