morphological_analysis/input_data/surveys/q07_1/matrix_bed_q07_1s6.txt
north:            -537.50
south:           -1267.50
east:             2691.00
west:              -93.00
rows:                 148
cols:                 278
null:              -999.0
[rows 0 to 37 of 148, columns 84 to 167 of 278]
47.9 53.0 58.1 53.7 54.3 55.1 56.3 56.7 63.1 54.9 47.1 50.3 55.4 57.1 55.3 61.1 55.5 51.2 46.3 56.3 58.5 61.3 49.1 57.8 52.2 47.5 52.7 59.6 63.1 62.8 60.7 52.5 58.4 62.1 59.3 62.4 69.6 71.0 73.9 68.5 68.1 70.7 64.3 66.0 62.2 61.6 52.0 52.1 61.3 68.5 66.1 66.1 63.0 68.7 64.3 62.6 66.8 59.7 68.4 74.5 63.3 69.9 69.2 65.9 69.8 73.9 78.8 74.3 75.7 73.3 64.2 53.7 47.1 55.7 69.4 66.6 73.2 83.9 85.0 79.6 63.8 63.2 69.4 70.3
48.4 53.6 56.8 53.6 54.8 55.2 56.3 56.5 63.1 55.1 46.9 50.3 55.2 57.2 55.9 61.1 55.2 51.9 50.1 56.4 59.1 61.1 49.4 57.9 53.5 48.3 52.6 59.9 62.7 63.2 64.7 52.5 57.8 62.1 57.1 62.4 69.6 70.9 73.5 68.4 67.8 70.9 63.9 66.4 63.3 61.9 50.5 52.2 61.6 68.5 66.3 66.0 62.9 68.8 64.3 62.6 66.2 60.5 67.7 74.8 63.3 70.1 69.6 66.0 69.7 74.0 78.2 74.5 75.8 73.4 64.4 53.7 48.7 55.8 69.3 66.6 72.9 83.9 84.4 79.5 63.5 63.2 69.3 70.4
49.0 55.4 70.3 55.8 53.6 55.4 55.9 60.0 63.4 59.7 48.1 51.9 56.8 57.4 56.1 61.7 56.7 51.7 50.5 56.3 59.1 61.1 50.2 60.3 53.3 51.1 53.9 61.2 64.4 63.3 68.5 53.5 61.1 65.8 61.2 65.1 67.2 72.0 78.2 71.0 69.8 72.1 66.0 69.2 64.1 63.9 51.1 50.6 60.7 68.3 65.6 67.4 63.6 70.9 64.0 63.4 68.8 65.4 70.7 76.8 66.3 72.5 71.1 67.0 70.5 75.0 81.2 77.4 75.3 74.7 62.7 53.9 47.7 56.2 72.4 69.1 76.6 84.6 84.8 81.0 64.8 65.5 71.8 70.9
49.1 77.0 65.8 55.9 66.3 57.7 58.1 62.0 70.3 63.1 50.4 54.5 57.7 59.4 54.7 60.6 54.8 55.8 55.3 57.1 61.8 59.9 51.6 62.3 58.3 51.5 54.7 65.4 66.4 65.8 68.0 56.8 63.8 70.1 63.9 68.4 68.4 73.0 76.2 74.4 69.2 75.1 70.9 76.1 66.4 66.0 53.2 50.7 60.7 68.1 66.6 67.3 66.1 71.2 67.1 64.3 71.3 67.3 73.3 77.6 69.2 74.6 74.4 69.4 71.5 73.1 83.6 79.7 78.8 75.8 62.6 55.4 49.7 57.4 68.8 70.8 78.8 85.8 84.8 82.3 66.1 69.1 73.0 72.2
49.1 78.2 70.4 -999.0 63.8 56.4 53.3 64.3 68.2 64.0 52.2 54.6 58.7 59.0 56.9 64.4 60.7 59.1 55.1 57.0 64.4 60.0 52.5 64.1 60.4 55.5 55.9 66.7 70.0 66.1 71.1 57.0 67.4 70.0 68.7 70.3 76.1 75.7 79.3 75.8 76.4 77.1 72.9 75.9 71.7 67.3 54.3 50.5 60.6 67.2 73.9 69.1 67.2 71.2 69.9 62.1 72.7 69.1 77.1 77.8 71.3 76.8 75.2 72.5 73.5 74.0 85.3 82.9 81.3 76.9 64.0 56.4 45.2 58.9 72.0 73.9 84.5 85.9 -999.0 84.8 73.1 71.8 72.3 72.7
49.1 -999.0 -999.0 -999.0 66.4 56.3 55.6 65.1 72.0 66.4 55.2 59.2 59.5 59.4 57.8 62.2 60.6 61.6 58.0 59.3 65.7 62.2 52.7 64.0 61.9 55.5 56.2 71.2 73.9 67.8 72.6 57.5 67.3 76.6 70.7 74.3 73.1 74.5 78.5 76.5 78.9 79.4 74.1 75.8 70.9 67.8 55.8 50.5 59.3 65.8 72.5 69.2 67.1 -999.0 69.8 63.8 74.4 71.8 77.6 80.6 72.0 79.9 76.6 75.9 74.7 74.5 85.0 84.1 82.3 78.3 61.0 57.0 47.1 59.8 70.2 74.0 83.3 86.0 -999.0 84.6 71.4 72.6 73.7 75.6
-999.0 -999.0 -999.0 -999.0 -999.0 -999.0 55.1 56.1 67.2 67.2 54.9 60.3 61.5 60.1 55.4 61.6 62.1 63.2 62.1 62.2 65.0 65.0 56.3 67.2 65.9 59.6 61.4 72.6 75.2 71.1 78.1 59.3 70.4 77.3 71.7 78.2 74.7 73.9 80.3 78.8 77.5 81.3 76.2 76.8 71.1 70.1 59.8 53.7 57.8 65.7 74.0 -999.0 67.3 -999.0 69.8 71.5 75.9 75.6 80.1 81.3 74.2 83.2 78.3 78.9 74.9 73.5 85.3 85.8 84.0 78.6 61.9 55.7 47.6 57.9 68.3 74.9 83.7 86.0 -999.0 84.6 75.8 74.7 74.1 76.2
-999.0 -999.0 -999.0 -999.0 -999.0 -999.0 55.6 55.7 66.3 67.7 55.6 60.9 62.2 60.9 57.8 61.5 62.5 64.3 62.1 62.7 68.0 65.7 58.8 69.5 68.3 61.3 66.1 73.7 76.3 74.5 79.9 63.9 70.5 79.7 74.1 78.4 74.8 73.3 77.7 79.2 82.1 82.3 81.0 79.2 73.5 70.2 61.8 53.0 58.1 -999.0 -999.0 -999.0 -999.0 -999.0 69.8 81.1 75.3 77.9 84.9 81.4 76.9 84.8 77.7 81.5 79.6 72.0 -999.0 85.9 85.8 79.1 61.1 51.3 48.5 58.6 70.4 76.1 84.6 86.0 -999.0 -999.0 79.3 74.9 74.6 78.0
-999.0 -999.0 -999.0 -999.0 -999.0 -999.0 -999.0 -999.0 66.5 67.3 76.2 61.4 61.6 59.8 55.7 61.6 62.4 66.0 64.4 64.6 69.8 68.5 60.5 69.9 69.0 62.9 68.4 74.2 78.1 74.1 80.5 67.5 67.9 81.0 79.9 78.4 76.9 74.1 77.1 79.8 83.6 83.0 81.0 79.3 75.1 73.2 59.6 53.0 57.8 -999.0 -999.0 -999.0 -999.0 -999.0 -999.0 82.9 73.9 79.2 84.0 84.0 79.1 85.5 81.3 83.5 77.8 71.9 -999.0 -999.0 85.5 79.1 62.1 51.8 48.7 57.7 69.2 78.5 86.1 -999.0 -999.0 -999.0 82.7 76.0 77.4 80.4
-999.0 -999.0 -999.0 -999.0 -999.0 -999.0 -999.0 -999.0 66.3 67.3 72.6 61.4 61.7 59.7 56.1 61.6 62.4 66.1 64.2 64.7 69.6 68.6 60.2 70.2 68.9 63.0 68.4 74.2 78.0 74.1 80.5 69.2 68.4 82.9 79.7 78.2 76.5 73.8 77.0 79.7 83.8 82.9 83.8 77.2 75.4 76.7 84.6 -999.0 -999.0 -999.0 -999.0 -999.0 -999.0 -999.0 -999.0 -999.0 74.0 79.5 84.9 83.9 80.6 85.9 80.9 85.2 76.1 71.3 -999.0 -999.0 85.8 79.5 61.6 50.6 47.2 58.5 66.7 77.6 86.1 -999.0 -999.0 -999.0 83.2 78.0 77.0 82.9
-999.0 -999.0 -999.0 -999.0 -999.0 -999.0 -999.0 -999.0 -999.0 -999.0 76.4 -999.0 61.6 -999.0 55.7 -999.0 62.4 -999.0 64.6 -999.0 69.9 -999.0 60.5 -999.0 69.0 -999.0 68.6 -999.0 78.2 -999.0 80.6 69.3 67.9 83.1 80.7 78.0 76.9 73.8 76.9 79.7 84.0 82.9 83.1 77.1 75.6 78.8 79.9 -999.0 -999.0 -999.0 -999.0 -999.0 -999.0 -999.0 -999.0 -999.0 73.8 79.5 -999.0 83.9 80.6 85.9 81.0 85.4 76.4 71.3 -999.0 -999.0 -999.0 79.5 61.5 50.5 47.2 58.5 67.2 77.6 86.1 -999.0 -999.0 -999.0 83.1 82.9 77.0 83.0
-999.0 -999.0 -999.0 -999.0 -999.0 -999.0 -999.0 -999.0 -999.0 -999.0 -999.0 -999.0 -999.0 -999.0 -999.0 -999.0 -999.0 -999.0 -999.0 -999.0 -999.0 -999.0 -999.0 -999.0 -999.0 -999.0 -999.0 -999.0 -999.0 -999.0 -999.0 -999.0 -999.0 -999.0 -999.0 -999.0 -999.0 -999.0 -999.0 -999.0 -999.0 -999.0 83.9 -999.0 -999.0 -999.0 84.7 -999.0 -999.0 -999.0 -999.0 -999.0 -999.0 -999.0 -999.0 -999.0 -999.0 -999.0 -999.0 -999.0 80.8 -999.0 80.9 -999.0 76.1 -999.0 -999.0 -999.0 -999.0 -999.0 61.5 -999.0 47.0 -999.0 66.7 -999.0 86.1 -999.0 -999.0 -999.0 83.2 83.1 76.9 -999.0
-999.0 -999.0 -999.0 -999.0 -999.0 -999.0 -999.0 -999.0 -999.0 -999.0 -999.0 -999.0 -999.0 -999.0 -999.0 -999.0 -999.0 -999.0 -999.0 -999.0 -999.0 -999.0 -999.0 -999.0 -999.0 -999.0 -999.0 -999.0 -999.0 -999.0 -999.0 -999.0 -999.0 -999.0 -999.0 -999.0 -999.0 -999.0 -999.0 -999.0 -999.0 -999.0 -999.0 -999.0 -999.0 -999.0 -999.0 -999.0 -999.0 -999.0 -999.0 -999.0 -999.0 -999.0 -999.0 -999.0 -999.0 -999.0 -999.0 -999.0 -999.0 -999.0 -999.0 -999.0 -999.0 -999.0 -999.0 -999.0 -999.0 -999.0 -999.0 -999.0 -999.0 -999.0 -999.0 -999.0 -999.0 -999.0 -999.0 -999.0 -999.0 -999.0 -999.0 -999.0
68.0 69.8 66.6 68.8 70.0 68.5 -999.0 72.2 47.3 71.3 41.4 42.5 -999.0 51.8 53.6 67.0 56.4 -999.0 61.5 -999.0 83.1 -999.0 -999.0 -999.0 -999.0 -999.0 -999.0 -999.0 -999.0 -999.0 -999.0 -999.0 -999.0 -999.0 75.1 -999.0 -999.0 -999.0 82.3 -999.0 -999.0 -999.0 -999.0 -999.0 -999.0 -999.0 -999.0 -999.0 -999.0 -999.0 -999.0 -999.0 -999.0 -999.0 -999.0 -999.0 -999.0 -999.0 -999.0 72.4 -999.0 -999.0 -999.0 -999.0 -999.0 -999.0 -999.0 -999.0 -999.0 -999.0 -999.0 -999.0 -999.0 -999.0 -999.0 -999.0 -999.0 -999.0 -999.0 -999.0 -999.0 -999.0 -999.0 -999.0
67.4 69.2 66.9 68.2 69.1 68.6 60.1 69.4 48.3 66.3 40.5 42.3 43.1 50.3 52.9 65.1 55.8 54.5 61.2 61.2 78.7 60.7 59.7 62.7 -999.0 70.5 64.7 -999.0 68.2 70.5 63.0 64.7 65.4 65.1 73.4 64.1 66.2 67.0 77.8 67.0 64.3 64.6 66.0 65.6 67.0 70.6 66.8 72.8 71.1 68.4 -999.0 70.8 69.5 70.9 70.6 72.0 71.9 72.8 72.3 72.4 72.8 75.0 74.8 73.8 -999.0 74.8 72.7 74.4 73.4 80.1 75.6 81.1 75.2 -999.0 -999.0 -999.0 -999.0 -999.0 74.1 81.0 72.1 73.3 72.1 75.6
68.0 69.2 66.6 68.1 70.0 68.5 61.2 68.8 47.3 67.1 41.4 42.2 42.9 49.7 53.6 65.2 56.4 54.8 61.5 60.9 83.1 60.7 59.4 62.7 62.8 70.0 64.5 64.6 67.6 69.6 62.8 64.8 65.4 65.0 75.1 64.1 66.2 66.9 81.8 67.0 64.3 64.9 65.4 65.8 66.7 70.3 67.4 72.3 70.2 68.6 70.2 70.6 69.6 70.7 70.8 71.8 72.2 72.7 72.2 72.4 73.6 74.9 74.8 73.8 72.6 74.7 72.9 74.3 73.4 81.3 75.4 80.5 75.1 73.6 74.3 72.0 -999.0 73.3 74.3 80.0 72.8 73.3 72.1 75.4
65.2 65.8 67.8 64.7 65.3 68.1 56.4 55.3 52.7 41.0 37.2 41.0 43.8 46.4 50.4 54.8 53.6 56.2 60.1 57.5 61.5 60.6 59.7 62.6 63.1 67.5 64.7 64.7 68.2 69.2 63.0 64.8 65.4 64.9 66.7 64.3 66.2 66.9 64.1 66.9 64.3 65.2 66.0 65.9 67.0 70.3 66.8 72.2 71.1 68.6 70.1 71.8 69.5 70.7 70.7 71.4 71.9 72.7 72.3 73.2 72.8 74.8 74.8 73.9 72.8 73.5 72.7 74.3 73.4 76.0 75.6 80.0 75.2 73.8 74.4 72.0 73.3 73.0 74.1 79.3 72.1 73.6 72.1 75.4
67.2 65.1 64.5 65.4 64.6 64.8 60.9 56.1 54.9 43.8 35.9 41.0 41.3 46.9 52.2 55.2 54.7 57.6 56.4 59.7 60.9 60.3 58.5 62.4 62.3 63.9 64.0 64.8 65.3 63.9 62.1 65.4 65.6 64.6 63.7 65.9 64.0 66.1 65.5 64.7 66.2 66.9 63.3 66.5 65.7 68.6 69.7 69.0 66.6 69.7 69.5 70.2 70.0 70.2 71.3 70.8 72.8 72.5 72.0 73.7 76.7 74.2 77.6 74.1 72.8 72.5 73.7 73.7 73.3 73.5 74.8 76.6 74.5 73.8 74.3 72.8 73.3 73.1 75.2 73.9 75.7 73.8 72.1 74.7
68.0 65.3 63.1 64.8 63.3 60.9 55.5 54.5 55.3 43.8 41.4 41.7 46.5 49.5 51.3 54.7 55.1 57.7 57.2 61.2 60.7 60.1 60.4 61.8 65.1 63.5 63.5 65.5 64.1 64.0 62.2 65.3 62.0 65.8 65.4 66.6 63.4 63.8 65.4 64.2 68.3 66.0 66.2 66.3 67.3 68.0 65.8 67.2 66.1 69.3 69.5 69.8 70.1 71.4 74.1 71.4 69.0 73.5 74.6 73.9 69.0 73.2 75.1 74.4 76.2 73.9 71.9 73.7 74.8 73.3 79.3 74.4 75.9 74.7 74.7 73.5 73.4 72.9 71.8 73.6 72.0 73.9 71.7 74.8
70.0 65.6 62.3 63.5 61.7 59.6 60.1 54.0 55.1 46.3 42.3 44.0 41.2 49.2 54.5 54.2 55.7 57.6 56.8 61.5 60.9 60.2 63.1 63.4 59.5 64.0 62.8 67.2 62.1 66.1 66.9 64.3 69.3 64.4 63.4 65.1 64.5 64.6 63.6 64.5 66.8 66.1 64.6 65.8 66.0 65.3 67.5 67.0 68.8 66.3 70.2 70.5 69.9 70.7 72.8 72.1 69.2 73.3 72.3 74.0 73.0 73.8 75.5 73.0 73.4 68.8 73.0 72.6 77.2 74.3 69.9 74.7 77.1 73.8 74.1 74.1 73.5 74.6 74.5 74.1 74.4 72.3 71.7 74.8
67.8 67.4 62.3 63.6 61.5 59.4 56.8 55.0 55.5 53.1 43.8 44.8 50.7 50.1 53.9 53.9 54.5 56.0 57.3 60.9 61.8 60.1 63.0 61.9 67.1 64.4 63.0 63.2 62.8 64.4 65.9 63.8 66.4 64.2 65.2 64.1 64.4 65.3 65.8 65.2 66.7 66.3 66.4 66.2 68.1 65.8 67.1 67.0 68.5 67.0 68.1 73.1 71.3 70.9 73.6 72.1 74.1 73.0 73.1 74.3 71.9 74.4 71.9 73.2 73.9 73.6 72.9 73.9 74.3 75.1 73.2 76.2 77.9 74.9 74.6 73.9 76.6 74.7 73.4 74.5 74.9 73.5 74.6 73.6
68.0 66.8 61.8 68.5 61.6 58.1 55.8 54.8 55.0 53.2 47.6 48.2 48.2 50.9 54.1 54.9 56.2 56.6 59.4 59.6 61.4 60.8 64.1 59.0 63.7 62.4 65.4 62.0 63.3 64.9 64.6 63.1 66.3 64.6 67.0 65.8 65.8 65.6 67.6 65.9 66.5 67.2 65.9 68.6 67.9 66.1 67.3 67.1 68.9 68.6 72.4 71.6 71.0 71.1 72.6 73.3 71.5 73.2 73.4 72.5 73.5 73.4 77.3 73.4 76.4 73.0 72.6 73.9 74.6 74.4 75.8 75.9 77.0 75.7 76.2 76.0 76.7 73.5 74.7 73.8 74.1 75.1 69.9 73.8
64.2 66.9 63.0 62.5 61.0 57.7 57.6 54.5 54.3 55.1 51.3 51.7 50.3 51.6 54.0 57.4 56.0 58.4 59.2 59.4 60.5 60.3 60.6 61.5 63.6 62.6 63.7 64.3 63.0 65.3 65.3 63.0 65.5 64.4 65.2 65.9 64.6 65.6 64.4 66.4 68.0 66.1 67.0 69.6 64.4 67.1 68.4 69.0 68.5 69.2 70.6 72.0 73.3 71.7 72.9 72.1 75.4 72.6 72.4 73.5 75.8 72.4 68.6 73.2 75.3 72.6 74.2 73.7 73.4 71.7 74.0 75.8 75.8 76.8 75.8 77.5 72.6 75.4 74.4 74.7 73.8 75.4 75.1 74.9
60.6 64.8 64.8 64.4 61.2 57.6 53.1 54.5 54.1 55.7 51.8 53.7 51.2 52.2 53.7 56.3 57.4 57.0 58.2 59.6 59.8 60.3 57.6 60.8 63.4 62.2 63.4 64.0 63.6 62.9 65.3 63.5 64.3 63.6 64.4 66.1 66.2 64.0 65.7 67.3 67.7 67.6 66.1 69.0 68.8 67.1 69.4 70.4 70.3 68.1 67.5 68.7 71.0 71.9 72.5 72.2 70.3 72.5 73.5 71.1 72.8 71.5 73.0 73.1 73.6 71.8 75.0 73.9 71.2 73.4 73.4 77.4 77.1 76.3 74.4 77.8 72.9 76.4 75.9 75.9 76.4 76.2 75.2 76.1
61.9 63.8 62.3 63.9 59.2 56.6 53.5 54.0 60.8 55.8 53.0 54.3 55.4 55.0 56.2 57.3 58.8 54.9 57.8 56.0 61.6 59.3 60.8 61.0 62.2 61.7 62.0 63.7 63.1 64.0 64.5 65.4 63.9 63.7 64.0 66.3 65.8 68.3 66.5 66.8 66.7 67.5 64.7 67.6 69.4 68.4 68.0 69.2 68.5 68.1 70.7 69.1 71.8 69.6 72.5 71.0 70.3 72.1 72.7 70.7 72.6 72.3 72.3 73.3 78.1 71.9 74.6 75.1 74.9 73.3 74.6 75.6 76.1 77.5 77.5 79.4 73.8 76.5 76.6 75.2 75.9 77.7 77.7 76.2
64.0 64.6 59.6 61.5 60.8 53.9 53.8 56.1 64.8 60.3 61.0 54.7 59.2 57.6 57.4 58.1 59.6 55.8 57.6 59.0 61.9 60.7 64.2 61.9 62.5 63.0 62.6 63.2 62.8 64.4 64.0 64.8 61.5 64.9 63.2 67.1 64.4 64.8 66.0 66.7 69.8 66.3 66.5 68.0 67.3 68.2 68.9 69.0 68.1 67.1 71.4 69.4 70.7 72.3 71.8 72.2 71.1 69.7 75.0 72.5 73.5 72.1 73.4 73.2 72.8 74.1 74.6 75.8 75.6 72.4 74.0 75.6 76.2 77.8 78.2 79.3 78.1 77.6 77.5 77.8 79.6 79.5 78.0 76.8
69.1 65.8 59.8 60.5 59.2 54.7 52.3 58.9 59.1 62.5 64.1 57.7 57.5 59.1 59.0 58.9 59.1 59.2 59.2 58.9 61.6 60.2 61.4 62.9 62.3 61.7 62.7 61.8 63.8 65.7 67.8 65.0 62.1 65.7 63.5 65.9 65.7 65.5 66.2 67.1 65.2 66.7 67.8 68.0 69.4 67.2 68.4 68.6 69.6 66.5 70.0 68.2 68.8 66.0 69.9 72.0 71.7 70.3 73.2 70.8 70.9 72.2 78.7 72.7 83.9 73.1 71.8 75.1 76.3 75.3 74.9 76.9 76.2 77.9 77.5 78.1 77.6 78.6 78.9 78.7 78.4 77.8 78.6 78.2
67.7 67.0 62.9 60.6 53.0 54.8 53.6 62.2 61.6 66.1 66.5 61.2 63.7 59.4 60.6 59.9 60.6 59.1 59.2 60.2 60.4 61.0 61.5 62.3 59.9 62.1 63.5 61.4 61.4 65.6 63.1 67.8 64.2 64.8 63.1 66.8 65.4 65.3 65.1 68.0 66.8 66.6 67.9 66.7 68.2 67.0 69.5 68.6 69.3 66.3 69.8 67.2 72.3 71.3 68.0 71.7 73.3 71.6 72.5 72.6 73.8 72.8 72.7 74.3 73.1 74.0 74.5 74.7 78.0 76.6 74.6 76.2 77.4 77.4 79.6 80.1 79.8 78.3 79.0 79.2 80.9 77.9 78.5 78.2
70.7 67.5 61.9 59.4 55.7 52.9 59.1 62.7 63.0 68.5 66.7 62.8 62.9 62.9 63.1 60.1 57.8 61.2 60.7 59.5 60.1 62.3 62.1 61.3 63.0 63.8 65.3 62.9 62.5 65.4 65.3 65.6 65.4 65.9 65.4 67.1 63.4 64.8 63.3 67.1 67.0 66.7 68.0 67.5 70.6 67.1 69.5 69.6 68.4 68.1 68.5 68.2 70.4 69.4 69.6 69.7 72.2 72.6 72.3 72.7 73.7 73.5 69.4 71.7 74.1 74.5 77.3 75.6 77.9 75.2 73.4 77.1 75.0 77.7 77.0 80.3 79.1 78.2 81.2 79.2 80.1 78.8 79.2 78.2
71.6 68.3 66.2 57.9 49.6 55.8 61.0 63.1 64.3 69.4 77.8 66.2 63.1 63.6 61.8 61.0 60.2 59.2 59.9 58.7 61.4 59.5 61.3 60.4 65.4 66.8 63.4 61.6 63.5 64.2 64.0 64.2 67.3 65.7 64.0 66.8 64.3 64.3 64.1 66.9 66.3 64.3 67.9 69.1 67.6 67.9 68.4 67.0 67.6 66.2 71.5 70.2 65.3 69.7 71.5 68.6 70.9 71.5 74.2 72.2 74.1 72.5 71.7 72.2 69.0 73.7 73.4 76.7 75.3 76.8 74.4 76.8 78.5 77.6 76.9 80.2 77.3 80.0 81.1 79.4 80.3 79.5 78.1 79.3
71.8 70.0 67.9 57.2 52.6 56.4 66.1 63.4 64.5 69.6 69.3 67.2 68.4 64.9 64.7 61.3 60.9 60.2 58.3 59.9 59.3 59.2 60.8 62.9 61.7 62.5 63.2 63.4 63.7 64.1 65.2 65.3 63.4 64.3 66.0 66.7 65.4 65.9 65.1 66.4 66.2 64.6 67.0 66.7 67.8 67.3 68.1 67.0 70.9 66.8 67.7 69.5 69.7 69.7 71.9 73.6 72.2 71.6 73.5 73.1 71.6 69.9 71.8 72.6 72.5 73.9 70.8 77.2 72.5 76.0 75.7 76.5 76.1 77.0 76.2 79.5 80.0 81.7 82.6 80.1 80.4 78.5 82.7 80.4
69.0 68.4 65.4 55.4 52.0 60.9 65.7 63.4 65.0 73.8 72.7 63.6 66.7 66.4 66.9 62.4 62.4 60.6 60.2 58.9 66.0 59.7 60.7 62.0 61.1 62.1 65.3 64.0 65.5 64.7 65.8 64.8 64.7 66.1 65.7 66.9 66.6 66.3 66.5 65.8 66.0 64.3 67.2 66.9 67.9 67.1 68.7 67.7 67.4 67.4 70.2 68.4 73.8 70.7 70.3 71.5 72.1 70.9 71.3 73.2 69.8 75.3 71.3 74.1 72.6 74.3 72.2 74.1 73.3 75.8 77.2 75.2 75.5 74.6 75.3 81.6 78.8 81.2 83.6 80.3 80.0 79.0 81.2 80.4
70.4 68.6 63.7 55.0 60.0 65.9 64.3 63.7 65.4 70.9 77.8 66.5 63.6 66.2 65.0 65.5 63.9 62.5 57.4 60.3 57.8 60.3 58.7 62.2 61.8 61.5 64.4 64.1 64.4 65.4 65.1 66.4 66.1 66.3 65.7 66.8 64.8 65.5 66.7 65.5 66.0 64.0 66.1 68.4 67.0 66.6 66.2 68.6 70.9 67.1 66.6 67.5 70.7 71.6 71.4 69.0 70.6 72.3 71.9 71.9 72.5 73.0 73.5 73.2 72.7 73.2 75.5 73.2 77.1 75.7 75.7 76.2 76.6 74.4 76.5 81.1 81.4 79.5 81.2 80.7 79.1 79.8 78.8 80.1
70.4 69.2 62.3 55.0 60.1 66.4 66.7 63.3 66.7 71.4 72.2 65.1 64.8 66.8 65.1 65.4 62.3 63.3 62.4 61.7 64.7 60.8 58.7 59.9 61.5 60.3 63.0 63.7 64.7 65.8 66.2 66.1 64.9 65.9 65.4 66.8 65.8 65.6 63.7 64.9 65.0 65.3 67.3 68.2 68.1 66.9 65.8 67.7 71.1 67.9 68.6 70.0 69.1 70.6 70.3 70.5 70.5 72.7 72.2 71.4 72.3 72.1 73.2 73.6 71.1 72.6 78.5 74.7 79.4 75.9 76.1 76.7 75.8 75.3 75.8 78.1 79.0 78.6 78.1 81.4 78.8 80.7 80.7 79.4
73.6 72.7 58.0 55.9 61.1 70.5 66.9 63.1 68.1 70.8 74.6 65.6 65.4 67.1 66.2 65.4 64.6 63.5 64.4 64.1 63.9 61.3 59.2 60.9 61.7 62.4 65.4 63.8 65.3 65.9 65.7 65.2 65.3 66.8 66.2 67.6 66.2 65.0 70.0 66.3 68.7 67.0 67.1 68.0 68.4 68.2 67.6 67.2 67.7 67.3 67.0 70.8 67.6 68.2 69.1 71.9 70.5 73.6 71.4 73.0 71.2 73.4 73.0 73.3 73.7 72.9 80.7 75.3 75.6 74.5 77.6 76.2 74.7 75.8 73.7 77.6 79.8 77.6 83.0 80.8 78.4 80.7 79.1 79.6
72.7 72.5 55.1 56.7 64.5 71.8 67.8 63.0 69.0 72.3 73.9 66.2 67.2 67.6 66.8 68.2 69.5 67.4 64.8 65.0 64.4 62.1 59.0 59.7 62.9 62.9 65.3 64.8 63.5 64.3 66.8 65.0 66.3 67.5 67.6 67.8 66.6 63.8 64.7 66.2 67.7 66.9 66.9 68.9 70.2 67.6 65.1 68.5 68.4 67.4 66.1 67.9 66.8 67.8 69.2 73.6 74.8 72.7 72.2 73.9 73.4 74.4 72.4 72.9 76.9 72.8 72.4 75.2 76.9 75.6 76.0 75.9 75.3 76.1 74.3 75.8 80.7 77.4 81.8 80.2 77.8 78.9 77.7 78.3
74.3 71.8 55.9 57.3 67.6 72.2 67.4 65.0 70.0 72.5 73.0 67.3 68.3 68.3 68.2 70.2 70.8 70.1 70.6 66.4 63.8 65.3 61.5 61.2 62.6 63.0 66.5 65.4 66.6 65.2 63.9 66.4 66.5 68.1 67.6 67.5 66.4 62.7 63.2 65.6 66.2 65.3 71.4 68.7 67.7 67.9 70.0 68.0 66.3 69.3 67.6 69.4 67.6 68.0 69.2 71.7 71.6 72.7 73.3 73.3 72.6 74.9 71.9 73.5 73.9 72.2 76.7 76.0 75.5 75.8 78.4 76.5 77.1 73.8 72.1 75.7 78.3 78.6 76.9 80.5 77.9 79.8 77.7 78.3
74.9 66.5 54.6 59.5 72.9 70.6 69.8 65.0 69.5 73.3 73.1 68.6 69.6 69.2 69.2 71.4 71.1 72.6 65.0 69.6 67.5 64.8 64.1 61.5 68.0 63.4 68.7 65.3 64.2 66.4 64.9 67.4 66.7 70.8 68.6 68.1 63.5 63.0 66.5 66.9 64.6 65.2 69.7 67.9 68.8 68.1 68.7 68.8 67.1 68.3 67.6 67.4 66.0 67.7 69.7 71.3 73.4 72.5 72.2 74.8 75.8 74.2 72.3 73.8 73.4 72.6 71.4 76.2 74.4 75.9 73.4 76.8 76.6 74.1 73.6 73.0 78.1 79.6 76.0 80.6 79.2 79.6 80.4 77.9
