morphological_analysis/input_data/surveys/q07_1/matrix_q07_1s2.txt
north:            -537.50
south:           -1267.50
east:             2691.00
west:              -93.00
rows:                 148
cols:                 278
null:              -999.0
[rows 38 to 75 of 148, columns 84 to 167 of 278]
76.6 78.2 78.2 73.6 74.2 72.1 73.0 75.6 76.5 75.5 74.9 72.7 70.5 74.1 72.6 70.7 67.1 71.1 74.2 73.7 66.9 60.9 70.0 69.8 73.5 75.7 74.7 74.3 74.3 76.1 76.9 66.3 58.2 66.6 64.6 68.8 67.6 67.5 68.4 66.8 73.3 71.4 67.3 69.4 70.8 63.7 70.7 72.6 68.6 69.6 69.4 70.7 70.8 66.7 68.5 70.3 70.2 70.1 69.6 68.1 65.7 65.1 65.3 67.9 65.2 67.0 68.9 70.3 70.8 71.6 72.9 68.6 71.5 72.8 74.9 79.9 77.5 78.4 76.8 77.9 81.6 78.2 78.0 78.6
74.8 79.2 76.5 75.7 77.9 72.7 78.1 74.7 74.0 76.2 77.0 73.6 69.4 74.2 73.2 71.6 66.7 72.1 73.9 74.3 69.1 63.3 68.1 70.3 75.4 74.7 74.0 74.2 73.5 74.9 72.9 65.3 65.2 67.9 62.1 67.9 69.3 68.3 69.1 69.2 74.0 70.8 67.7 67.7 69.8 64.0 71.2 71.2 70.5 68.9 68.7 71.9 68.1 67.7 68.4 70.4 70.6 71.4 69.1 71.1 66.8 67.2 67.2 67.6 67.4 68.3 71.3 70.1 71.2 70.5 69.8 70.1 67.8 70.2 72.4 79.1 78.6 78.2 77.1 77.8 76.9 77.2 78.1 78.5
77.1 79.8 78.1 76.1 75.4 71.4 74.7 75.1 79.8 76.8 75.2 74.1 70.4 74.1 71.9 72.5 68.3 73.9 72.2 73.8 67.3 66.8 72.2 69.7 74.3 75.7 75.9 72.6 73.2 73.8 71.5 62.7 68.8 68.1 61.7 70.3 72.2 68.4 70.2 68.1 74.2 70.4 69.5 68.7 70.7 66.9 70.8 69.7 71.8 73.1 72.5 72.4 68.7 68.7 68.9 69.8 70.6 73.6 76.7 70.7 68.5 69.4 67.1 65.1 66.0 67.5 67.8 70.9 72.9 72.4 72.3 69.9 68.5 70.5 72.1 79.5 78.7 78.7 75.2 76.2 78.5 77.7 79.6 77.1
77.9 77.8 77.8 76.7 75.9 73.4 73.2 76.0 76.4 78.0 74.0 73.8 74.0 72.6 73.4 72.4 71.8 73.6 74.4 73.6 66.0 67.5 71.6 69.9 74.7 75.5 75.6 72.0 73.9 73.8 71.6 61.2 69.9 68.8 62.0 69.9 71.4 67.7 68.5 68.6 71.5 71.4 69.9 69.4 69.3 68.6 72.3 68.7 69.1 73.7 75.1 72.9 68.8 71.7 70.5 70.0 71.6 73.9 71.3 72.5 70.8 68.8 67.6 68.1 68.3 66.9 66.8 70.1 70.8 71.4 70.5 68.7 70.4 72.1 71.6 77.9 79.7 79.0 77.0 75.7 79.6 77.1 77.0 78.3
79.6 77.5 79.1 78.3 77.2 73.6 74.2 75.9 76.0 76.7 74.7 73.6 73.2 72.5 70.5 71.1 71.6 74.4 74.9 73.2 67.6 68.0 73.1 71.9 74.9 74.6 75.6 75.1 74.1 75.1 70.2 61.9 70.9 69.7 61.7 69.6 71.2 69.2 68.0 69.9 69.9 74.1 68.0 70.4 70.2 68.3 73.5 70.4 72.7 73.4 75.3 72.4 67.1 72.7 71.4 71.4 71.8 72.7 73.1 74.1 71.5 72.9 68.8 70.7 69.1 67.7 70.2 71.3 69.0 70.2 71.4 69.4 69.8 71.2 68.6 74.1 80.6 78.4 77.9 75.9 79.4 77.4 79.5 76.9
76.8 77.6 79.9 76.3 74.1 74.7 74.6 76.0 77.7 77.4 74.0 74.2 73.9 72.4 75.2 71.0 73.3 74.7 77.3 71.8 68.4 68.4 71.8 74.1 75.8 75.0 74.1 76.6 74.8 75.7 69.5 60.5 67.2 68.2 61.0 71.0 71.0 70.0 78.4 70.6 73.1 74.3 69.6 71.1 67.7 68.0 70.0 72.2 75.5 73.8 75.5 72.0 69.1 72.5 72.5 72.7 66.6 71.4 73.6 73.1 75.2 74.5 70.0 71.7 69.5 67.9 68.6 69.7 68.6 70.4 70.0 69.5 72.7 72.1 73.4 70.8 78.1 79.8 76.8 75.4 77.0 75.7 76.7 76.7
78.2 78.8 76.9 77.7 75.8 75.6 75.5 75.9 76.5 78.9 73.3 74.0 77.4 72.5 70.6 71.0 72.1 71.5 75.1 70.6 68.1 68.1 70.1 75.2 77.0 77.4 76.0 75.6 71.6 76.3 63.7 60.9 72.1 66.6 60.9 72.2 72.1 70.3 70.2 71.5 72.9 72.9 70.7 70.9 70.8 67.8 70.1 73.0 78.8 75.8 76.0 71.1 69.7 73.9 77.5 74.3 69.3 71.3 73.3 77.5 74.8 76.1 73.5 72.0 71.1 68.6 70.7 69.7 67.6 70.0 69.7 73.5 74.5 70.9 72.6 69.9 79.2 79.0 76.9 75.4 74.1 76.9 79.8 73.9
79.4 78.4 80.1 76.9 76.7 76.1 75.2 75.7 76.2 77.8 75.2 73.7 75.7 73.0 69.9 71.0 70.2 70.3 71.9 70.0 65.8 66.9 70.9 77.2 75.8 77.7 76.4 75.6 74.7 75.6 63.3 61.9 73.3 68.1 59.4 71.6 74.4 71.2 71.7 70.1 73.6 73.2 68.8 70.5 70.0 68.7 74.5 72.8 78.0 76.1 75.2 71.5 70.1 75.3 74.6 75.1 74.3 71.4 71.6 75.7 75.2 75.1 74.6 73.3 70.2 68.0 68.8 71.2 70.5 70.2 73.4 74.1 73.8 70.5 71.7 69.4 79.1 78.5 76.1 76.2 76.4 78.4 73.0 74.8
77.0 78.0 76.0 77.4 73.3 75.3 71.1 76.3 74.5 77.4 76.3 74.1 79.0 73.4 70.8 71.2 72.9 70.7 73.8 70.6 62.9 67.7 70.4 76.3 76.7 78.0 73.8 73.7 75.2 73.7 65.4 62.6 71.8 66.6 60.9 72.2 70.4 74.7 71.3 69.4 74.5 73.5 67.5 72.9 71.0 68.6 73.9 74.9 77.6 74.8 74.7 71.0 70.7 76.1 75.2 75.4 74.4 71.1 73.2 75.4 75.1 75.0 74.2 77.0 70.1 68.7 69.8 70.8 71.1 69.6 72.1 70.9 73.0 71.0 69.9 69.8 76.2 78.2 75.9 76.6 76.6 77.5 76.0 75.6
76.6 76.0 78.6 75.9 78.2 73.5 73.1 76.7 76.4 77.2 74.0 74.6 75.1 74.1 72.8 72.7 73.6 71.7 70.7 70.7 64.5 69.5 73.1 76.0 77.6 78.3 76.2 74.3 74.3 73.9 61.7 63.4 70.4 65.8 63.3 70.9 70.5 72.4 75.5 72.3 71.6 72.5 68.1 74.2 70.2 68.7 74.3 76.1 76.9 74.5 76.9 71.3 75.2 74.4 74.8 73.2 74.6 70.9 71.8 75.8 75.8 74.6 74.9 77.9 74.5 70.4 68.7 70.1 69.7 71.4 71.4 73.5 73.9 71.5 71.5 69.4 76.4 78.4 77.7 76.3 75.5 76.6 75.1 76.1
75.9 78.7 79.1 76.6 76.4 74.9 72.6 75.8 75.9 76.7 74.8 74.4 75.4 74.6 71.7 75.2 70.2 72.4 69.8 70.7 60.3 69.7 74.1 75.9 75.7 77.0 76.8 74.8 75.2 73.8 61.0 63.9 70.6 65.5 62.7 72.6 71.2 72.6 74.5 73.0 72.5 73.6 70.4 73.7 70.6 68.7 74.8 76.9 77.1 75.1 74.2 71.4 76.2 76.1 72.4 74.8 75.5 73.8 71.8 76.0 73.6 73.8 76.1 74.8 73.7 72.9 66.9 70.9 69.8 70.9 70.8 72.9 74.2 71.3 70.6 67.8 72.7 78.0 77.5 76.7 74.6 78.2 77.5 76.1
76.6 79.9 76.0 75.9 79.2 74.6 74.7 76.0 73.6 76.2 74.0 75.2 74.6 74.4 75.9 74.4 73.8 73.4 69.0 70.1 58.5 69.9 72.5 75.6 78.5 74.8 75.1 75.1 73.6 72.8 61.3 67.6 71.4 67.1 67.4 72.5 71.5 74.0 74.3 73.6 70.9 74.6 69.7 73.6 71.5 69.5 77.9 77.1 75.4 74.3 75.1 71.0 76.9 75.6 73.7 75.5 76.6 73.0 74.0 75.7 75.5 74.3 75.4 75.8 75.9 74.1 68.7 70.0 69.6 70.9 69.9 71.6 72.2 72.5 72.1 69.4 70.8 77.4 73.9 77.1 78.3 78.0 80.1 75.6
77.3 75.8 76.9 75.8 72.9 74.5 73.3 75.1 74.7 74.0 72.0 75.5 74.1 71.9 73.3 74.9 76.0 73.8 71.2 70.1 56.3 69.3 71.7 76.1 77.6 77.0 75.5 75.8 78.0 69.3 62.8 71.7 71.3 63.5 69.7 72.2 72.9 74.4 74.9 73.3 72.8 74.6 70.7 73.7 68.5 70.8 76.1 74.9 74.3 72.6 73.1 71.7 75.8 75.1 72.6 75.3 75.5 72.7 73.5 74.3 71.5 74.5 73.6 76.9 74.3 76.7 72.4 70.4 69.3 69.6 70.6 71.0 72.7 71.5 68.5 70.4 70.5 77.2 76.6 76.2 76.6 77.9 77.4 75.9
75.7 76.5 75.0 74.8 75.2 74.8 74.3 76.1 74.6 72.7 72.7 75.1 74.6 72.4 73.1 75.7 76.6 74.1 72.3 70.5 56.8 68.6 72.0 76.6 77.5 75.7 72.9 76.7 71.9 66.1 59.6 73.7 70.1 63.6 70.9 72.8 73.6 73.1 73.0 74.6 71.9 74.3 71.1 73.8 68.6 73.0 77.1 74.0 75.5 70.9 68.9 73.2 76.4 75.0 71.9 75.6 77.9 75.7 71.5 73.4 72.7 71.1 70.6 76.2 74.4 76.9 72.7 69.8 70.1 70.7 71.9 69.5 73.7 71.5 72.3 70.0 68.2 75.0 75.5 76.4 76.7 77.4 79.1 76.5
75.8 76.6 75.7 75.0 75.3 74.4 77.2 78.9 70.8 74.7 72.5 75.6 74.8 72.6 72.3 76.5 76.2 74.6 73.6 71.1 57.2 69.9 70.3 76.6 77.6 74.7 72.8 76.4 76.9 63.7 60.5 73.1 72.7 64.2 72.5 75.1 71.6 73.4 74.9 74.6 74.2 75.3 70.2 73.1 69.6 75.8 79.3 74.5 74.9 73.3 74.9 74.2 76.9 76.6 74.8 75.6 75.7 74.6 71.2 73.9 72.5 70.6 69.8 74.3 73.6 75.7 76.0 70.3 69.3 73.0 70.5 69.9 72.4 72.8 76.4 69.6 70.4 72.7 77.7 78.4 76.3 76.5 78.1 77.9
75.4 76.8 75.4 74.2 74.5 74.8 78.0 77.0 74.9 76.8 72.6 74.8 74.0 73.9 71.7 77.0 70.6 75.3 73.4 70.6 56.6 71.1 73.2 75.8 79.2 74.9 71.4 75.0 75.7 63.4 57.9 73.6 71.3 64.4 73.7 73.6 74.5 72.9 73.2 73.9 74.5 75.0 68.9 71.3 69.4 76.1 76.5 74.0 72.5 75.5 74.1 74.0 77.6 75.4 72.8 75.1 77.9 75.0 71.0 75.0 73.0 73.5 68.5 71.2 72.6 75.7 75.5 71.5 71.8 70.1 70.2 71.5 71.7 73.2 73.1 69.8 69.5 70.9 78.1 75.4 75.9 76.9 76.2 78.4
76.1 77.2 75.3 74.3 75.8 75.8 79.2 77.3 77.1 79.0 75.1 73.4 74.9 75.1 73.8 77.5 79.5 77.0 75.5 68.3 60.6 70.1 72.8 75.9 77.3 74.2 75.4 73.1 74.0 63.3 60.9 72.3 69.4 63.3 71.9 74.1 73.8 72.5 72.7 73.4 74.6 73.8 72.0 71.8 71.9 75.2 76.4 75.8 74.4 74.4 71.1 73.9 78.1 75.6 72.7 75.3 74.6 76.3 74.4 74.6 75.9 73.2 70.8 69.6 70.8 74.4 73.4 71.1 70.8 69.9 72.3 71.0 72.3 73.3 71.7 70.5 69.8 70.3 76.1 73.9 75.3 76.6 77.3 78.6
76.1 76.5 78.4 73.9 76.9 76.8 75.0 77.8 77.2 78.6 70.9 73.2 72.7 73.0 74.2 77.6 76.2 77.7 75.1 66.9 61.2 70.2 75.4 76.1 76.3 74.1 79.4 70.4 72.2 62.5 65.4 71.5 70.0 63.4 72.6 74.2 74.5 72.8 72.2 72.3 76.2 74.8 72.0 71.8 72.4 74.7 74.6 75.4 71.6 74.7 75.0 73.6 77.8 74.7 74.3 74.1 75.9 76.9 71.9 76.0 76.1 72.3 73.3 69.6 68.4 73.6 75.4 73.1 70.3 70.8 70.5 71.0 72.9 73.7 70.3 70.5 69.0 69.5 73.3 75.2 75.2 76.8 76.7 77.1
75.8 75.8 78.7 73.8 74.1 77.7 80.7 78.8 77.0 76.6 73.9 74.9 72.6 73.0 74.8 76.3 75.3 76.6 74.1 65.6 66.7 70.6 73.8 76.8 75.4 75.0 77.1 71.8 71.1 61.8 70.4 71.5 71.1 63.8 73.3 73.7 74.1 73.1 72.3 73.2 75.0 75.3 76.2 72.2 72.6 75.5 77.7 73.5 74.7 74.1 70.9 75.1 73.7 75.3 75.5 75.3 76.9 75.1 72.4 78.7 74.7 75.2 73.0 70.7 66.1 74.0 76.3 74.3 70.6 70.4 69.4 71.3 72.6 73.0 71.6 70.9 70.2 69.0 69.1 75.5 78.4 76.9 80.4 76.7
75.5 76.4 77.4 74.8 75.8 77.5 76.6 77.4 76.0 74.2 73.1 75.9 72.8 73.5 77.8 75.1 76.2 76.8 73.8 65.7 69.1 73.3 74.7 74.6 73.9 76.1 76.8 72.2 68.8 63.6 70.0 72.1 70.2 63.2 73.9 73.2 74.0 73.8 71.8 73.8 75.7 73.7 72.4 71.4 71.8 74.8 78.6 70.8 73.7 76.2 75.5 75.5 77.8 75.2 74.1 75.7 76.0 74.7 74.7 79.2 76.5 77.2 72.3 71.7 70.3 72.5 77.2 76.1 74.4 69.0 70.8 72.0 73.9 72.5 72.8 71.4 71.3 70.1 71.2 76.1 78.0 76.6 74.4 77.9
75.8 76.1 77.5 75.0 76.1 77.3 76.1 76.6 77.4 72.8 74.3 77.2 73.0 74.3 77.2 76.0 76.4 76.9 71.0 67.6 67.5 73.0 78.8 76.0 75.1 76.7 76.3 72.8 64.7 65.6 76.3 72.4 69.7 62.6 72.0 74.2 73.6 74.2 72.7 74.3 74.9 75.5 76.3 70.8 72.4 74.0 76.1 70.7 73.5 75.3 72.9 75.1 73.0 74.6 77.0 74.9 73.4 74.3 75.2 76.5 74.2 76.3 75.7 73.8 69.0 69.6 74.7 76.1 72.5 68.4 72.5 71.8 73.1 75.4 73.8 71.8 70.5 70.0 72.4 77.7 77.3 75.8 75.4 79.5
74.9 73.8 77.0 75.0 75.2 78.3 76.8 77.1 76.4 72.8 74.5 80.0 74.7 74.7 77.2 78.2 76.4 76.2 69.4 70.6 69.0 73.9 78.2 76.8 75.5 76.1 74.9 73.5 63.1 66.8 72.9 72.6 69.8 62.1 74.7 74.2 75.3 74.7 72.2 75.2 74.5 76.1 76.4 71.4 71.8 74.4 77.9 70.9 75.2 75.6 76.6 74.9 74.3 73.7 76.0 74.3 73.3 73.5 72.5 74.8 79.2 78.2 80.1 74.2 71.2 68.9 71.4 76.1 73.8 69.8 68.6 72.6 72.5 74.7 74.3 71.5 69.8 70.0 71.1 77.4 75.3 75.7 76.6 79.3
78.5 72.5 77.6 75.4 77.6 78.1 77.9 76.9 76.4 73.0 72.5 74.6 73.5 75.6 76.8 80.0 77.7 76.1 73.4 71.7 71.0 74.0 76.3 76.8 75.6 76.0 74.5 73.6 62.7 67.2 74.4 72.9 71.2 69.8 73.5 72.3 75.6 74.6 72.9 75.2 74.6 75.0 74.6 72.0 73.6 73.7 77.2 71.7 73.9 76.4 79.4 74.5 73.9 72.8 75.4 73.6 73.1 73.6 72.2 73.9 76.3 78.6 79.8 74.9 74.0 69.5 67.5 77.0 74.4 70.7 69.0 70.6 71.5 73.3 72.5 71.4 70.8 69.0 70.0 74.8 74.6 75.3 76.0 78.2
76.0 72.9 78.0 76.8 75.4 77.5 76.0 76.2 73.7 72.6 73.7 73.6 72.3 75.4 76.0 78.7 78.8 76.0 70.1 70.7 69.0 73.4 78.4 77.0 76.2 75.8 76.4 71.6 60.7 67.4 69.8 71.8 65.9 72.2 73.1 73.3 77.4 74.8 72.3 75.5 74.7 73.6 75.2 71.8 72.8 74.9 76.2 72.1 70.6 78.1 80.7 74.0 72.2 71.5 75.3 74.5 75.2 73.1 71.2 73.7 76.4 78.8 78.7 78.1 74.4 70.8 68.4 74.6 74.4 70.9 71.7 71.1 70.6 72.3 72.6 72.5 71.3 69.4 69.1 73.3 72.5 76.5 75.6 78.1
76.3 76.0 78.4 77.0 76.3 76.1 74.8 75.5 75.7 70.8 74.4 74.1 72.8 76.4 76.7 78.5 77.2 75.3 70.4 71.7 70.6 74.2 77.4 76.9 75.9 76.1 75.2 68.8 61.4 69.3 71.8 71.9 71.1 74.3 73.8 75.4 74.5 76.0 73.9 75.9 74.9 73.1 74.0 72.1 70.9 75.8 75.4 73.4 73.7 78.1 79.3 77.3 71.7 68.9 78.9 74.7 74.4 71.5 71.5 73.8 76.8 78.6 77.2 78.9 77.3 71.6 69.3 70.5 76.0 72.7 71.9 71.3 71.2 73.7 73.4 73.4 71.8 68.1 68.9 72.2 75.7 76.3 75.7 78.1
75.8 75.6 78.7 76.2 73.0 74.7 76.6 74.6 72.0 70.3 72.2 74.7 73.9 76.9 78.5 78.3 78.4 76.4 69.1 70.5 70.4 75.3 77.5 77.2 74.2 76.6 76.8 66.1 64.5 70.1 72.9 72.2 67.3 75.6 72.7 76.7 74.8 76.4 71.5 76.2 75.0 72.9 73.3 71.4 74.4 77.2 77.2 75.1 76.1 78.2 79.8 78.2 70.6 69.3 78.7 75.1 74.5 70.9 70.3 73.5 77.6 78.2 79.2 78.7 78.5 74.0 74.1 67.0 76.8 73.4 72.8 70.5 71.3 74.0 74.0 73.4 73.6 69.2 68.7 71.7 77.9 75.9 74.5 79.9
74.5 74.8 77.8 75.6 70.9 73.7 74.9 74.2 73.7 71.7 74.4 72.8 74.4 76.4 77.7 78.2 78.6 76.5 72.4 71.2 69.6 76.2 79.8 76.7 76.3 76.8 73.2 64.4 67.2 70.7 72.6 72.0 66.6 74.7 73.8 76.0 76.5 76.5 73.3 76.7 75.0 72.6 70.1 70.5 72.5 77.5 73.5 76.0 80.1 78.2 78.7 77.5 82.3 69.6 71.9 75.2 74.4 71.6 68.2 74.7 75.1 77.8 78.3 77.8 77.4 76.6 69.1 69.6 75.9 74.2 72.8 69.9 70.8 73.5 71.5 73.0 73.2 71.1 71.9 72.2 75.3 74.9 75.5 79.3
76.0 75.7 76.3 74.5 74.9 74.3 75.2 73.6 72.1 72.4 71.3 72.7 74.2 75.8 77.3 78.6 78.4 71.8 74.1 68.6 68.8 76.7 79.2 76.2 75.9 75.9 75.9 61.6 72.2 72.3 74.2 71.6 66.3 73.8 73.2 75.3 74.3 75.3 76.9 76.9 77.7 72.8 73.3 71.0 73.1 77.4 75.2 77.1 78.1 77.5 80.2 76.7 77.3 71.6 70.7 73.5 72.8 70.9 69.4 71.9 76.1 77.9 77.2 78.2 82.2 79.1 72.5 68.4 75.1 76.1 74.2 70.7 71.2 74.3 72.5 74.5 72.2 70.4 73.0 72.6 76.4 74.5 75.7 79.4
77.3 74.3 78.4 73.3 73.6 75.0 73.0 73.9 73.1 69.6 70.5 73.1 74.8 76.0 78.7 79.2 77.4 71.1 75.9 71.1 70.9 77.0 79.3 75.9 76.3 76.0 71.2 62.1 70.5 72.3 73.3 69.2 66.4 74.9 73.9 75.5 74.7 75.2 71.5 77.6 76.9 73.5 73.6 72.3 72.9 76.4 76.2 78.7 77.3 77.4 76.9 75.9 81.1 73.3 69.6 73.3 75.2 73.6 71.0 74.3 75.2 77.7 77.7 78.2 78.4 78.9 73.3 69.3 72.9 76.7 72.7 69.6 72.7 72.6 72.1 74.1 73.0 70.9 70.6 71.4 70.8 74.6 75.9 79.3
72.9 72.9 73.0 72.3 72.9 75.1 74.8 72.7 72.3 74.2 73.7 73.4 73.2 77.5 78.3 79.5 78.8 71.8 76.3 72.3 72.2 77.8 78.4 75.7 77.4 75.3 68.1 62.5 70.6 72.3 72.5 67.8 65.6 75.9 71.1 75.9 74.0 75.0 73.6 80.2 75.8 73.2 70.8 73.4 72.7 75.4 76.0 79.5 79.5 77.2 76.7 77.1 78.3 76.9 69.9 73.3 73.9 74.8 71.9 74.2 75.3 77.1 77.3 78.5 78.5 79.1 76.5 70.7 71.1 77.4 75.2 68.4 71.1 72.4 73.5 72.2 73.6 70.9 69.6 70.4 70.2 75.0 76.9 77.8
72.7 71.9 72.5 71.6 73.1 72.5 73.5 71.1 73.9 73.2 67.7 73.5 73.1 77.5 79.7 78.4 77.5 74.1 75.8 71.8 71.4 77.8 76.2 75.5 77.1 74.0 67.6 63.2 70.4 72.6 75.0 70.1 67.9 75.6 73.5 76.8 74.6 74.6 72.7 77.1 75.2 74.8 72.6 73.1 73.3 76.2 74.9 79.1 79.8 77.4 78.3 76.2 77.6 76.1 67.2 69.1 72.8 73.6 70.3 74.1 75.7 77.7 77.1 78.0 77.1 79.0 76.1 71.2 72.6 77.0 73.2 71.0 71.8 72.2 71.7 71.5 73.5 70.6 71.0 70.0 69.6 73.6 73.4 75.2
69.4 72.1 71.9 70.8 72.2 70.4 72.2 71.9 75.2 72.6 70.5 73.1 74.2 77.8 76.7 78.2 77.9 71.8 75.3 72.2 70.4 77.3 77.9 75.8 75.3 71.7 65.7 66.7 71.0 73.2 74.5 71.1 67.7 75.8 75.4 77.8 75.8 73.7 70.4 75.8 76.2 75.0 72.4 73.1 71.6 76.3 77.7 79.1 76.1 76.9 77.7 76.7 77.9 73.0 70.5 68.2 71.6 72.2 71.8 74.5 76.5 77.0 79.1 78.2 74.9 78.8 77.6 72.1 61.3 75.9 76.1 72.7 70.6 71.5 73.1 71.6 72.1 70.5 74.4 70.0 71.2 73.2 71.3 73.7
69.0 72.3 70.2 70.0 74.1 71.4 72.7 73.0 74.9 70.9 72.2 73.6 75.2 77.7 75.0 79.6 74.5 71.2 75.9 73.1 70.1 79.3 74.1 75.0 76.2 71.6 64.8 69.6 74.1 73.6 74.5 69.0 70.5 75.9 74.9 78.3 75.2 72.8 74.1 76.1 75.1 76.1 71.1 74.2 72.2 76.7 77.6 80.1 79.1 77.1 77.7 75.6 77.4 77.8 76.8 67.3 75.7 71.2 75.5 73.3 75.2 76.1 75.9 80.0 77.6 78.2 77.2 76.0 70.0 72.9 74.2 71.2 71.9 70.9 72.9 73.7 75.1 73.3 72.4 69.7 70.6 73.7 72.4 75.4
65.1 68.2 69.6 69.2 70.8 72.8 72.7 73.3 74.8 71.5 69.3 75.0 76.2 77.6 75.0 79.0 73.7 73.3 74.9 71.8 70.9 79.5 78.3 73.9 73.7 71.1 63.2 71.5 74.2 73.6 73.7 67.0 71.6 76.0 73.8 76.6 77.2 73.2 72.7 77.6 75.2 75.2 70.1 74.2 75.1 76.2 76.4 81.9 79.6 78.0 78.0 74.3 77.5 77.7 73.6 67.8 71.4 70.0 73.1 69.1 76.0 76.5 76.6 80.6 77.1 77.1 74.9 76.7 68.7 72.6 75.1 72.8 70.8 70.9 72.4 68.6 74.8 71.3 74.5 70.7 73.0 74.3 74.2 75.4
66.3 67.6 68.9 69.7 70.8 72.8 73.2 71.7 73.7 71.2 71.8 75.7 75.0 77.4 73.6 76.5 73.0 74.0 75.6 72.6 73.0 79.8 78.6 74.1 77.3 68.3 64.9 71.7 73.5 73.7 74.8 66.5 74.6 74.6 80.7 77.1 77.4 74.5 75.7 76.5 76.1 75.1 71.4 75.2 73.7 75.3 76.0 80.2 77.2 79.5 79.6 76.1 79.3 78.1 78.2 71.3 69.0 69.7 71.1 70.3 74.7 78.4 78.0 77.8 74.1 76.9 77.0 75.7 69.5 72.5 75.1 74.0 70.5 70.1 72.4 70.7 71.6 72.4 69.9 70.2 71.7 73.6 76.7 75.2
68.8 65.5 69.3 69.0 73.0 71.3 72.6 71.4 74.0 70.8 71.5 76.5 74.6 77.7 75.0 74.6 72.0 75.7 74.9 73.6 74.1 79.4 78.4 74.5 68.8 65.8 65.3 72.8 73.3 75.0 72.4 65.8 74.4 73.6 72.3 77.1 77.6 75.0 74.2 76.8 73.6 75.3 70.9 75.6 73.0 75.0 77.9 79.6 78.8 79.5 79.3 77.6 77.3 78.7 76.9 74.8 65.4 71.0 73.1 70.9 76.7 76.9 73.6 77.5 76.0 77.3 76.4 75.8 72.9 70.5 76.1 73.9 71.9 68.7 73.1 71.4 73.0 73.0 71.4 69.6 71.9 72.4 74.1 74.0
62.4 67.7 69.7 69.3 71.8 72.3 72.9 73.0 73.7 73.6 75.6 76.4 77.0 77.0 74.2 73.4 71.7 77.0 73.3 74.1 75.0 77.6 76.3 73.7 71.8 65.2 66.5 72.1 72.8 74.2 73.6 65.8 74.4 73.9 78.4 76.8 76.8 73.2 73.2 77.7 74.2 74.2 73.3 75.3 75.9 75.5 79.5 79.9 78.8 78.6 80.8 76.7 76.4 78.9 76.8 77.2 70.2 72.2 74.5 70.4 75.2 78.2 75.3 77.2 74.2 77.8 77.3 76.8 74.0 68.7 76.3 74.0 73.1 68.6 71.2 71.7 73.1 73.4 70.8 70.2 70.3 71.3 77.7 73.2
68.0 68.1 66.6 71.1 71.7 72.7 74.0 73.8 74.7 74.9 76.8 76.1 78.6 75.9 74.5 72.5 71.5 76.7 71.2 74.3 73.4 77.5 75.1 73.4 73.0 65.6 68.9 71.2 72.7 76.5 72.8 66.8 75.7 74.1 72.7 76.3 77.5 74.0 74.0 76.5 75.5 73.2 72.0 73.8 76.7 77.0 77.7 79.5 77.0 77.9 79.7 77.3 77.2 77.9 77.6 78.6 62.9 69.8 70.0 70.1 76.0 74.3 75.8 76.8 76.0 77.2 76.2 77.5 73.4 69.8 75.8 74.4 76.2 68.1 72.2 71.7 72.5 72.5 71.7 72.2 73.5 72.7 74.2 74.3
