morphological_analysis/input_data/surveys/q07_1/matrix_bed_q07_1s2.txt
north:            -537.50
south:           -1267.50
east:             2691.00
west:              -93.00
rows:                 148
cols:                 278
null:              -999.0
[rows 0 to 37 of 148, columns 0 to 83 of 278]
53.3 60.2 65.6 75.8 71.6 81.8 83.6 77.5 75.7 76.2 73.2 73.1 62.0 59.6 66.2 59.1 54.0 59.7 63.3 67.7 63.8 68.6 60.3 62.8 71.7 64.5 71.5 74.7 73.7 69.9 75.9 78.9 72.8 68.6 78.6 76.1 68.7 67.8 74.0 73.3 66.7 70.7 71.6 73.4 68.0 70.9 63.5 67.7 66.8 66.8 61.3 71.4 72.9 68.8 63.9 73.6 67.6 67.0 73.5 75.2 73.7 70.5 70.8 70.4 61.0 65.0 64.1 61.2 67.0 60.9 61.0 55.4 53.8 39.0 43.9 42.8 37.6 52.8 44.7 49.6 63.2 59.1 37.2 37.7
52.4 60.3 65.6 75.9 71.2 81.8 83.3 78.4 83.5 76.2 73.6 73.1 61.6 59.6 66.9 59.0 56.1 59.7 63.2 67.8 63.9 68.5 59.6 62.7 71.5 64.3 71.4 74.7 73.6 69.9 75.9 79.3 75.3 68.7 78.5 76.1 68.8 67.8 74.0 73.3 66.9 70.6 70.6 73.3 68.9 71.0 63.5 67.9 66.3 66.7 61.8 71.4 72.7 68.8 63.9 73.7 67.6 67.1 73.5 75.5 75.5 70.5 70.9 70.3 61.2 64.8 65.2 61.4 70.9 60.9 61.1 57.1 53.8 39.1 44.4 42.7 37.3 52.7 44.4 50.4 63.0 59.3 36.5 37.8
56.7 62.1 69.5 74.5 80.5 82.3 84.7 78.5 80.8 78.1 75.3 73.9 63.5 61.4 65.1 58.6 54.8 63.2 64.4 68.2 65.5 69.4 62.6 65.5 71.1 68.0 72.0 75.0 75.1 71.6 79.0 79.2 76.8 71.0 79.3 75.5 68.8 67.8 74.0 73.3 70.0 72.3 75.0 76.9 70.4 73.1 67.5 70.2 68.2 69.9 63.8 73.9 75.1 72.0 69.2 74.8 69.6 68.0 75.2 75.4 79.4 71.4 69.5 72.7 61.5 68.5 64.0 63.9 72.5 60.2 60.5 60.1 57.1 41.4 45.6 44.8 40.7 51.4 43.8 50.2 60.5 61.0 40.5 38.9
57.5 64.7 72.1 77.4 79.3 83.2 84.2 81.4 83.3 78.5 76.0 77.1 66.1 62.8 65.9 57.9 62.9 61.3 66.5 69.5 66.6 67.8 61.1 65.9 74.0 69.3 74.8 75.7 76.8 74.3 83.0 81.5 77.9 73.1 78.7 75.4 68.8 -999.0 74.0 -999.0 69.0 75.4 76.5 80.3 73.8 75.8 71.4 74.1 71.8 71.6 65.3 75.5 76.2 74.8 71.6 80.2 71.3 71.1 76.9 77.2 80.1 75.1 71.4 73.6 63.2 67.9 68.7 65.9 74.7 61.8 66.6 61.3 60.7 46.3 46.1 43.5 44.8 54.5 42.3 54.3 62.1 58.4 41.2 39.9
57.5 64.8 71.6 76.9 80.7 83.6 84.7 82.0 79.2 77.9 80.2 79.3 65.6 62.9 65.7 57.9 61.4 61.2 66.1 72.7 74.5 66.7 61.0 63.6 72.5 71.6 75.3 73.9 77.8 76.4 82.2 81.6 77.4 71.2 78.8 -999.0 -999.0 -999.0 -999.0 -999.0 70.0 75.5 77.2 81.1 77.0 77.6 73.0 76.8 75.1 73.7 65.5 77.5 79.5 78.0 71.7 81.2 76.0 73.7 79.5 79.9 81.5 75.4 69.9 75.4 60.2 67.3 68.3 66.0 75.5 63.0 64.9 64.5 61.1 48.3 45.3 42.8 44.4 54.0 47.7 52.0 63.3 57.8 43.2 47.5
57.6 -999.0 72.1 76.9 80.4 83.6 -999.0 82.0 80.0 77.9 79.4 79.4 66.1 -999.0 65.9 -999.0 62.9 -999.0 66.5 72.9 73.0 66.3 61.0 63.5 72.8 80.8 82.2 73.5 78.2 75.7 83.0 -999.0 76.3 71.1 78.7 -999.0 -999.0 -999.0 -999.0 -999.0 -999.0 -999.0 77.1 81.3 77.7 79.7 74.9 76.8 76.7 77.2 67.9 79.6 82.2 81.0 76.5 81.2 76.4 74.8 81.6 80.8 80.5 75.5 70.9 77.6 62.5 68.0 70.2 66.3 77.7 62.1 65.8 65.3 68.0 49.9 47.5 43.3 46.8 52.9 45.1 53.5 63.2 58.2 82.2 47.8
-999.0 -999.0 -999.0 -999.0 80.7 -999.0 -999.0 -999.0 79.2 -999.0 80.2 -999.0 -999.0 -999.0 -999.0 -999.0 -999.0 -999.0 -999.0 -999.0 74.5 -999.0 61.0 -999.0 72.5 81.2 80.8 73.5 78.1 75.7 -999.0 -999.0 76.5 -999.0 -999.0 -999.0 -999.0 -999.0 -999.0 -999.0 -999.0 -999.0 77.2 79.8 77.6 80.0 76.0 80.2 78.9 77.1 71.1 79.5 82.3 83.1 79.5 -999.0 81.5 77.0 82.8 82.2 77.8 75.1 68.5 72.4 62.6 68.9 71.6 65.2 77.7 64.0 67.4 67.7 63.0 51.8 52.4 50.8 52.1 52.4 55.8 54.4 61.8 65.6 77.3 -999.0
-999.0 -999.0 -999.0 -999.0 -999.0 -999.0 -999.0 -999.0 -999.0 -999.0 -999.0 -999.0 -999.0 -999.0 -999.0 -999.0 -999.0 -999.0 -999.0 -999.0 -999.0 -999.0 -999.0 -999.0 -999.0 -999.0 82.2 -999.0 78.2 -999.0 -999.0 -999.0 76.3 -999.0 -999.0 -999.0 -999.0 -999.0 -999.0 -999.0 -999.0 -999.0 -999.0 79.7 77.7 80.0 75.8 80.4 78.5 77.6 70.5 79.8 82.3 83.4 78.9 -999.0 85.0 78.6 85.0 82.8 78.3 75.5 67.8 72.3 62.5 68.2 72.0 65.5 79.8 71.6 67.1 74.5 64.1 52.1 51.6 51.7 51.1 52.4 53.8 54.4 62.1 66.0 83.6 -999.0
-999.0 -999.0 -999.0 -999.0 -999.0 -999.0 -999.0 -999.0 -999.0 -999.0 -999.0 -999.0 -999.0 -999.0 -999.0 -999.0 -999.0 -999.0 -999.0 -999.0 -999.0 -999.0 -999.0 -999.0 -999.0 -999.0 -999.0 -999.0 -999.0 -999.0 -999.0 -999.0 -999.0 -999.0 -999.0 -999.0 -999.0 -999.0 -999.0 -999.0 -999.0 -999.0 -999.0 -999.0 -999.0 -999.0 76.0 -999.0 78.9 -999.0 71.1 -999.0 82.3 -999.0 79.5 -999.0 84.3 78.7 84.6 82.9 78.2 75.5 67.2 72.3 62.5 67.8 72.0 65.5 80.0 71.9 67.4 74.9 63.0 -999.0 52.5 -999.0 52.1 -999.0 55.8 -999.0 61.8 -999.0 -999.0 -999.0
59.6 48.1 47.5 62.2 49.0 71.0 54.7 71.3 58.8 -999.0 60.0 -999.0 79.3 -999.0 78.6 -999.0 -999.0 57.0 -999.0 -999.0 -999.0 -999.0 -999.0 -999.0 -999.0 -999.0 -999.0 -999.0 -999.0 -999.0 -999.0 -999.0 -999.0 -999.0 -999.0 -999.0 -999.0 -999.0 -999.0 -999.0 -999.0 -999.0 -999.0 -999.0 -999.0 -999.0 -999.0 -999.0 -999.0 -999.0 -999.0 -999.0 -999.0 -999.0 -999.0 -999.0 85.0 -999.0 85.0 -999.0 78.3 -999.0 67.2 -999.0 62.5 -999.0 72.0 -999.0 80.2 -999.0 -999.0 -999.0 -999.0 -999.0 -999.0 -999.0 -999.0 -999.0 -999.0 -999.0 -999.0 -999.0 -999.0 -999.0
59.4 47.5 47.3 60.4 50.0 68.2 54.8 68.0 58.2 54.9 58.9 57.4 79.3 50.4 74.1 57.1 53.4 57.0 59.6 57.0 61.0 64.3 62.8 66.9 66.8 68.6 71.3 80.0 71.6 -999.0 73.2 -999.0 -999.0 -999.0 -999.0 -999.0 -999.0 -999.0 -999.0 -999.0 -999.0 -999.0 -999.0 -999.0 -999.0 72.1 -999.0 -999.0 -999.0 -999.0 -999.0 -999.0 -999.0 -999.0 -999.0 -999.0 -999.0 -999.0 -999.0 -999.0 -999.0 -999.0 -999.0 -999.0 -999.0 -999.0 -999.0 -999.0 -999.0 -999.0 -999.0 -999.0 -999.0 -999.0 -999.0 -999.0 -999.0 -999.0 -999.0 -999.0 -999.0 -999.0 -999.0 -999.0
59.6 47.4 47.5 60.0 49.1 68.2 54.7 67.9 58.8 54.7 60.0 56.7 79.2 50.6 78.6 56.6 53.4 57.0 58.5 57.2 60.8 63.9 62.3 66.7 66.5 68.3 70.7 77.3 71.5 73.1 73.0 72.4 72.0 72.1 72.5 72.9 73.1 72.8 -999.0 69.3 71.4 66.0 69.0 67.6 70.0 72.1 76.7 80.5 74.0 82.6 -999.0 86.0 80.6 -999.0 83.7 -999.0 -999.0 -999.0 -999.0 -999.0 -999.0 -999.0 -999.0 -999.0 -999.0 -999.0 -999.0 -999.0 -999.0 -999.0 -999.0 -999.0 -999.0 -999.0 -999.0 -999.0 -999.0 -999.0 -999.0 -999.0 -999.0 -999.0 -999.0 -999.0
58.5 44.3 46.4 53.5 53.3 52.7 55.3 50.7 55.7 54.7 54.7 57.0 59.4 50.6 56.8 56.7 53.4 56.3 59.6 57.2 61.0 63.9 62.8 66.6 66.7 68.1 71.3 73.9 71.6 72.9 73.2 72.9 72.6 72.1 73.1 73.0 73.7 72.5 71.8 69.3 71.3 66.1 67.4 67.1 69.7 72.1 76.4 79.9 74.3 81.6 74.3 84.6 79.1 72.1 81.8 71.7 70.3 74.2 72.2 72.3 73.8 -999.0 72.7 -999.0 67.4 59.9 -999.0 83.1 64.5 82.5 -999.0 -999.0 -999.0 -999.0 -999.0 -999.0 -999.0 -999.0 -999.0 80.2 -999.0 -999.0 -999.0 -999.0
57.0 47.1 49.8 53.2 53.7 52.8 53.5 49.9 54.0 54.3 58.5 53.9 57.4 51.7 53.7 53.9 53.5 55.9 54.5 58.0 60.2 62.0 60.4 65.2 65.7 66.2 68.7 69.6 71.2 72.9 72.1 72.9 72.0 72.2 72.5 73.1 73.1 72.5 71.8 69.2 71.4 66.2 69.0 67.2 70.0 71.1 76.7 79.7 74.0 81.8 74.5 84.5 80.6 72.4 83.7 71.9 71.1 74.0 71.4 72.2 73.8 71.9 72.6 72.2 67.3 59.4 61.7 80.0 64.5 81.4 62.0 59.5 -999.0 62.8 69.6 73.5 67.2 82.2 70.5 80.2 70.7 72.5 70.9 65.6
56.6 51.1 49.9 57.1 53.9 53.4 52.9 49.0 55.0 55.4 55.7 60.1 56.0 53.5 54.5 54.2 54.2 55.1 59.4 57.3 60.5 62.2 60.4 63.2 64.7 64.3 68.5 68.4 70.6 71.7 74.7 75.3 74.8 72.9 75.6 74.2 76.0 71.2 71.9 70.5 70.7 67.1 61.8 64.9 68.6 70.4 75.2 76.1 75.4 76.6 76.3 76.4 73.0 72.6 75.1 71.9 70.3 74.0 72.2 72.2 73.8 71.9 72.7 72.5 67.4 59.3 60.9 79.8 64.5 71.6 61.8 59.5 60.4 63.1 69.6 72.8 67.5 80.3 70.0 79.9 70.4 71.9 70.0 65.7
56.8 54.6 55.5 51.4 55.2 52.7 54.0 47.7 53.5 55.2 55.7 55.9 56.2 51.9 54.9 54.3 54.1 56.6 53.0 58.5 58.3 62.6 61.1 63.6 64.1 65.7 65.9 66.8 67.7 70.5 75.0 75.2 76.5 75.7 75.6 76.0 74.8 75.0 75.2 71.5 71.3 68.4 66.3 66.6 70.0 69.1 73.2 73.8 77.0 76.7 76.0 75.8 75.6 74.5 73.0 73.3 74.5 73.2 68.0 71.8 72.7 71.9 72.3 72.5 66.7 56.7 61.7 64.0 65.4 61.1 62.0 59.6 60.0 63.1 69.6 72.8 67.2 80.4 70.5 69.0 70.7 71.5 70.9 65.6
55.4 56.6 53.4 56.0 58.2 53.7 54.1 55.3 54.8 55.5 58.8 59.0 57.7 51.8 53.7 51.2 52.7 58.6 55.9 56.3 60.0 61.0 60.5 63.3 63.9 64.9 67.8 66.9 68.4 69.8 71.2 73.5 75.9 77.0 76.0 79.4 74.4 74.6 73.8 74.5 72.5 69.3 67.2 69.0 71.4 73.5 71.3 74.7 77.3 76.0 74.1 78.3 76.0 75.1 76.4 74.1 73.7 73.3 73.3 73.7 73.9 72.2 73.3 73.7 62.1 58.2 57.8 63.2 63.5 59.7 61.2 61.9 62.0 63.6 68.3 69.2 68.3 70.1 68.2 68.5 69.5 68.5 67.1 65.6
54.8 58.7 55.1 56.9 57.5 55.6 56.1 57.3 55.7 58.0 59.1 55.7 55.2 54.8 61.4 56.2 55.6 58.2 59.4 60.0 61.0 60.8 63.0 63.4 63.7 66.4 66.6 67.1 67.6 69.5 72.2 73.3 76.0 76.5 77.9 78.0 77.5 76.5 75.6 76.5 74.9 73.7 70.8 69.3 71.6 71.6 72.4 76.3 76.4 75.6 77.7 78.5 76.3 74.0 76.8 74.0 74.2 75.5 71.0 73.6 73.1 74.1 73.7 72.2 63.1 59.7 64.6 64.5 64.2 59.1 63.3 63.8 62.1 63.0 67.7 68.3 70.0 70.4 68.8 69.0 69.0 67.1 66.5 63.3
58.1 59.7 58.5 58.7 59.2 57.0 55.9 58.4 54.8 57.4 58.0 54.6 56.6 56.5 55.1 56.6 56.9 61.2 57.7 59.1 59.3 62.9 64.3 63.4 63.8 65.2 66.8 65.3 67.3 67.7 70.2 73.1 73.6 75.7 77.3 78.0 76.7 78.0 77.0 75.9 75.2 77.2 74.6 72.8 73.3 73.3 72.7 74.6 76.6 76.0 76.9 78.7 76.6 78.2 76.8 74.2 74.3 75.6 73.6 74.6 75.7 74.9 73.1 70.4 68.0 61.8 63.4 64.9 59.9 60.7 65.1 67.5 64.2 65.1 65.3 68.9 69.1 70.8 69.2 70.5 68.4 66.9 66.9 63.1
56.9 60.9 61.9 63.8 60.7 60.6 58.9 61.9 57.4 57.9 55.4 55.3 57.1 56.8 57.0 59.8 57.9 58.6 59.1 59.5 61.2 62.4 60.2 64.8 64.2 65.5 68.4 64.0 66.2 67.0 67.0 72.0 72.5 75.1 77.1 78.3 73.6 76.6 79.7 77.5 75.6 76.8 76.8 76.9 73.4 74.6 74.0 76.4 77.9 74.5 75.7 78.1 76.2 78.9 77.2 74.0 75.5 76.7 74.5 76.4 75.8 72.9 72.3 67.8 65.8 62.0 68.6 64.7 63.4 63.4 66.1 67.8 64.2 67.7 66.9 69.0 66.7 70.0 68.6 68.8 68.7 66.9 67.0 63.3
62.3 63.5 65.7 65.1 63.2 64.4 60.8 62.2 60.8 57.0 57.9 56.9 57.6 56.8 57.0 50.4 59.1 59.7 58.0 61.6 61.3 62.1 63.0 64.2 64.3 65.8 66.5 65.5 65.0 69.7 66.3 72.8 72.5 75.6 75.1 77.8 78.1 79.7 80.2 78.6 76.7 77.5 78.7 78.2 75.1 75.4 75.7 76.1 78.2 74.5 78.3 76.5 78.9 78.5 76.5 76.3 75.6 77.4 75.6 74.3 74.7 73.3 70.3 68.0 66.6 66.4 67.3 65.3 58.0 65.3 65.5 67.1 65.5 68.1 68.6 69.8 68.7 69.5 67.1 71.7 65.8 68.4 66.5 62.3
61.7 63.2 64.9 65.2 62.9 65.4 61.9 62.3 59.3 58.2 58.3 56.7 58.5 58.4 57.1 60.1 58.9 59.3 61.7 61.2 63.3 62.4 62.9 63.8 62.7 64.1 66.1 65.3 66.3 68.5 65.3 69.4 70.4 74.7 76.0 77.4 75.4 77.8 82.4 79.0 78.5 79.3 78.5 76.4 74.4 74.8 75.9 76.7 78.8 75.2 78.8 77.9 78.7 78.4 79.3 76.4 76.4 79.4 76.1 75.0 76.6 75.4 71.0 68.9 68.6 69.1 67.7 66.9 65.8 65.8 66.1 67.0 64.3 68.7 68.4 69.2 69.3 71.5 72.0 70.0 69.2 66.8 65.1 61.1
62.3 64.1 70.4 66.3 65.5 65.8 65.4 63.3 60.4 60.8 57.8 57.7 59.3 59.9 58.3 58.8 59.8 60.5 61.3 61.7 62.6 62.9 63.5 65.1 68.3 64.7 65.9 66.3 67.4 68.0 72.3 70.1 72.8 72.2 73.7 77.7 78.2 80.6 81.4 78.7 77.1 79.9 77.8 75.4 75.9 75.9 76.9 78.2 77.8 76.0 78.4 78.9 77.4 78.2 77.6 77.3 76.2 76.6 75.9 76.2 75.5 67.7 69.1 70.2 72.2 70.2 69.2 68.8 65.7 67.2 66.7 67.4 67.9 69.5 68.9 68.4 68.2 72.2 68.9 69.1 69.8 66.6 63.3 61.4
64.6 64.1 64.1 67.4 68.7 66.2 66.7 65.4 62.6 65.7 60.4 62.9 63.0 59.8 60.6 59.7 58.7 62.3 61.0 63.2 63.1 63.8 65.5 66.1 64.7 66.2 66.0 66.2 67.5 68.2 65.1 70.2 72.6 71.9 72.9 75.7 74.6 80.3 76.3 78.7 80.3 78.4 76.9 76.2 74.6 75.7 75.6 78.5 80.2 76.6 78.3 77.3 77.7 78.1 78.6 77.0 76.1 75.8 77.6 75.7 72.8 72.0 69.3 70.6 71.2 72.2 68.1 68.3 67.7 67.9 68.1 68.3 68.1 69.6 69.0 70.2 67.6 69.5 67.5 68.4 71.8 66.3 65.2 61.8
62.2 68.0 67.7 67.8 69.5 66.5 66.7 66.5 66.6 68.0 63.8 64.5 63.6 61.7 62.7 62.0 61.3 61.6 63.2 64.3 62.5 63.8 61.7 64.6 62.9 65.9 67.2 66.1 67.0 68.5 70.5 70.3 70.4 72.0 74.1 75.8 77.5 78.0 77.8 80.8 78.8 78.7 76.6 77.3 74.2 75.0 75.7 77.9 80.9 77.9 77.6 77.7 78.0 78.0 79.2 77.1 73.2 77.1 76.6 75.5 77.8 71.0 69.6 71.1 72.6 71.6 68.9 69.8 68.7 70.7 69.5 68.6 69.0 68.8 68.2 70.4 69.4 69.2 72.9 69.2 68.5 64.2 66.9 63.6
63.8 65.1 67.2 67.7 69.1 69.0 69.1 67.4 66.0 66.5 64.8 65.7 65.2 64.1 63.4 65.0 61.6 63.2 62.4 59.8 64.5 63.3 63.7 64.6 64.3 65.8 64.8 65.1 65.5 67.7 67.0 70.8 71.0 73.9 73.9 74.7 77.9 78.9 78.1 78.8 79.5 79.3 77.1 79.5 77.4 75.0 73.7 76.7 81.9 79.4 79.1 77.2 76.1 76.6 78.6 77.7 74.6 75.9 75.4 73.9 72.0 70.1 68.8 71.6 73.3 71.4 71.1 71.6 69.4 70.8 69.0 68.7 69.1 68.7 68.7 68.9 70.5 70.2 70.3 71.0 69.0 63.1 66.1 65.0
63.6 64.8 67.0 68.5 69.4 68.1 69.3 67.0 66.6 67.7 65.8 67.0 64.8 64.2 64.7 63.9 61.6 64.3 64.4 65.4 64.8 64.8 66.3 65.8 64.9 64.4 66.2 66.4 65.3 67.3 69.3 72.2 72.0 73.1 72.7 74.1 77.0 78.9 75.8 77.7 79.5 79.2 78.5 76.8 76.3 76.1 75.0 79.0 80.6 80.9 77.0 77.1 76.8 78.4 76.6 75.8 76.6 74.5 75.3 72.3 70.9 68.9 71.0 72.0 72.6 71.5 72.4 72.7 69.9 69.0 68.1 70.7 68.8 70.2 68.5 68.6 67.1 70.0 67.2 69.0 67.8 67.8 72.6 67.4
64.2 66.6 67.8 68.7 69.7 69.8 70.3 67.6 66.1 67.7 67.4 68.7 67.5 66.4 66.7 63.4 62.3 66.6 65.6 64.0 62.7 64.5 66.1 65.1 64.1 65.9 66.0 66.1 66.1 67.4 71.6 71.7 72.9 71.5 72.5 74.2 76.5 78.7 75.8 78.2 79.0 78.4 79.6 79.3 75.6 74.5 78.6 78.6 80.3 79.7 77.1 78.0 77.8 76.5 78.2 74.2 74.6 75.5 75.4 73.7 70.3 70.4 71.2 72.1 73.9 72.2 72.5 72.9 70.2 70.8 69.7 69.4 68.1 70.2 70.5 70.2 68.0 69.5 69.4 69.3 68.7 69.2 71.8 70.1
64.3 67.7 68.5 69.1 70.9 69.1 70.0 66.7 68.1 68.3 69.6 68.4 67.9 67.3 67.1 64.9 65.5 65.5 65.0 67.0 72.0 67.1 67.4 65.6 67.4 65.3 68.8 65.8 66.5 67.2 70.0 71.0 73.5 73.6 73.8 74.1 76.4 78.1 82.4 79.5 81.3 79.2 80.5 75.5 80.6 75.6 77.7 77.4 81.8 79.7 78.9 78.6 76.1 77.1 76.7 74.6 70.5 73.2 72.9 75.3 67.2 70.8 74.1 73.9 74.7 72.4 74.6 71.1 69.5 70.0 70.9 69.2 69.9 70.3 71.5 70.2 69.6 69.8 68.7 70.8 70.3 69.3 66.0 70.1
68.3 67.7 69.0 72.1 75.5 70.8 69.6 66.4 68.9 68.8 67.1 68.6 66.9 66.4 66.5 66.6 66.8 67.1 66.4 67.2 66.7 67.4 68.6 68.0 68.4 66.4 67.4 66.2 67.7 65.3 69.2 69.8 73.7 73.7 73.6 74.9 76.8 77.8 81.4 80.5 78.8 78.0 80.5 79.0 82.2 74.5 75.8 77.7 81.2 80.0 78.8 80.5 73.0 77.4 76.4 75.6 71.5 71.0 70.9 73.1 73.8 71.6 72.5 74.0 75.2 73.1 74.3 71.9 70.0 70.1 71.0 68.6 68.9 71.6 70.3 70.2 70.5 70.9 70.6 70.6 70.6 70.8 71.1 70.0
64.9 67.8 69.9 70.4 71.1 71.2 67.9 66.8 68.2 67.7 67.8 69.7 69.0 68.8 68.6 66.4 68.3 67.9 68.6 67.7 71.1 67.6 70.3 69.0 70.6 67.2 69.5 67.4 67.2 68.4 70.4 70.2 71.9 73.2 73.9 73.9 77.6 77.3 80.9 79.5 79.0 78.9 79.0 76.9 77.5 72.8 77.6 78.0 80.9 79.0 78.6 80.4 75.1 76.8 75.6 75.8 70.7 71.0 71.1 71.1 70.3 71.9 74.4 74.0 74.6 74.5 74.4 73.5 72.5 70.4 67.5 69.8 74.3 70.5 69.9 69.7 69.4 70.5 69.0 71.8 71.3 71.2 70.8 70.2
66.7 68.0 70.3 69.9 71.3 70.9 67.4 68.4 70.2 69.6 70.4 70.2 71.4 70.1 69.7 69.6 70.5 68.7 70.4 69.2 66.2 69.6 70.4 71.0 70.0 67.7 68.8 67.4 68.3 69.6 69.3 70.8 72.0 73.9 73.8 74.6 78.7 77.7 82.2 79.3 79.6 78.1 80.0 77.2 79.2 76.4 74.6 76.9 82.2 79.4 79.0 82.1 79.3 76.7 75.4 74.7 71.8 73.1 73.6 70.0 74.1 73.0 74.1 74.5 74.2 74.6 74.1 71.1 71.2 71.7 70.9 70.4 69.3 69.1 70.8 69.8 70.3 73.4 71.2 75.6 71.9 71.2 71.6 72.2
68.5 67.6 72.7 70.4 70.0 70.3 70.6 69.8 70.6 70.5 72.4 69.6 70.7 72.4 72.3 72.6 73.6 70.6 69.8 69.8 70.8 71.0 68.7 68.7 68.9 69.6 70.8 67.2 67.8 69.9 70.2 72.9 70.5 73.0 74.2 74.8 76.5 79.0 84.4 80.2 80.9 77.5 80.6 76.5 78.2 76.9 76.4 76.8 78.8 79.7 79.6 78.9 75.5 76.5 77.9 73.9 69.6 73.8 71.1 70.3 72.7 70.5 71.8 76.0 74.7 75.2 72.7 67.5 74.0 71.5 69.3 70.5 71.4 70.6 70.0 70.4 71.5 73.6 71.7 71.6 70.6 71.6 73.6 71.6
68.6 67.6 71.9 70.6 70.8 71.6 69.7 70.0 74.2 70.5 71.6 72.3 73.4 74.5 75.4 74.7 74.0 71.5 72.0 70.6 71.7 70.9 73.2 71.5 71.7 70.6 69.6 68.4 68.6 68.8 72.0 70.8 72.2 72.8 75.0 73.9 77.3 79.4 76.9 79.9 80.5 77.7 79.2 77.0 79.6 76.7 76.2 75.4 79.9 79.2 78.5 77.4 76.6 75.6 74.0 73.5 74.3 70.8 69.2 69.9 72.3 73.6 76.0 76.1 73.7 75.2 73.6 75.0 74.5 71.2 68.7 70.3 64.4 71.8 68.5 71.9 71.0 70.8 71.3 70.9 71.6 71.7 73.0 74.0
69.4 67.2 73.9 71.0 69.3 69.0 69.9 70.0 70.0 71.3 71.3 72.6 73.8 76.0 77.5 75.2 78.7 72.9 72.7 70.8 71.1 71.1 72.9 75.0 74.9 71.9 68.6 70.3 70.2 68.4 69.3 71.6 70.1 73.5 74.4 76.9 77.3 79.5 82.8 79.7 79.4 76.8 79.4 77.4 78.5 77.0 73.2 74.2 77.7 79.7 77.8 77.5 77.0 72.8 71.6 73.5 69.2 69.8 72.6 69.7 71.4 72.8 73.5 76.6 76.5 75.1 74.1 74.3 74.7 74.1 71.0 71.3 69.3 73.4 71.1 73.2 72.0 71.1 71.6 72.7 71.1 71.6 71.9 73.4
71.7 70.0 72.8 70.4 69.9 71.7 67.7 69.9 70.8 72.0 72.1 72.9 75.7 77.8 70.7 75.6 76.2 74.1 72.4 73.0 71.4 71.5 71.2 74.1 72.0 73.4 75.3 71.5 68.8 68.9 70.4 71.8 72.8 73.7 72.7 74.4 76.3 78.7 76.4 80.7 80.2 77.7 78.8 77.2 79.4 76.9 74.9 75.4 79.0 77.3 75.3 79.2 75.6 71.8 70.5 72.6 69.8 67.7 68.8 70.0 72.6 72.3 76.6 76.5 74.7 74.9 73.0 73.2 77.1 73.8 72.8 70.3 69.4 72.8 72.0 71.2 70.7 71.9 73.3 72.9 72.9 72.1 73.3 74.6
72.2 73.2 72.7 69.1 70.5 69.8 69.7 69.7 73.2 72.2 74.0 73.8 75.5 75.9 75.9 75.2 75.2 75.5 72.8 75.0 72.9 72.9 71.6 72.6 73.6 73.9 73.2 70.9 70.3 69.1 68.0 71.6 72.0 72.8 74.1 75.6 76.4 79.1 77.7 80.7 79.8 77.8 76.6 77.0 72.7 78.2 77.2 75.6 78.5 75.8 75.3 78.4 72.8 71.1 69.5 72.4 70.1 68.4 69.1 68.9 72.1 72.6 75.1 75.9 76.1 75.2 74.2 73.3 75.3 73.4 70.2 70.7 72.0 72.3 71.3 72.2 70.2 72.2 76.9 71.5 72.6 71.5 72.9 74.8
72.8 71.7 69.9 70.0 71.2 71.0 68.9 71.7 69.9 73.8 73.0 74.6 73.2 76.4 75.0 75.3 76.0 76.8 72.4 75.2 72.8 72.3 72.8 73.2 74.3 74.1 72.8 71.3 71.3 70.3 68.7 70.7 72.1 72.5 73.8 75.6 75.5 78.4 77.2 80.0 78.6 75.5 78.4 76.8 78.4 77.7 72.6 75.4 78.5 78.6 77.4 78.3 69.0 71.1 70.4 72.7 70.4 68.4 70.9 70.0 70.5 73.2 76.2 77.5 76.6 76.3 75.8 73.2 77.4 74.8 72.1 71.2 72.3 71.8 66.6 72.8 72.2 72.3 73.8 72.5 72.0 72.8 76.3 73.3
