morphological_analysis/input_data/surveys/q07_1/matrix_bed_q07_1s6.txt
north:            -537.50
south:           -1267.50
east:             2691.00
west:              -93.00
rows:                 148
cols:                 278
null:              -999.0
[rows 0 to 37 of 148, columns 0 to 83 of 278]
53.3 59.9 66.3 78.0 77.4 81.3 84.8 78.6 82.1 76.4 74.5 73.6 62.9 59.3 65.4 59.4 54.2 59.8 66.5 67.5 64.9 67.4 60.2 62.0 69.1 66.7 72.3 73.3 73.4 68.6 77.4 76.5 75.2 69.0 77.7 74.0 71.3 69.6 77.5 76.6 66.7 73.8 71.6 73.6 68.8 70.3 64.0 67.9 67.1 64.1 60.3 73.3 75.6 70.6 65.0 74.6 71.1 68.1 74.1 70.4 74.5 67.5 71.6 68.0 62.4 65.1 60.9 60.9 70.0 61.4 61.0 54.2 54.3 39.2 43.7 42.0 36.7 50.5 44.4 51.5 62.0 57.9 36.3 37.4
53.0 59.7 65.3 78.1 78.0 81.3 84.8 78.6 82.1 76.4 74.2 73.6 63.0 59.1 65.9 59.2 53.7 59.8 66.9 67.4 65.3 67.4 60.2 62.2 71.2 66.7 71.4 73.2 74.0 68.5 77.6 76.4 74.8 69.0 78.5 74.1 70.2 69.6 77.5 76.6 66.1 73.9 70.8 73.7 68.2 70.3 64.2 67.9 66.8 64.1 60.6 73.7 72.7 70.7 64.0 74.7 70.5 68.0 73.2 70.9 74.3 68.1 72.1 68.0 62.3 65.1 62.2 60.7 70.5 61.4 61.6 55.5 55.8 39.6 44.3 42.6 35.6 50.3 43.1 51.5 63.5 57.8 36.8 37.1
54.3 63.9 69.9 77.2 80.1 83.0 84.8 81.8 82.9 77.2 75.5 73.8 66.0 61.7 64.8 61.0 53.5 62.5 66.6 68.1 64.1 68.0 61.8 65.8 72.3 69.8 73.1 78.7 75.0 71.6 80.5 82.0 78.6 72.4 79.2 75.3 71.0 69.6 77.5 76.6 70.0 73.3 75.3 77.6 71.2 74.8 66.6 70.7 70.2 71.5 62.7 73.7 75.1 71.8 69.4 75.4 67.2 69.0 74.7 78.4 75.7 71.0 73.0 70.5 64.1 66.3 64.2 63.8 72.0 62.2 64.1 59.8 57.4 43.1 47.0 44.1 40.3 53.8 44.1 52.0 60.5 57.2 37.8 44.1
56.8 66.6 73.1 79.3 81.4 85.6 84.8 82.4 80.8 78.2 75.4 75.2 65.2 61.3 66.8 59.9 62.2 64.1 66.0 67.2 64.2 68.3 61.5 65.4 71.8 70.7 75.6 80.3 77.8 74.6 85.1 79.9 76.4 73.2 79.1 75.3 71.1 -999.0 77.5 -999.0 68.9 75.8 78.0 81.2 73.7 75.9 69.3 74.5 73.1 72.5 64.1 76.1 78.3 75.0 71.9 78.7 73.9 69.7 78.8 78.5 78.6 72.6 72.2 74.0 65.4 67.2 67.8 65.1 72.6 61.6 63.3 62.3 60.5 44.7 47.5 43.7 44.4 54.9 42.2 53.3 62.9 54.4 43.0 42.9
56.3 77.1 74.1 76.7 82.6 84.9 -999.0 83.5 81.3 81.5 76.9 76.9 65.4 61.3 66.4 59.8 60.5 83.2 66.1 67.0 72.5 68.0 62.6 65.1 73.8 71.2 77.1 81.0 76.8 75.5 83.9 85.0 76.5 71.1 79.1 -999.0 -999.0 -999.0 -999.0 -999.0 70.0 75.9 78.2 82.5 76.8 79.0 76.0 77.2 76.0 75.8 64.7 78.7 79.1 78.0 76.1 82.1 72.6 73.5 81.7 78.3 80.2 76.2 69.7 76.6 66.0 68.0 69.2 67.4 76.5 61.8 64.7 63.0 63.7 48.0 46.9 43.1 46.5 54.9 45.1 52.4 62.7 55.2 43.9 47.3
56.8 77.6 73.9 76.5 82.4 84.9 -999.0 83.5 81.2 81.7 77.3 77.0 65.2 -999.0 66.8 -999.0 62.2 84.3 66.0 -999.0 70.8 68.0 62.4 65.1 74.2 79.3 80.8 80.0 78.0 77.7 84.1 85.3 78.0 71.0 79.1 -999.0 -999.0 -999.0 -999.0 -999.0 -999.0 -999.0 78.3 81.2 77.8 80.1 73.9 78.2 75.3 77.8 69.3 78.2 81.3 80.4 77.5 82.5 80.9 75.9 81.5 79.7 80.9 76.7 70.7 77.6 63.9 68.6 70.1 67.6 76.4 63.9 63.5 63.4 65.0 49.8 47.0 46.4 44.7 51.0 45.4 53.2 62.9 57.9 43.7 47.9
-999.0 -999.0 74.1 -999.0 82.6 -999.0 -999.0 -999.0 81.3 -999.0 77.3 -999.0 -999.0 -999.0 -999.0 -999.0 -999.0 -999.0 -999.0 -999.0 72.5 -999.0 62.6 -999.0 74.2 79.7 80.0 80.0 77.8 77.8 83.9 -999.0 77.7 -999.0 -999.0 -999.0 -999.0 -999.0 -999.0 -999.0 -999.0 -999.0 78.3 81.6 77.6 83.7 73.8 79.5 76.0 78.2 71.7 77.7 82.3 82.5 78.6 82.7 80.9 77.1 83.0 80.9 78.7 74.9 69.6 77.2 63.8 68.7 72.0 65.9 78.5 64.3 68.3 66.8 64.3 50.9 52.5 49.6 51.9 50.8 55.0 53.2 60.7 63.7 43.9 -999.0
-999.0 -999.0 -999.0 -999.0 -999.0 -999.0 -999.0 -999.0 -999.0 -999.0 77.3 -999.0 -999.0 -999.0 -999.0 -999.0 -999.0 -999.0 -999.0 -999.0 -999.0 -999.0 -999.0 -999.0 74.2 -999.0 80.8 -999.0 78.0 -999.0 -999.0 -999.0 78.0 -999.0 -999.0 -999.0 -999.0 -999.0 -999.0 -999.0 -999.0 -999.0 -999.0 81.6 77.8 83.8 73.8 79.6 75.9 78.4 71.2 77.7 82.2 82.6 78.6 82.7 80.9 77.0 82.7 80.0 77.9 75.4 68.9 72.7 63.0 66.6 71.3 66.5 79.6 67.9 67.6 74.7 64.4 50.9 51.5 49.7 50.5 50.8 53.0 53.3 61.1 64.0 -999.0 -999.0
-999.0 -999.0 -999.0 -999.0 -999.0 -999.0 -999.0 -999.0 -999.0 -999.0 -999.0 -999.0 -999.0 -999.0 -999.0 -999.0 -999.0 -999.0 -999.0 -999.0 -999.0 -999.0 -999.0 -999.0 -999.0 -999.0 -999.0 -999.0 -999.0 -999.0 -999.0 -999.0 -999.0 -999.0 -999.0 -999.0 -999.0 -999.0 -999.0 -999.0 -999.0 -999.0 -999.0 -999.0 -999.0 -999.0 73.8 -999.0 76.0 -999.0 71.7 -999.0 82.4 -999.0 78.8 -999.0 80.9 76.9 83.0 80.0 78.1 75.6 69.0 72.4 63.0 66.3 71.4 66.5 79.4 68.1 68.4 75.0 64.3 -999.0 52.5 -999.0 51.9 -999.0 55.0 -999.0 60.7 -999.0 -999.0 -999.0
71.4 74.4 73.9 74.8 76.2 79.8 72.6 -999.0 82.3 -999.0 65.5 -999.0 -999.0 -999.0 -999.0 -999.0 -999.0 -999.0 -999.0 -999.0 -999.0 -999.0 -999.0 -999.0 -999.0 -999.0 -999.0 -999.0 -999.0 -999.0 -999.0 -999.0 -999.0 -999.0 -999.0 -999.0 -999.0 -999.0 -999.0 -999.0 -999.0 -999.0 -999.0 -999.0 -999.0 -999.0 -999.0 -999.0 -999.0 -999.0 -999.0 -999.0 -999.0 -999.0 -999.0 -999.0 -999.0 -999.0 -999.0 -999.0 77.9 -999.0 68.9 -999.0 62.9 -999.0 71.3 -999.0 79.6 -999.0 -999.0 -999.0 -999.0 -999.0 -999.0 -999.0 -999.0 -999.0 -999.0 -999.0 -999.0 -999.0 -999.0 -999.0
71.6 74.1 73.6 74.4 75.4 78.6 72.9 73.7 79.8 70.0 64.3 60.8 60.0 60.7 58.6 62.1 60.5 59.5 62.2 63.5 63.6 64.4 65.9 68.8 68.6 67.6 69.8 75.0 77.9 -999.0 70.9 -999.0 82.1 -999.0 -999.0 -999.0 -999.0 -999.0 77.1 -999.0 -999.0 -999.0 -999.0 -999.0 -999.0 -999.0 -999.0 -999.0 -999.0 -999.0 -999.0 -999.0 -999.0 -999.0 -999.0 -999.0 -999.0 -999.0 -999.0 -999.0 -999.0 -999.0 -999.0 -999.0 -999.0 -999.0 -999.0 -999.0 -999.0 -999.0 -999.0 -999.0 -999.0 -999.0 -999.0 -999.0 -999.0 -999.0 -999.0 -999.0 -999.0 -999.0 -999.0 -999.0
71.4 74.0 73.9 74.5 76.2 78.9 72.6 73.6 82.3 70.3 65.5 60.6 60.9 61.3 59.8 62.1 60.9 60.0 62.2 63.3 63.5 64.3 65.7 68.5 68.2 67.6 69.9 74.0 76.7 73.2 71.3 72.6 79.9 72.5 72.7 71.7 70.6 70.5 75.9 72.2 69.3 65.2 67.2 70.1 72.4 73.4 -999.0 72.4 -999.0 82.0 71.3 80.2 75.8 -999.0 -999.0 -999.0 -999.0 -999.0 -999.0 -999.0 -999.0 -999.0 -999.0 -999.0 -999.0 -999.0 -999.0 -999.0 -999.0 -999.0 -999.0 -999.0 -999.0 -999.0 -999.0 -999.0 -999.0 -999.0 -999.0 -999.0 -999.0 -999.0 -999.0 -999.0
72.6 72.1 72.4 72.7 72.3 72.9 73.9 73.6 69.9 70.2 59.7 60.5 60.0 61.1 58.6 62.1 60.5 59.9 62.2 63.3 63.6 64.3 65.9 68.5 68.6 67.6 69.8 74.1 77.8 72.9 70.9 72.3 82.1 72.4 72.6 71.2 70.7 70.3 77.1 71.6 68.3 65.3 67.7 70.1 72.1 73.0 73.5 72.9 73.5 81.0 72.3 79.4 75.5 76.2 73.7 76.2 76.6 72.2 73.1 73.3 74.1 -999.0 -999.0 -999.0 73.5 71.3 72.4 70.9 71.3 78.1 -999.0 -999.0 -999.0 -999.0 -999.0 -999.0 -999.0 -999.0 -999.0 83.9 -999.0 -999.0 -999.0 -999.0
69.9 70.3 72.4 72.7 73.2 73.7 71.4 72.7 70.1 71.4 59.9 59.1 64.5 63.4 64.8 62.2 62.4 62.5 62.1 62.5 63.2 64.3 65.0 67.0 66.6 67.6 70.5 68.9 72.5 72.9 73.0 72.3 71.5 72.4 72.7 71.3 70.6 70.3 71.4 71.7 69.3 65.3 67.2 69.7 72.4 73.0 74.1 72.8 74.0 78.9 71.3 79.4 75.8 76.2 73.8 76.2 75.9 72.7 73.5 73.5 74.0 70.0 75.2 72.8 74.4 71.4 72.3 70.7 71.5 77.3 72.6 72.1 74.9 73.4 73.5 79.2 68.7 -999.0 72.6 83.9 69.8 70.1 66.6 66.2
69.4 70.0 73.8 72.3 72.5 72.3 72.1 71.8 70.7 70.4 60.2 58.3 59.6 59.0 62.3 62.0 63.7 61.9 63.5 65.3 61.4 65.2 65.8 66.7 63.9 67.4 67.5 68.8 74.4 71.5 72.8 70.9 69.1 71.8 72.3 68.6 71.1 69.2 68.2 68.8 64.8 66.2 69.4 69.2 70.7 70.6 71.4 74.9 71.7 72.6 76.1 75.4 74.5 76.1 73.7 76.1 76.6 73.0 73.1 73.5 74.1 70.7 74.5 72.5 73.5 71.3 72.4 69.9 71.3 77.4 73.1 72.4 74.9 73.6 73.1 78.2 70.1 72.3 72.4 83.8 71.1 70.1 66.3 66.2
70.5 71.1 72.8 71.3 72.6 71.2 73.0 71.4 68.8 74.6 60.9 57.4 63.2 61.8 62.4 62.4 62.1 66.9 63.5 65.6 69.0 71.7 66.4 66.8 69.4 66.9 70.7 68.0 68.5 72.4 69.3 70.8 70.3 71.4 70.8 68.7 69.8 69.8 70.5 69.7 68.2 66.7 68.0 68.4 67.1 70.6 69.9 73.3 72.2 73.0 74.3 76.5 75.4 75.7 74.1 75.6 73.1 74.9 75.0 74.2 73.8 70.8 71.5 72.2 77.9 71.5 71.9 70.5 72.4 72.9 72.6 72.3 74.9 73.6 73.5 78.3 68.7 72.5 72.6 75.6 69.8 69.6 66.6 66.2
70.7 70.6 72.2 72.7 72.8 72.1 71.9 72.7 70.2 71.9 65.0 59.9 59.9 59.9 59.3 59.4 54.9 61.7 60.3 63.7 65.1 64.8 67.2 67.3 66.3 67.0 69.9 69.1 69.3 72.4 70.9 71.2 71.1 71.2 70.5 69.8 69.8 71.9 69.0 71.6 68.4 66.7 67.8 69.0 71.0 70.2 73.2 72.3 74.6 72.2 74.0 76.3 78.0 75.3 76.6 73.8 74.9 75.5 74.7 73.5 71.2 74.1 69.7 70.7 69.4 70.8 71.0 71.3 71.1 72.7 74.9 73.8 71.5 74.4 71.6 73.3 75.6 72.6 71.5 72.9 76.2 69.2 65.1 66.2
73.3 71.1 71.4 71.6 70.9 72.8 73.2 73.1 71.3 68.5 67.0 57.3 59.9 57.2 57.3 58.6 54.7 58.0 56.8 61.3 64.2 66.5 70.1 68.1 67.2 72.6 68.6 70.6 68.7 73.1 73.3 69.5 68.5 71.1 69.8 70.1 68.8 70.0 69.3 66.8 69.5 67.1 67.7 68.9 67.4 69.3 72.3 74.0 71.2 74.0 74.0 75.6 79.5 75.4 76.4 75.1 77.2 76.3 73.9 73.1 70.9 71.5 72.1 70.9 71.6 71.2 70.7 71.8 71.9 71.9 73.6 73.1 72.7 72.6 70.5 72.3 70.0 73.7 73.0 73.3 72.0 68.7 66.2 67.4
71.3 71.0 70.9 72.8 72.5 71.6 73.7 71.4 71.9 72.6 68.1 57.1 57.8 56.0 56.2 56.7 58.6 58.5 57.2 57.9 59.1 65.5 65.8 69.9 68.4 68.4 69.3 72.0 71.7 72.4 71.6 71.4 71.4 70.6 71.4 69.8 71.8 71.3 70.7 68.8 69.0 70.3 67.3 69.1 72.6 68.9 72.3 72.6 71.8 73.4 73.1 76.1 77.0 76.8 80.3 77.1 75.6 77.5 73.1 74.7 73.5 69.4 71.1 71.7 70.2 70.5 70.7 72.2 70.8 71.9 72.6 70.7 72.6 71.4 70.6 72.6 72.1 74.4 72.0 72.0 70.8 69.8 67.2 67.5
72.3 70.8 68.8 72.9 73.4 72.6 74.6 71.5 73.2 74.6 69.9 59.2 58.0 56.3 59.0 58.7 57.7 58.4 60.7 56.5 61.1 61.3 63.5 68.0 68.1 71.4 73.1 72.7 71.4 73.3 71.6 73.4 72.0 72.3 72.2 70.0 71.9 71.6 73.1 71.7 69.9 69.2 70.5 69.8 70.8 71.0 73.4 71.8 72.1 72.1 74.5 75.9 77.2 77.3 72.1 77.1 74.7 75.8 74.5 73.6 73.2 70.9 71.4 70.5 70.0 70.1 71.9 70.7 66.5 73.5 73.7 74.6 71.5 71.7 71.7 72.6 73.5 74.0 74.1 72.1 70.8 73.5 69.2 69.5
69.7 70.7 73.0 73.9 73.2 72.5 73.9 73.4 76.5 73.5 71.1 62.2 60.5 61.0 61.5 60.1 62.0 59.0 61.4 60.4 60.7 61.2 63.0 65.0 68.1 71.5 72.3 72.5 72.8 70.2 71.8 71.9 72.9 72.9 73.8 71.8 73.7 72.8 71.5 71.8 69.8 71.5 69.2 69.6 69.0 71.1 69.2 72.1 73.4 71.0 76.3 75.7 77.0 77.7 76.3 75.3 75.5 76.3 75.2 73.7 73.7 70.1 71.1 71.3 69.9 71.5 68.2 71.8 73.2 71.3 75.3 75.2 73.4 71.6 69.7 71.8 72.0 73.3 74.8 71.9 71.3 71.2 70.3 69.5
73.1 71.1 71.9 74.7 73.0 73.9 72.0 72.0 70.3 74.0 70.9 64.5 65.1 61.9 63.2 63.0 60.5 61.9 60.6 61.1 59.9 61.4 62.8 64.5 64.9 68.1 71.0 72.0 68.2 73.2 75.3 72.9 71.4 72.3 73.2 72.3 74.0 74.9 73.2 71.9 71.9 73.2 67.0 69.5 69.9 71.5 75.1 72.5 71.3 72.1 72.4 75.7 75.5 76.4 75.8 76.6 75.6 76.2 73.9 74.4 70.4 70.9 71.8 71.1 69.7 71.0 72.2 70.2 69.9 70.5 75.1 74.2 73.4 71.6 69.5 71.9 71.7 73.6 73.3 72.3 73.1 74.0 71.6 69.0
70.9 70.9 71.3 72.4 71.5 75.0 72.6 71.1 76.3 75.1 72.0 66.9 64.3 64.3 64.1 63.0 63.4 64.2 64.2 63.6 61.3 62.1 62.9 64.0 65.0 68.2 70.0 70.9 72.5 76.1 73.0 73.9 73.4 69.8 73.5 73.9 75.4 75.1 73.2 72.1 74.4 73.4 71.6 70.5 70.7 73.3 71.4 72.1 73.0 72.7 76.1 76.1 75.9 76.3 76.7 76.4 76.5 76.5 76.3 74.8 73.5 74.2 70.9 71.4 70.8 72.1 70.9 70.0 70.4 72.7 73.5 74.8 72.4 71.6 68.5 72.6 69.9 73.1 71.9 72.5 73.6 73.7 74.0 68.1
75.8 71.5 71.0 72.8 71.1 73.1 72.1 73.4 72.3 74.4 73.4 69.3 67.8 66.9 65.0 64.6 63.9 66.0 65.7 64.3 68.3 64.1 63.1 62.0 65.3 67.5 68.7 70.8 72.5 73.1 72.1 73.7 73.1 73.5 75.2 75.3 73.0 75.5 73.5 75.1 71.8 72.0 72.3 70.8 70.9 72.7 69.2 75.1 72.9 73.6 74.0 75.0 77.4 76.7 75.7 78.5 75.3 76.1 75.6 73.0 72.7 74.4 71.9 73.0 72.3 73.6 73.0 72.3 72.6 72.6 75.8 75.2 73.8 73.2 75.3 73.7 70.8 74.4 73.1 72.7 74.3 74.8 76.0 65.4
62.5 71.6 72.4 70.6 75.0 73.9 73.8 73.3 71.0 73.2 68.6 69.7 68.9 67.7 69.1 65.5 66.2 66.4 65.3 66.6 68.5 65.9 65.2 63.8 66.3 66.1 69.9 69.8 70.7 72.3 71.9 73.3 75.0 70.6 68.8 74.4 74.6 76.0 76.6 72.5 75.9 72.9 72.6 72.6 72.8 74.4 72.9 74.0 73.1 73.1 73.6 74.9 75.1 76.8 76.5 77.4 75.0 76.7 73.2 73.5 73.5 74.9 74.8 74.4 74.6 74.8 77.5 74.3 72.3 74.0 75.5 74.4 76.3 73.0 71.7 71.4 71.0 74.9 74.1 73.1 74.8 72.5 68.6 65.3
70.6 71.3 69.9 70.4 72.5 71.8 72.5 74.7 72.6 73.5 68.1 67.9 67.1 67.9 65.4 65.4 66.1 66.0 67.2 68.2 67.3 68.3 65.9 65.8 66.7 66.1 67.6 69.7 72.2 73.3 71.9 73.8 75.2 74.9 76.7 71.9 76.3 76.2 75.5 75.7 74.3 73.8 72.6 71.5 73.7 73.0 72.8 74.1 73.8 73.4 74.8 75.1 76.5 77.5 77.1 78.4 77.2 75.5 77.2 75.5 77.2 77.6 75.5 74.8 77.3 75.9 78.7 76.9 75.1 75.6 75.6 75.6 73.8 73.7 78.8 74.5 74.0 75.3 72.9 73.7 73.0 77.5 71.0 66.6
69.8 71.4 71.6 69.9 73.5 74.0 72.6 73.4 72.0 74.3 67.4 68.6 68.3 66.4 67.5 66.7 71.0 67.6 68.0 67.5 67.4 67.8 66.0 67.7 66.6 68.6 70.2 70.5 72.3 71.7 69.5 73.4 74.3 74.3 74.7 74.4 75.7 74.5 76.2 76.6 74.5 74.5 73.2 73.6 72.8 72.8 73.0 73.7 71.6 73.7 74.3 75.8 77.6 77.1 77.9 78.3 77.8 77.7 77.1 76.7 76.6 78.0 75.6 77.0 75.8 78.5 78.0 75.8 74.7 77.0 77.2 76.3 76.9 75.4 77.5 75.7 73.4 75.3 74.5 75.1 73.7 72.6 70.4 68.3
71.7 72.5 71.9 72.0 73.7 79.6 72.7 72.0 71.0 72.1 67.4 66.6 68.0 66.7 65.7 66.1 69.1 67.5 68.5 73.0 67.4 70.1 70.7 68.4 65.5 68.3 69.7 71.0 71.5 71.9 72.1 72.7 74.6 74.5 74.0 74.4 75.1 75.0 76.7 76.4 75.5 74.1 75.9 74.8 74.5 73.1 73.4 74.1 72.9 74.6 75.2 74.5 75.1 76.7 78.3 78.6 78.9 76.7 79.6 76.5 81.0 78.1 77.1 78.3 79.4 80.7 80.7 77.0 74.0 75.5 74.4 78.8 76.2 76.7 77.7 76.2 74.9 75.6 74.9 73.4 74.0 69.8 67.9 68.6
72.9 70.6 71.6 71.5 70.7 71.8 72.1 72.7 72.4 72.3 63.4 65.0 65.7 65.9 65.7 68.3 67.7 69.0 70.4 71.7 67.9 71.8 68.9 69.0 69.9 67.9 68.8 70.6 73.7 72.3 71.2 71.7 75.8 75.6 75.2 74.2 75.1 75.4 75.0 75.8 75.5 75.5 75.6 74.1 74.1 75.5 77.4 74.6 75.3 74.0 74.9 77.2 77.5 75.5 77.2 79.4 76.8 76.6 79.0 79.8 77.8 77.1 77.3 79.2 78.3 80.9 79.9 74.8 74.8 74.6 76.6 77.4 76.9 77.2 76.1 75.5 76.2 75.3 74.2 73.5 73.6 72.9 70.2 69.1
73.5 71.6 70.9 70.8 73.8 71.4 72.9 72.7 72.8 69.1 65.3 63.9 64.6 64.7 65.8 66.0 65.8 69.3 67.9 69.2 70.2 71.4 72.1 69.9 70.2 72.2 72.0 70.1 70.6 72.7 74.5 73.8 74.5 76.0 75.0 74.9 75.4 75.6 76.7 76.8 76.7 76.5 77.4 77.5 73.7 76.4 75.3 74.3 73.3 74.6 74.1 77.7 77.7 73.5 79.8 79.1 77.5 79.3 79.4 79.9 79.6 77.6 80.5 79.5 78.4 79.8 78.5 75.8 75.7 74.9 77.0 78.9 77.5 77.0 75.1 75.5 76.0 76.0 75.2 75.1 70.6 72.8 69.8 70.4
71.5 71.7 72.0 71.3 73.5 71.8 71.7 71.6 71.2 67.4 63.6 63.8 64.4 65.0 66.5 67.9 66.9 70.0 69.1 69.0 69.5 71.2 71.3 68.7 69.7 71.1 70.6 72.7 69.7 73.4 74.9 74.0 73.5 75.2 76.4 75.3 75.1 75.3 78.1 76.1 77.1 75.3 76.9 78.9 78.7 76.1 75.3 75.1 75.8 74.9 73.4 78.4 76.8 78.0 78.4 78.0 77.0 78.3 80.0 80.2 80.0 78.0 75.7 79.6 78.4 78.9 77.8 76.7 75.0 72.9 77.7 79.2 75.5 77.9 75.7 75.1 68.9 74.3 75.9 72.8 72.5 72.0 73.0 68.4
74.0 68.1 71.2 69.7 70.7 70.2 71.6 70.4 70.0 64.0 65.6 62.0 64.4 64.5 66.5 67.5 69.7 70.4 70.4 72.8 71.0 71.5 72.6 69.7 72.9 71.7 70.1 73.0 72.2 73.8 73.3 72.9 74.1 74.9 74.9 74.7 75.5 76.5 76.4 77.1 79.4 75.8 79.7 75.4 76.8 77.0 74.8 78.1 75.0 76.6 75.6 77.7 78.9 78.8 79.1 77.4 77.4 78.8 81.7 79.3 79.9 78.7 80.1 78.7 77.4 79.9 77.4 76.4 73.0 69.4 75.2 80.3 76.8 76.2 78.0 70.3 70.2 71.7 72.0 71.7 71.0 71.6 71.4 71.3
71.6 70.0 70.0 68.9 71.1 69.0 69.9 69.3 65.9 62.4 58.8 61.1 62.1 63.9 67.2 68.0 68.0 70.1 70.5 72.1 69.7 72.0 70.9 71.7 73.0 73.2 78.2 74.0 73.4 75.3 74.7 72.2 75.7 75.2 74.6 74.4 77.1 76.3 78.3 77.9 76.5 76.0 70.8 77.0 77.6 78.6 79.3 79.7 77.4 77.8 75.8 79.0 78.1 77.4 79.2 78.8 77.4 78.5 79.1 79.6 79.7 78.3 76.4 76.7 79.0 79.5 79.9 75.9 73.0 70.7 77.4 79.2 84.9 74.6 72.8 72.8 70.3 69.5 72.2 71.9 69.4 70.9 70.5 70.5
69.3 69.4 69.0 64.9 69.7 66.8 67.0 66.5 64.3 59.5 62.0 62.8 61.8 65.0 66.9 64.9 68.5 69.5 65.5 72.7 74.1 73.6 77.1 70.5 73.9 71.8 70.6 74.8 71.9 75.3 76.3 73.2 76.7 74.1 76.5 74.2 74.5 77.0 74.6 77.7 79.3 76.1 78.4 77.1 77.2 78.2 78.9 78.9 78.9 79.4 76.9 77.0 78.5 76.2 79.6 78.9 79.8 78.3 78.7 80.4 79.9 77.9 78.5 77.8 78.4 79.8 79.4 76.7 72.9 70.8 77.5 78.1 71.8 72.6 71.1 75.2 68.6 71.9 71.4 71.8 71.1 73.7 72.7 72.6
70.0 68.6 67.8 67.5 64.8 65.2 64.6 63.5 61.0 59.3 60.0 62.5 61.0 65.3 66.2 69.0 72.4 71.8 73.9 74.0 72.4 74.5 70.8 75.9 75.1 71.9 74.5 74.0 72.4 74.0 73.3 73.7 72.6 74.4 75.5 76.8 71.7 75.7 78.6 78.5 77.0 76.2 75.6 77.5 76.2 78.8 78.4 78.1 78.4 79.6 77.8 77.6 76.8 76.8 79.0 78.0 76.9 79.1 77.9 79.8 77.8 79.7 75.2 77.7 79.1 80.2 74.4 76.0 74.3 70.1 75.9 76.3 75.3 70.4 72.2 73.0 70.1 72.0 71.9 71.3 75.9 71.0 75.9 71.8
68.8 66.8 67.6 65.0 64.0 62.5 64.8 61.4 58.7 60.2 59.3 63.6 62.6 64.8 68.2 71.0 70.6 72.0 71.7 74.0 74.7 73.3 75.4 74.0 75.2 72.9 76.0 74.5 74.8 75.9 75.5 74.3 74.3 74.9 76.2 76.8 75.9 75.1 78.0 78.1 79.7 76.2 75.9 79.8 78.9 79.0 79.7 77.9 77.9 79.2 76.5 78.3 79.2 77.0 79.7 80.1 80.5 77.8 78.0 79.9 79.8 78.0 77.8 79.8 77.8 80.7 80.9 73.1 77.9 72.0 71.4 72.8 70.8 69.9 70.0 72.1 69.4 71.0 72.6 70.9 65.7 73.1 72.5 72.9
66.4 66.1 59.6 61.8 59.0 59.0 59.8 58.6 59.1 58.2 58.5 58.1 62.1 66.1 69.0 71.0 72.5 72.2 71.0 74.7 74.5 75.1 72.3 75.0 76.8 73.6 72.9 73.7 73.8 74.7 76.3 77.1 74.7 77.6 76.3 76.7 77.9 77.2 77.3 76.4 80.5 77.5 79.1 79.7 79.1 80.5 78.4 78.4 78.0 79.7 78.7 78.5 76.5 78.1 79.4 80.8 79.5 77.9 77.6 76.6 78.0 78.6 78.8 79.2 76.7 81.3 74.6 74.6 74.7 74.4 70.0 69.5 72.0 71.4 71.6 71.9 69.3 70.4 71.2 70.5 72.0 72.6 72.8 73.2
62.6 63.1 60.9 57.3 55.8 56.7 56.6 56.8 59.0 57.2 59.9 57.8 63.3 67.4 71.5 72.0 76.1 72.1 71.5 74.7 74.3 76.0 74.8 75.9 76.6 73.9 74.3 72.0 76.0 74.1 75.3 75.9 75.4 75.9 78.9 77.2 77.4 77.1 78.7 74.7 78.5 77.4 77.3 77.6 78.1 80.4 77.3 77.4 80.3 78.2 77.5 78.7 76.3 77.4 82.3 79.5 79.1 79.7 76.0 72.6 79.7 78.0 78.8 78.7 81.4 80.9 77.6 75.6 76.7 74.8 71.3 70.4 72.3 72.8 72.1 73.6 72.2 69.8 70.8 69.9 74.9 72.5 74.1 74.7
