morphological_analysis/input_data/surveys/q07_1/matrix_q07_1s3.txt
north:            -537.50
south:           -1267.50
east:             2691.00
west:              -93.00
rows:                 148
cols:                 278
null:              -999.0
[rows 0 to 37 of 148, columns 84 to 167 of 278]
47.9 51.9 56.7 53.3 54.3 55.9 55.3 58.8 60.4 60.7 51.2 50.5 55.3 56.8 57.0 62.7 59.3 51.8 45.9 56.3 58.6 55.6 48.4 57.8 53.9 46.7 53.9 60.0 63.4 65.0 60.6 49.0 57.7 61.9 57.1 61.6 66.0 70.3 75.8 68.4 68.1 71.3 62.9 69.2 63.2 62.8 48.8 51.3 61.5 62.1 66.9 68.0 62.6 66.2 64.3 61.4 65.4 59.7 63.7 75.1 66.2 69.7 69.7 67.3 68.5 74.6 78.2 74.6 75.5 73.7 63.7 53.8 52.8 56.1 69.2 66.8 73.9 81.9 85.5 75.7 62.6 66.1 70.0 68.4
47.9 52.4 55.4 57.3 53.6 55.5 58.0 58.8 59.4 60.4 49.6 50.3 56.1 56.9 57.9 62.5 56.6 51.9 47.5 56.2 59.2 55.7 45.2 58.2 55.7 46.9 53.2 60.0 63.4 65.0 63.1 49.0 57.7 61.8 56.2 61.5 67.3 70.5 74.9 68.6 67.0 71.6 67.1 70.0 62.6 62.9 51.3 51.1 62.5 67.5 67.3 68.1 63.3 66.0 64.6 61.4 65.3 60.2 64.1 75.2 66.2 72.0 69.2 67.3 67.8 74.0 79.1 74.5 75.1 72.5 63.7 53.8 53.6 56.1 68.6 67.0 73.6 82.7 84.5 75.6 58.8 66.1 71.1 68.4
48.0 56.5 71.8 62.9 52.5 55.6 54.8 61.3 65.1 62.0 48.7 53.4 55.3 56.9 53.6 61.9 59.1 53.4 49.3 56.0 60.4 56.3 53.2 61.2 57.2 49.6 55.7 62.8 63.8 65.2 64.9 53.3 62.1 66.5 60.3 64.2 67.5 71.5 76.5 72.4 71.9 71.6 67.6 69.9 64.2 63.0 49.9 50.0 59.3 66.3 68.1 68.7 63.8 69.4 64.8 63.6 68.1 63.2 67.7 75.8 66.3 74.2 72.1 68.7 71.6 73.3 82.1 77.6 77.7 74.2 63.2 55.4 49.9 55.3 69.9 70.9 74.9 86.2 89.6 80.5 66.7 69.7 72.3 68.8
50.1 83.6 111.5 109.5 67.8 57.3 55.9 64.3 68.0 63.4 51.1 54.2 58.5 58.2 54.8 60.6 58.9 55.1 52.1 58.6 62.3 58.7 52.0 64.2 58.4 51.6 55.6 65.5 66.5 65.5 68.7 56.6 63.6 70.9 64.8 67.8 71.4 74.3 78.3 78.4 70.3 73.7 68.9 74.4 67.7 64.8 53.5 49.6 63.0 66.8 67.4 70.6 66.0 71.2 69.7 64.3 70.4 65.7 73.0 76.9 68.0 76.3 75.2 70.5 69.5 73.5 84.5 78.7 79.0 74.8 64.7 58.5 48.5 54.2 69.0 71.8 78.8 88.5 87.9 78.6 69.4 70.4 71.9 69.9
106.1 119.2 121.2 118.4 109.9 62.8 53.7 64.8 69.4 65.0 53.0 54.2 59.3 58.1 56.5 59.5 59.5 59.1 54.8 58.3 66.7 61.9 55.7 67.4 64.7 53.5 57.0 67.4 70.4 67.1 68.8 57.5 65.2 74.6 68.0 71.5 70.5 75.0 76.8 78.3 76.2 77.7 70.3 75.7 70.1 67.4 52.5 50.3 57.5 68.7 69.3 79.4 68.3 75.9 70.1 64.1 72.8 69.0 80.1 79.8 71.1 77.7 76.1 71.2 76.1 71.8 84.2 81.7 82.7 75.3 62.5 56.5 46.7 56.1 68.6 71.4 81.3 86.3 89.2 86.2 72.1 70.6 72.3 71.9
115.5 119.8 115.1 120.0 119.1 111.4 62.0 65.3 70.2 66.3 53.8 56.8 61.3 59.0 52.7 60.3 60.9 61.4 59.3 58.6 64.1 65.7 53.9 66.1 64.3 57.1 60.9 68.7 73.0 68.5 72.8 60.0 67.8 76.8 71.1 75.8 74.4 74.1 80.1 78.4 78.3 78.7 75.9 76.4 70.5 68.7 57.0 53.6 58.8 80.7 118.8 117.1 117.1 116.9 71.2 64.9 75.0 72.7 79.9 81.7 73.6 79.3 78.1 74.4 75.0 72.5 86.3 85.8 83.3 76.6 59.9 52.2 46.8 57.2 70.9 73.6 82.9 87.9 89.6 87.1 73.7 73.8 72.9 71.6
116.3 120.0 114.6 120.2 119.4 122.2 109.9 82.5 68.7 66.5 55.1 61.3 62.2 60.9 52.4 61.0 62.0 63.3 61.4 61.6 66.6 68.0 58.4 64.7 66.4 59.2 62.6 72.7 75.5 69.6 74.7 61.6 70.5 78.8 74.5 77.4 76.5 73.4 77.3 75.7 79.7 80.9 76.2 79.1 72.0 70.3 58.6 60.0 61.8 108.0 119.4 118.8 120.7 119.0 102.9 64.9 76.7 74.9 80.9 82.7 74.7 82.1 79.5 77.7 75.6 73.2 88.4 87.7 87.0 77.8 61.1 54.3 47.0 58.2 68.1 73.7 89.0 89.2 91.2 88.4 77.9 75.0 73.0 74.5
120.0 121.4 119.7 120.0 119.0 124.6 111.0 105.6 66.2 67.8 57.6 68.3 63.2 65.2 53.7 62.2 60.1 66.1 60.7 65.0 68.5 68.6 59.1 69.8 68.7 61.6 65.8 75.2 79.0 73.9 75.6 64.3 71.0 80.2 76.0 78.7 77.2 74.4 77.9 77.9 80.4 82.6 81.2 80.2 73.1 70.1 62.1 58.7 101.5 118.0 119.5 119.2 120.4 120.0 110.8 83.1 74.6 77.6 84.9 82.6 77.2 84.7 78.7 80.3 77.7 72.7 89.5 91.2 85.9 78.0 61.7 52.7 45.3 59.8 68.8 74.2 86.5 89.4 92.2 89.6 79.7 74.7 77.4 76.4
120.6 120.5 116.7 120.4 118.9 124.6 118.4 117.7 102.9 76.2 79.3 67.6 62.6 83.9 57.6 67.2 67.4 74.4 64.6 72.3 75.0 74.9 72.3 84.2 72.1 71.4 70.2 77.3 81.6 76.1 77.8 70.6 74.5 81.3 77.2 79.7 77.8 76.7 77.0 80.8 83.5 83.6 81.1 82.3 75.7 74.0 62.8 99.6 115.1 121.7 119.2 121.3 121.7 121.0 117.0 93.9 76.9 79.3 85.8 85.2 78.0 84.2 80.8 83.2 78.0 72.7 90.4 93.7 87.7 81.6 63.5 52.5 51.8 58.9 66.5 77.5 86.0 90.7 94.6 91.3 81.0 76.5 77.0 79.9
122.9 120.2 121.2 121.1 119.3 123.6 122.6 124.7 125.3 118.4 107.8 118.4 64.8 118.0 119.9 117.9 115.1 113.0 112.7 113.5 115.3 108.8 111.4 111.0 100.0 108.5 113.1 96.0 110.2 88.5 106.9 83.2 99.1 88.4 92.0 83.6 94.5 100.8 87.7 83.8 91.5 102.8 88.1 94.5 88.5 87.4 85.4 114.8 121.9 123.3 119.3 119.1 121.1 121.6 121.4 109.2 98.5 86.5 86.3 88.9 80.6 90.0 84.5 92.3 76.6 78.2 91.1 103.5 88.5 84.5 62.6 73.3 51.1 68.7 69.3 94.5 87.0 92.7 94.1 95.9 83.1 85.1 82.2 82.7
122.8 120.4 118.7 120.3 119.3 123.4 124.9 125.3 125.5 122.4 123.6 121.8 119.2 121.3 121.0 120.0 118.7 120.2 122.1 121.6 122.3 120.5 124.3 120.8 116.8 122.9 117.5 121.2 122.2 120.3 122.6 117.2 120.6 117.4 119.5 117.8 120.6 117.3 116.6 119.9 118.6 119.8 118.6 120.2 120.7 118.8 119.5 121.1 123.0 123.9 118.5 118.4 121.1 121.2 123.7 122.6 114.4 121.8 123.4 118.4 127.7 115.8 119.2 116.6 116.0 116.7 116.4 115.2 111.8 110.6 113.5 110.6 116.5 108.4 111.3 112.9 116.3 104.2 113.9 103.9 111.2 92.8 110.1 118.8
121.8 119.7 118.6 119.1 119.7 120.5 124.7 125.8 123.0 123.5 123.2 120.3 121.5 120.9 122.6 120.8 124.9 122.0 123.2 122.6 122.4 120.5 122.9 123.1 122.1 124.4 123.9 123.8 121.9 123.1 122.3 122.2 125.1 121.6 120.7 120.3 118.2 121.6 121.1 122.3 121.8 120.9 120.7 122.0 121.7 121.4 123.8 124.2 124.5 124.1 119.7 119.0 121.5 120.5 125.0 125.8 124.3 126.3 120.7 121.5 120.5 120.2 121.2 119.4 117.6 119.0 119.6 119.8 119.4 119.4 119.5 119.6 120.1 120.3 119.4 119.9 119.4 120.3 117.6 118.8 117.5 116.9 118.1 115.8
123.4 119.1 120.2 120.6 119.0 121.0 125.0 125.5 125.6 123.8 121.6 120.9 121.3 122.2 120.9 121.4 120.7 122.3 121.6 122.0 124.4 120.9 123.2 122.9 122.2 123.9 124.0 124.4 123.3 121.9 124.0 122.0 118.0 120.9 120.8 121.1 121.2 120.8 120.5 121.4 120.6 122.1 121.6 121.4 120.7 122.4 122.5 124.0 127.8 124.2 119.0 119.8 121.2 119.5 123.9 125.1 125.3 122.7 123.0 121.5 121.0 120.8 121.0 116.2 119.6 119.9 119.9 120.0 120.3 119.9 120.1 121.1 121.1 122.2 120.4 121.5 122.5 119.9 117.1 118.7 122.0 119.2 118.6 119.8
118.2 116.5 120.5 119.7 120.0 118.7 123.1 124.9 122.4 121.5 121.9 118.3 122.1 119.4 120.5 120.7 122.7 120.2 122.3 122.7 121.4 124.5 123.4 121.9 123.5 123.3 123.3 123.3 123.0 123.0 123.0 121.5 119.1 121.0 120.6 122.9 120.5 123.4 120.9 119.8 119.9 122.3 122.2 120.9 120.5 124.1 123.5 124.2 125.3 124.0 120.1 119.8 122.5 118.6 123.8 126.9 125.1 121.3 120.6 120.7 121.5 120.7 120.4 118.2 120.2 120.8 122.4 119.5 121.1 119.9 120.1 120.2 120.7 120.9 120.8 119.1 120.5 119.5 118.8 118.0 115.1 120.1 119.3 117.8
106.0 109.7 95.8 110.9 83.6 106.0 120.6 116.0 117.2 117.6 120.3 100.9 119.9 113.6 121.9 114.5 119.4 116.2 120.8 120.2 121.9 123.8 121.6 120.9 120.7 121.2 123.7 121.4 122.9 122.3 122.2 119.4 119.6 118.7 122.4 122.1 120.9 120.0 120.9 119.7 123.5 117.0 121.9 116.5 122.0 122.5 123.1 121.4 124.7 121.9 120.7 116.8 122.3 116.2 123.7 123.1 125.0 120.1 121.1 121.3 120.4 119.2 120.1 119.5 119.3 120.0 116.2 118.7 120.5 119.5 121.8 116.9 119.6 116.9 119.9 118.1 118.3 119.6 119.8 114.5 112.9 117.2 118.9 117.7
67.6 64.9 63.8 69.4 68.5 68.3 68.0 73.5 67.3 92.3 69.6 69.0 62.8 68.8 70.7 75.0 69.5 82.9 69.9 105.1 78.9 111.0 113.5 104.6 119.7 109.7 120.1 111.7 122.5 92.1 120.8 110.1 77.1 100.1 84.2 110.5 77.3 108.5 92.0 114.6 105.4 93.3 118.9 109.0 117.3 110.7 122.2 112.0 111.8 104.3 109.2 95.9 116.7 101.4 112.0 97.5 117.3 113.3 119.4 112.0 119.0 112.1 118.5 106.2 119.6 96.8 118.7 111.5 116.3 97.4 119.0 76.6 119.2 104.1 119.6 99.7 120.0 106.8 119.5 110.6 110.8 110.9 108.1 77.9
66.0 63.3 62.9 64.6 66.5 67.7 69.0 70.4 70.2 70.1 69.2 65.9 65.1 66.6 73.9 66.8 65.4 62.8 62.5 65.3 54.7 60.2 56.5 59.8 56.0 57.2 59.0 86.9 110.0 63.6 49.3 51.9 50.4 59.0 55.0 61.1 56.9 62.2 73.7 61.1 56.2 58.5 53.8 54.2 54.9 57.2 59.2 61.2 91.3 63.6 62.4 67.1 61.9 63.1 63.0 65.6 65.6 64.4 64.1 68.1 66.4 71.1 70.0 72.3 70.7 76.1 70.6 74.1 75.7 76.9 74.8 71.4 74.7 80.5 78.0 81.5 78.1 91.5 72.1 73.0 71.7 73.3 80.6 75.5
64.9 64.3 65.1 64.7 67.8 67.7 69.2 69.6 69.3 69.6 70.2 66.1 64.0 64.9 65.8 63.8 63.1 60.9 61.4 59.7 59.3 57.4 57.2 53.9 55.8 56.3 56.9 58.3 62.5 50.5 51.6 46.1 47.5 53.6 57.2 56.4 58.4 58.7 57.3 58.6 54.1 54.1 49.5 53.9 56.3 58.0 60.6 57.5 61.3 62.4 62.1 62.5 63.1 60.7 60.7 63.8 62.9 62.7 62.6 63.3 64.8 65.7 69.7 69.6 70.3 72.1 72.3 74.1 74.3 78.0 75.5 71.8 75.2 74.1 73.8 70.9 64.7 72.2 71.3 70.6 72.6 73.0 71.2 70.4
58.8 64.9 64.6 65.1 63.4 65.7 68.3 67.9 66.1 68.9 69.7 66.6 68.8 64.2 65.3 62.7 62.6 58.4 59.4 59.2 58.6 58.1 58.0 58.0 56.3 55.6 56.3 53.9 57.2 53.9 50.6 48.9 50.8 56.7 60.2 57.8 60.4 58.4 55.9 55.6 55.1 54.7 53.0 54.2 54.1 59.5 58.3 58.0 58.9 62.1 61.1 61.9 60.6 60.1 61.2 64.8 60.3 62.6 61.1 64.0 64.9 66.2 68.5 68.9 70.6 72.4 68.8 73.6 73.5 75.9 73.1 73.3 74.0 74.0 70.3 70.2 67.6 72.0 73.2 73.5 70.6 72.3 73.5 71.4
56.1 62.8 63.6 67.1 66.9 65.0 63.1 67.0 64.5 68.6 62.9 66.1 64.7 64.2 66.0 62.4 62.0 57.4 58.3 59.8 59.2 60.1 55.4 57.1 57.1 54.2 56.9 52.3 53.5 55.4 52.1 51.7 54.0 56.9 59.7 59.2 59.7 58.7 58.4 54.0 55.2 55.9 55.1 56.0 56.8 57.9 59.6 58.2 60.2 61.3 57.9 61.6 60.5 61.2 60.5 62.0 61.7 62.6 60.5 64.6 59.3 66.0 69.8 68.7 70.2 72.4 71.4 72.6 73.9 76.0 78.4 75.3 76.0 76.0 77.7 71.9 63.7 73.1 73.1 70.0 72.0 72.1 73.6 72.9
55.6 62.3 66.7 67.5 67.4 64.4 66.1 66.4 66.0 68.5 66.9 63.4 64.5 66.5 68.8 62.3 60.2 56.7 59.2 60.8 59.5 59.2 56.8 57.4 57.3 57.2 56.6 54.4 53.5 56.4 53.1 53.1 53.7 56.6 52.3 59.8 59.6 58.4 54.9 55.6 58.5 55.3 56.0 57.1 60.5 59.0 59.3 59.5 60.6 61.1 62.0 60.8 62.9 59.3 59.0 60.3 62.5 62.9 57.7 63.8 61.7 63.1 66.5 68.5 69.8 70.9 70.7 72.6 74.1 74.5 77.2 76.1 76.1 75.9 77.2 74.8 62.4 74.1 73.9 70.6 73.0 72.3 69.8 74.8
57.7 63.9 67.3 66.7 67.2 65.7 65.8 66.1 69.7 66.5 66.2 65.4 64.2 66.5 64.6 63.0 61.2 54.1 61.4 61.0 60.0 61.1 57.0 58.2 57.4 58.0 57.7 57.8 55.4 57.6 55.1 55.7 53.8 56.5 61.5 59.1 59.6 58.3 57.0 53.9 55.8 55.9 57.9 59.9 59.7 60.3 61.1 60.0 62.2 60.8 60.1 61.2 58.9 60.2 62.1 58.9 62.5 64.2 58.4 62.9 63.6 65.1 66.8 69.2 68.1 71.6 72.0 73.2 73.1 73.8 75.5 76.8 77.8 77.9 76.3 69.1 66.7 73.4 74.3 73.1 73.0 73.3 71.6 74.7
57.4 63.8 68.4 66.0 65.2 67.7 65.2 66.8 68.2 66.7 68.8 65.2 69.0 64.9 64.4 64.9 60.3 53.5 55.9 61.9 63.1 60.6 60.3 61.9 58.9 60.4 56.1 57.4 57.0 59.7 59.2 57.7 55.2 57.7 56.0 56.7 58.3 55.7 54.8 55.7 56.7 57.0 60.0 59.1 61.0 61.2 61.0 59.8 61.6 60.1 61.9 61.2 66.6 61.0 63.8 61.0 62.6 62.9 62.4 64.8 62.5 66.0 66.2 66.2 68.2 69.3 72.4 74.1 73.2 72.5 76.7 79.0 79.0 78.4 77.4 75.7 68.4 76.0 72.9 73.5 74.4 71.8 76.9 74.2
58.1 64.8 67.8 68.3 71.4 70.4 65.2 66.7 66.2 65.6 66.8 67.4 63.6 68.2 69.9 67.3 64.0 54.9 58.2 64.1 64.5 63.8 62.6 65.6 64.5 63.6 68.3 58.5 61.7 62.5 62.3 58.5 56.0 58.0 57.3 58.7 56.9 55.6 55.2 56.7 56.9 58.1 59.7 58.9 60.7 60.0 62.6 59.7 59.2 59.5 59.8 59.5 59.6 59.5 60.6 61.4 61.8 63.5 62.2 64.1 64.3 66.3 64.2 66.8 68.8 68.0 70.6 71.3 73.8 73.2 74.8 78.3 80.0 79.1 76.3 71.2 73.1 76.4 75.2 75.4 76.6 74.0 74.6 73.9
63.1 64.9 69.7 68.5 71.9 68.5 64.9 65.8 68.8 66.5 68.6 65.4 64.5 72.5 70.6 68.4 65.0 58.1 63.5 69.3 68.0 68.8 68.0 70.8 69.1 65.0 65.6 63.5 63.7 65.5 64.7 60.5 59.3 58.0 58.8 58.0 53.7 54.4 53.4 57.4 56.7 58.4 60.5 56.4 60.7 60.0 61.6 59.6 61.7 58.6 59.7 58.2 66.6 57.0 61.8 61.0 62.1 64.6 63.8 65.6 65.0 66.2 67.4 68.0 68.2 68.2 70.1 72.8 72.0 73.3 73.4 77.5 76.7 78.0 77.1 75.7 74.2 77.4 78.8 78.9 74.9 78.8 79.9 77.2
65.3 66.4 69.9 70.3 71.1 67.5 65.6 66.6 68.2 66.1 66.5 66.0 68.1 74.6 73.0 68.9 64.0 61.2 63.8 72.1 74.0 73.4 72.3 73.2 71.0 67.7 68.7 67.7 60.8 66.3 66.2 62.2 61.9 60.1 57.9 57.3 51.7 53.2 55.6 58.6 58.3 59.4 60.1 60.2 61.8 61.1 61.7 56.6 57.6 57.9 58.9 58.6 59.4 60.2 58.1 59.8 65.1 62.6 62.4 65.5 63.8 68.0 67.5 67.7 65.0 70.0 69.4 73.3 73.0 74.9 73.4 77.8 80.4 78.3 77.6 75.7 75.5 77.3 79.1 78.1 77.9 77.4 78.3 77.5
71.2 68.0 69.2 72.0 67.6 66.7 66.4 68.1 69.3 66.0 69.5 67.6 70.9 76.4 74.7 69.6 64.3 65.5 71.1 73.7 73.5 74.0 72.5 75.5 72.7 69.5 66.3 66.9 65.2 66.2 68.8 65.2 61.8 60.5 61.7 55.2 51.5 53.2 54.3 59.8 60.2 59.9 62.0 61.0 57.0 61.7 61.9 58.6 55.6 56.9 58.1 54.0 59.8 59.7 60.9 59.6 62.7 63.3 64.1 63.2 66.4 64.1 65.6 67.1 67.5 69.7 71.8 71.7 78.5 73.4 71.3 76.4 79.2 79.5 78.6 75.6 77.6 80.0 81.8 78.1 79.5 79.0 79.1 74.9
67.9 71.6 69.7 67.7 67.9 68.5 69.0 69.5 67.8 68.4 70.6 69.7 75.4 76.1 72.8 69.4 64.1 68.3 72.7 74.1 75.3 74.3 72.9 75.2 73.5 72.0 68.2 65.1 67.4 67.3 68.1 67.6 64.2 61.5 64.7 54.9 52.1 53.4 55.8 62.4 59.4 59.9 62.5 61.7 60.4 61.6 60.2 56.6 58.3 56.4 59.2 58.6 58.6 59.8 60.9 61.1 63.0 63.1 62.6 63.4 66.4 64.1 65.8 66.7 70.0 70.6 70.7 72.9 71.4 72.3 73.5 75.7 78.2 80.8 79.2 76.3 77.5 79.4 80.3 78.0 80.0 79.5 78.3 79.7
70.4 69.0 69.0 68.0 70.6 68.3 68.6 68.0 68.6 69.3 67.4 72.4 76.8 75.3 73.0 68.7 59.6 70.9 72.8 74.3 75.2 74.7 73.8 75.6 72.4 74.3 69.2 66.8 70.3 66.0 67.7 70.3 67.3 63.7 57.4 52.7 52.3 53.5 56.5 57.5 62.2 61.1 61.5 61.8 63.6 60.3 60.2 56.8 57.6 56.5 59.0 58.3 58.2 61.0 60.3 61.9 61.7 62.6 62.0 64.9 65.5 66.2 69.3 66.8 70.3 71.3 72.3 71.2 75.2 75.1 73.6 75.7 74.7 80.8 80.3 77.2 79.7 79.7 79.5 79.1 76.4 78.7 77.7 82.0
68.6 69.7 68.5 70.2 68.8 69.1 69.0 72.7 70.1 66.5 70.0 74.4 78.9 75.1 70.4 67.8 63.7 73.4 75.5 75.2 74.7 73.1 73.6 74.4 73.8 76.1 71.4 66.9 65.9 65.3 68.1 69.7 69.2 63.1 57.3 54.6 58.2 52.3 53.0 58.2 60.0 61.0 62.2 59.6 58.7 58.7 59.0 55.4 54.4 57.2 56.6 57.7 60.4 61.1 58.8 62.9 61.8 62.1 62.0 65.1 66.6 68.1 70.3 67.3 67.7 70.8 71.3 72.2 72.3 73.8 77.5 75.8 73.4 80.6 79.8 78.1 81.1 81.4 79.3 79.2 78.7 79.0 80.0 81.1
72.3 71.2 65.4 67.6 68.4 70.9 69.9 72.0 70.0 72.8 75.0 74.0 72.3 74.2 73.1 67.1 67.5 75.3 76.3 74.2 74.9 74.8 74.2 73.2 73.0 77.1 72.6 68.8 73.3 68.5 73.0 71.9 69.9 62.2 56.7 56.7 54.3 52.2 54.9 57.5 59.6 63.0 60.7 56.6 57.3 56.4 56.7 54.9 53.8 57.5 57.0 56.0 60.2 59.8 60.4 63.5 62.1 63.3 64.0 65.4 67.2 67.2 67.6 66.9 65.4 70.2 72.8 72.5 72.5 73.7 80.3 74.5 74.5 78.1 80.2 79.5 72.8 84.7 82.7 79.5 78.6 78.3 80.2 80.3
72.5 69.9 67.1 66.3 69.7 70.5 69.0 72.3 69.0 76.0 75.6 74.3 73.6 74.5 75.2 67.4 68.8 77.4 76.6 75.1 76.3 74.5 73.0 74.8 74.4 76.3 73.8 69.5 70.6 69.9 69.2 72.2 71.3 65.2 57.4 57.1 55.2 52.0 49.1 55.8 61.0 61.7 59.4 55.0 58.5 57.4 55.0 58.2 56.1 56.9 60.2 58.9 59.5 60.2 60.0 62.2 59.0 64.1 63.2 66.4 66.5 67.2 67.6 66.7 66.7 66.2 72.2 71.9 72.2 72.4 72.9 76.9 74.7 77.3 80.9 79.5 78.4 82.4 85.2 79.9 78.5 78.9 79.8 81.4
74.6 69.8 67.5 69.9 67.8 70.5 70.9 72.6 75.8 77.0 74.8 74.6 70.4 72.1 73.4 69.3 72.0 77.3 76.3 75.8 76.8 73.1 74.0 75.3 72.4 71.3 75.1 70.0 73.1 69.2 75.0 72.7 71.3 63.7 60.7 56.8 61.4 51.3 51.8 57.0 61.4 61.1 57.5 56.4 57.7 56.7 57.4 59.2 56.3 60.6 60.9 59.3 60.9 61.1 59.6 62.3 66.6 62.9 62.9 67.6 67.5 68.1 67.3 67.3 69.0 66.0 71.4 70.4 73.9 73.1 75.4 77.3 74.6 77.4 77.5 80.3 79.5 79.2 82.2 80.1 77.7 77.4 79.6 81.4
72.2 69.4 69.7 70.2 69.0 70.1 74.6 74.1 78.6 77.5 76.4 73.3 74.8 72.4 72.7 69.1 75.7 76.2 76.9 75.7 75.7 73.5 72.1 73.2 72.5 73.0 72.1 70.5 71.6 68.6 73.2 72.2 70.5 64.1 62.2 60.8 57.0 53.0 52.7 60.3 63.3 62.9 57.2 57.6 60.2 59.0 58.4 58.9 59.5 61.1 61.1 60.7 59.6 62.0 61.8 62.3 58.2 64.2 64.8 65.9 66.4 68.0 69.2 67.3 67.1 67.1 71.2 71.4 74.6 73.6 75.8 73.7 77.2 78.5 78.4 80.4 77.8 80.8 79.1 80.5 78.4 78.9 79.2 80.1
69.7 71.0 71.1 70.8 70.9 71.0 68.1 75.2 80.6 78.6 75.3 72.1 74.6 75.7 72.2 70.1 75.2 78.0 76.2 76.9 76.6 74.3 74.1 73.3 74.6 74.2 76.5 70.8 75.0 71.6 71.8 72.1 71.7 65.9 62.0 62.2 68.0 53.6 54.6 63.5 64.1 61.7 60.3 59.7 64.4 64.5 57.8 62.4 61.0 61.8 62.9 61.8 62.6 62.8 62.6 64.6 64.3 65.3 61.9 65.9 66.2 69.4 69.0 66.3 68.2 67.9 67.9 70.7 74.4 73.8 73.8 74.5 74.8 78.6 75.0 82.5 76.3 79.9 81.2 81.1 78.8 79.1 82.1 78.3
67.6 71.1 73.0 73.1 71.0 71.0 72.7 76.1 76.7 74.9 74.5 74.1 74.4 73.2 73.0 69.7 77.5 77.2 77.1 77.5 76.7 74.1 74.1 73.3 73.5 74.0 71.8 70.8 73.6 72.5 73.9 71.3 70.1 66.9 64.1 63.2 65.5 56.1 57.5 64.3 65.8 63.2 60.0 62.1 63.9 64.5 59.5 63.0 64.9 61.6 64.7 63.1 64.4 64.4 68.3 66.2 63.1 66.1 63.4 66.9 66.8 68.5 67.3 67.2 70.5 68.5 73.6 69.5 72.5 72.5 77.3 75.2 75.4 80.7 70.2 80.0 79.3 78.0 82.3 80.3 79.2 78.5 80.3 77.8
72.1 74.4 73.9 75.9 72.9 70.9 74.4 76.1 78.1 75.6 78.0 73.3 73.6 74.2 74.3 69.5 77.3 77.7 76.6 75.6 74.1 74.4 73.5 72.9 73.4 72.4 71.4 72.2 72.2 71.9 72.8 71.5 69.5 67.6 62.2 62.7 65.5 62.4 60.1 64.8 64.1 64.1 61.4 63.6 68.2 64.5 65.9 64.1 65.3 65.7 66.5 64.1 63.5 64.7 64.9 65.5 64.8 66.4 64.8 68.2 66.9 68.4 69.7 68.1 66.8 68.7 71.5 70.0 73.9 74.4 78.9 74.8 75.4 81.2 73.3 78.6 79.7 79.1 77.8 79.3 76.1 78.4 78.5 77.8
77.1 76.6 77.4 77.2 76.0 73.7 76.5 76.1 78.3 75.2 72.5 72.8 72.9 75.0 72.6 70.8 76.3 76.4 76.0 73.7 73.4 75.5 74.5 73.6 74.1 73.9 73.5 72.8 70.9 72.6 72.2 71.3 71.6 68.2 63.3 64.8 67.7 66.4 64.3 67.3 65.1 65.6 65.8 66.9 67.2 65.2 65.4 66.9 67.7 67.2 69.5 66.8 66.7 65.8 66.0 67.0 66.5 67.7 66.5 67.6 70.6 67.7 70.6 70.1 71.9 69.6 73.1 70.4 73.5 73.5 75.1 75.2 75.0 76.7 72.0 77.2 79.4 80.0 78.1 78.2 77.6 78.6 81.7 77.5
