morphological_analysis/input_data/surveys/q07_1/matrix_bed_q07_1s2.txt
north:            -537.50
south:           -1267.50
east:             2691.00
west:              -93.00
rows:                 148
cols:                 278
null:              -999.0
[rows 38 to 75 of 148, columns 0 to 83 of 278]
70.8 71.7 69.5 68.9 69.5 71.1 68.1 71.4 71.9 74.2 74.2 75.4 80.0 78.1 74.9 74.7 76.8 77.4 73.7 74.6 73.2 74.8 74.5 73.5 72.4 74.2 73.8 72.4 70.7 70.2 68.8 71.1 71.8 72.8 74.4 75.6 77.3 77.8 78.3 79.5 79.1 75.6 78.0 76.6 77.5 79.3 75.1 73.4 75.9 78.5 77.3 75.6 75.2 70.3 69.6 70.8 68.7 68.9 71.3 71.6 70.8 72.6 73.3 77.8 75.7 76.1 75.6 73.6 76.7 75.0 72.4 71.7 72.2 71.6 77.8 74.2 72.0 73.7 73.4 73.3 72.4 72.5 76.3 75.7
71.2 71.0 69.4 70.3 68.9 71.1 69.7 71.3 72.3 74.4 76.2 76.1 74.7 76.8 72.9 74.4 77.3 77.1 73.3 73.9 73.4 74.7 73.7 74.2 74.9 74.1 75.0 73.4 71.9 70.6 71.5 70.5 72.2 73.0 74.1 76.8 76.2 77.7 82.3 78.8 82.1 75.8 78.9 78.1 79.0 77.5 76.6 74.2 77.8 77.5 75.6 75.2 71.7 70.3 68.8 69.6 69.8 70.9 71.0 74.9 75.9 72.9 75.1 77.1 76.6 74.9 76.1 74.4 77.4 75.1 75.1 74.4 76.8 75.0 73.9 74.9 74.3 74.8 72.5 73.3 70.9 72.5 75.9 77.0
71.6 68.6 69.1 70.2 67.6 71.0 69.2 73.8 74.4 75.4 72.9 77.1 79.4 73.3 73.8 72.7 73.9 76.7 75.2 73.5 72.2 74.3 74.2 74.1 74.7 73.5 73.1 77.3 72.7 72.0 71.4 70.1 71.8 74.2 72.6 76.2 74.3 77.2 76.4 79.9 78.7 80.7 78.0 77.3 78.3 77.2 76.0 73.6 76.0 77.6 75.8 74.5 70.2 70.5 75.6 70.6 69.6 72.0 78.3 76.5 77.0 74.6 74.0 77.6 75.1 76.6 74.7 75.8 77.5 76.8 76.0 78.1 75.4 76.8 74.8 76.1 74.4 77.9 73.9 73.3 72.0 72.6 75.3 76.5
72.3 67.7 71.2 68.9 68.9 71.2 72.5 73.9 75.7 76.4 78.7 76.2 76.8 73.0 72.7 72.8 74.1 77.5 75.5 74.1 71.8 75.1 75.2 75.0 75.6 73.7 77.3 73.9 72.4 71.2 71.4 71.3 74.4 74.3 75.0 75.1 76.1 76.3 75.8 79.5 78.8 77.3 78.7 76.2 77.8 78.0 73.7 72.5 75.4 78.2 74.4 73.6 72.8 73.6 75.5 72.7 72.3 73.9 75.9 76.4 76.4 73.7 73.3 75.5 75.2 76.8 76.6 76.4 80.9 79.7 79.5 79.4 77.2 78.2 74.2 76.7 73.7 75.2 72.0 72.8 73.1 72.9 74.7 76.4
70.4 66.6 73.4 69.2 72.5 73.9 74.0 75.1 70.4 76.9 77.1 75.9 76.2 70.4 72.0 72.6 72.7 72.7 76.1 75.0 73.9 74.5 73.1 75.5 76.1 76.5 76.7 73.8 74.9 71.9 72.3 71.9 72.7 74.5 74.6 75.6 75.6 77.4 76.0 79.0 78.0 77.7 79.1 76.2 77.0 77.1 75.2 75.2 75.9 75.4 70.7 73.2 75.4 75.6 75.0 75.8 74.9 76.8 80.0 77.5 75.6 72.9 72.2 73.6 75.9 73.3 77.5 75.9 75.7 80.9 79.8 80.8 79.0 78.0 79.5 77.1 76.9 76.0 74.7 73.1 74.0 72.8 74.8 75.3
67.4 68.3 72.3 69.8 72.4 75.8 73.1 75.0 76.8 76.9 78.5 76.7 71.2 72.2 69.4 70.2 74.0 75.7 76.5 75.7 75.0 73.7 74.0 76.1 77.6 75.8 76.3 74.6 76.2 73.1 73.6 71.4 72.7 74.0 72.6 76.1 76.1 77.7 77.1 78.1 78.2 77.6 78.7 76.3 76.6 76.3 72.7 70.5 73.7 73.1 73.9 74.1 76.8 76.2 79.8 77.5 76.9 77.6 79.5 75.9 75.7 76.3 71.6 73.5 77.1 75.4 74.9 75.2 78.3 78.8 79.8 81.4 79.0 77.8 77.3 79.1 77.4 76.2 78.7 74.2 72.1 72.4 76.3 77.0
68.0 71.4 71.1 69.9 74.2 76.2 76.8 76.4 76.7 75.7 77.1 74.6 71.1 72.5 70.2 70.3 72.4 77.2 77.0 75.6 75.9 74.4 73.2 75.5 77.8 75.8 76.8 75.8 74.7 73.1 72.1 72.8 72.3 75.5 74.0 75.3 76.8 76.4 75.1 77.4 77.2 77.6 77.0 75.9 74.2 75.5 75.8 67.3 74.1 74.9 74.6 76.0 78.5 76.4 77.1 77.6 77.9 76.5 73.8 76.2 75.3 75.8 73.1 72.7 74.6 73.3 74.8 75.6 78.3 80.5 78.6 81.0 78.1 77.8 77.4 79.0 76.4 77.4 76.2 75.4 72.4 73.0 74.6 78.7
68.9 71.8 67.4 69.6 73.9 76.3 76.0 76.2 73.7 74.7 73.6 72.1 69.7 72.8 72.4 70.0 71.8 73.4 76.6 74.6 74.7 74.5 74.7 74.2 76.4 76.6 75.5 75.7 77.3 73.1 73.0 73.4 72.6 73.3 73.9 74.7 75.7 76.5 78.3 75.5 76.7 75.5 75.8 74.7 77.8 75.6 74.3 71.4 74.8 75.1 73.6 77.0 76.8 76.4 77.9 76.7 77.4 74.6 80.2 77.3 75.1 76.1 75.5 71.8 75.3 72.9 75.2 76.6 75.3 80.8 79.9 80.5 78.8 77.2 77.9 80.1 78.7 79.3 77.9 76.1 74.4 72.7 75.6 76.0
71.6 70.2 70.6 71.3 75.5 77.0 76.7 74.9 75.1 72.8 72.3 71.0 71.5 73.2 72.3 69.6 69.7 74.2 75.1 74.9 74.8 75.0 77.4 74.5 77.7 75.7 78.1 75.6 75.3 73.3 74.7 73.0 73.5 74.2 76.5 73.9 76.0 76.2 77.9 77.2 78.5 76.4 78.1 71.6 74.8 74.9 74.1 68.7 72.8 76.5 74.4 76.9 77.9 76.0 77.3 76.3 76.9 76.0 79.2 77.6 76.9 77.8 76.4 69.7 75.6 72.8 74.3 76.7 76.6 80.8 81.3 79.5 78.5 80.5 76.0 78.9 76.4 78.4 75.9 75.5 74.5 72.7 75.5 76.0
72.5 70.1 70.3 74.9 78.3 76.5 75.7 73.0 71.5 69.6 71.4 71.8 73.6 73.6 73.2 72.7 70.8 73.8 75.7 75.5 76.8 75.1 75.0 74.4 77.2 76.1 80.0 76.7 77.9 74.8 73.1 72.2 73.9 74.3 73.1 72.9 76.4 75.9 78.0 77.0 74.6 77.4 76.4 69.1 69.6 73.3 74.8 73.4 75.0 77.1 76.0 78.2 76.6 76.4 78.1 77.5 76.4 76.9 78.2 77.2 73.6 77.0 77.0 69.5 73.1 73.5 75.1 76.8 78.1 81.1 78.0 78.5 79.0 79.5 76.8 78.6 79.5 76.3 75.3 73.4 74.4 73.7 75.3 76.1
75.8 70.2 72.8 74.3 79.3 75.9 74.8 69.2 66.2 69.0 73.8 71.0 71.9 74.3 73.4 72.9 73.7 71.8 73.0 76.9 75.0 75.1 74.2 74.5 76.2 76.6 76.8 76.2 79.9 74.8 75.2 73.9 73.0 74.7 70.7 72.5 76.7 77.3 76.0 76.4 77.3 76.2 76.9 68.4 69.9 72.1 71.7 72.8 74.1 77.8 77.5 78.0 76.9 77.3 78.6 77.7 78.0 77.5 75.9 78.7 76.0 77.6 78.2 71.8 73.0 74.5 76.0 77.8 76.1 81.1 76.9 77.7 77.4 78.3 78.3 77.9 78.9 76.5 79.5 76.5 75.1 73.1 76.5 73.8
72.1 68.6 74.0 75.3 76.7 76.2 73.2 69.0 66.9 69.2 72.6 69.9 75.1 74.5 76.4 72.9 70.4 71.2 74.2 76.5 75.7 76.1 74.8 74.7 75.3 78.4 77.0 75.8 71.8 74.9 75.3 73.5 74.1 73.8 75.3 73.3 74.6 76.7 76.6 75.5 75.3 75.3 76.8 70.9 70.5 71.7 71.8 73.8 72.7 78.5 77.6 77.2 77.7 77.8 77.1 78.6 73.4 77.8 77.8 78.4 75.2 78.5 78.3 72.8 70.7 73.9 75.2 77.4 77.5 79.6 81.4 79.7 78.0 77.0 77.3 77.8 75.4 78.4 77.4 78.5 76.8 73.6 75.5 75.6
72.6 70.5 76.5 75.7 77.6 75.0 70.7 69.3 68.0 68.5 71.5 73.0 74.5 74.9 75.6 74.1 73.8 71.7 73.6 76.1 75.3 76.8 76.2 75.1 76.4 75.8 76.9 76.8 77.7 76.3 74.1 73.3 73.5 75.0 74.1 74.3 75.2 76.5 76.0 77.6 74.8 74.0 75.3 73.3 70.3 71.5 73.5 73.9 77.9 77.4 78.3 76.0 77.1 77.0 78.4 77.5 77.2 77.2 77.6 78.1 78.3 77.2 78.2 75.9 72.6 73.0 76.2 76.5 77.8 77.5 78.7 79.5 80.3 77.1 77.1 77.8 76.3 80.9 80.0 78.5 77.1 74.9 74.8 75.4
70.1 72.5 74.9 74.5 77.5 71.8 67.1 69.2 67.5 70.0 72.4 74.4 77.5 75.8 75.9 74.9 73.0 72.1 73.5 76.6 74.6 78.4 71.5 74.8 75.7 71.6 76.9 77.3 77.5 76.3 73.4 73.2 74.7 74.9 71.9 75.1 74.5 76.7 78.5 78.1 74.3 73.2 74.1 74.4 74.9 71.8 71.6 74.2 72.2 77.5 77.8 78.1 77.2 77.7 77.7 76.9 75.0 76.7 76.8 77.7 78.7 76.4 76.4 73.1 73.2 72.5 77.7 75.4 77.5 77.6 81.1 79.7 77.8 78.1 77.2 77.1 77.2 81.2 78.8 78.0 78.4 76.1 76.7 74.4
69.9 75.4 74.5 75.6 74.6 68.9 67.1 68.5 69.5 71.9 76.6 75.3 76.7 75.6 75.4 75.0 72.3 73.1 73.3 76.8 75.8 77.4 76.1 75.3 75.8 71.3 76.1 76.9 82.3 76.6 79.0 74.0 74.9 74.7 76.0 76.5 76.7 75.3 73.6 78.1 74.6 73.2 76.5 74.1 72.7 75.3 72.8 75.6 77.5 77.0 76.9 77.5 78.4 77.9 77.4 78.2 76.2 76.8 76.1 77.5 78.5 77.4 75.5 76.9 70.3 71.7 69.2 76.4 78.1 79.2 82.9 81.3 78.2 77.8 77.3 75.7 76.8 79.2 76.4 77.7 76.2 76.5 76.3 74.2
70.1 77.3 76.4 74.8 72.6 66.6 68.4 68.4 69.3 72.8 76.7 76.2 73.9 72.5 78.7 75.3 75.6 74.7 72.1 76.1 75.2 77.2 77.3 76.4 77.5 73.8 71.7 76.3 79.2 77.0 75.8 74.7 74.6 76.8 74.1 74.7 74.5 75.5 74.6 77.1 73.4 73.3 73.2 74.4 73.0 75.7 73.8 74.1 75.3 77.3 75.9 77.5 78.4 77.7 76.1 78.1 77.4 77.9 79.9 77.1 78.9 77.1 78.4 76.4 72.6 71.6 74.3 76.8 77.4 79.6 78.7 80.6 79.2 76.2 76.3 78.5 77.9 77.7 80.0 78.1 78.0 76.6 77.0 74.2
73.3 77.0 77.4 75.9 69.7 69.1 68.6 71.1 71.7 74.1 79.9 75.7 73.7 71.2 75.6 76.8 76.1 73.8 71.2 75.0 75.7 77.4 75.2 76.5 76.8 76.9 71.5 77.3 76.8 76.3 77.0 74.8 73.3 73.5 73.1 73.2 75.6 75.0 74.6 74.0 75.1 73.2 77.1 75.2 71.3 76.3 73.9 73.4 74.6 78.0 76.5 78.2 78.4 78.1 76.4 78.6 78.5 78.6 83.1 78.2 76.8 76.6 76.0 74.5 72.7 72.2 70.1 75.3 76.6 80.0 78.6 79.9 79.1 77.1 78.2 78.7 76.8 78.8 82.0 77.7 76.6 76.7 78.1 75.8
76.4 75.7 77.8 70.4 67.3 69.6 70.1 70.3 72.2 75.3 78.6 73.6 71.4 70.4 77.6 77.5 77.0 73.2 75.8 74.0 74.7 77.6 75.8 76.9 77.2 76.8 73.2 74.9 77.9 76.2 75.4 74.8 74.0 76.1 74.9 74.9 74.5 75.0 74.5 77.8 77.9 72.1 72.4 75.0 74.6 77.9 75.2 74.1 74.4 77.7 77.2 78.2 77.8 81.2 76.2 79.1 76.7 78.6 77.3 78.6 78.9 76.6 76.7 74.0 74.8 72.7 72.5 74.3 75.0 80.0 79.8 82.1 77.8 77.5 76.8 79.0 79.6 78.6 79.4 75.7 77.5 77.6 76.8 76.1
79.9 74.3 76.3 77.2 67.5 69.6 69.1 72.5 76.5 75.6 78.2 70.5 72.0 71.3 80.2 77.0 77.0 76.3 74.7 74.1 75.4 77.5 75.5 76.0 77.2 76.7 71.5 71.5 76.3 76.6 76.5 75.5 74.4 77.0 73.5 75.6 75.5 75.6 75.9 78.2 78.1 74.7 76.2 74.1 74.3 75.0 75.1 73.3 75.6 76.8 81.6 77.8 76.2 76.3 76.4 79.3 76.7 78.9 82.0 77.5 80.1 78.3 76.6 74.9 74.2 74.6 72.7 73.9 76.1 78.9 79.9 78.0 78.7 77.3 76.8 78.7 78.9 78.5 77.0 77.4 78.1 77.8 77.3 74.1
76.2 73.6 78.5 72.4 70.2 70.1 70.2 73.3 79.1 76.8 77.7 74.0 73.9 72.0 68.5 77.1 75.4 76.6 73.5 73.1 74.1 76.6 76.6 75.9 75.2 76.6 75.6 70.0 77.2 76.6 76.9 75.5 75.5 73.8 74.4 76.1 75.4 76.8 75.5 78.3 74.2 75.8 73.9 75.3 77.3 74.9 76.8 72.8 74.2 76.5 73.3 79.5 77.4 77.7 76.3 79.5 78.5 79.4 79.9 76.6 78.4 77.4 75.5 74.0 72.8 75.3 70.8 74.2 76.7 77.6 81.7 76.1 78.6 78.1 74.7 78.5 78.6 78.7 76.3 76.6 75.4 76.8 78.1 72.5
77.2 75.7 77.9 69.5 69.1 71.8 71.8 76.4 78.8 74.6 77.8 75.7 73.6 72.7 76.6 77.3 78.3 76.5 77.0 73.7 71.3 77.1 76.3 75.3 75.5 76.2 76.3 70.5 73.1 76.1 76.2 75.7 76.2 76.7 76.0 75.5 76.5 76.0 74.4 77.2 78.4 74.7 73.8 74.0 76.5 76.4 76.9 72.6 74.7 77.4 76.4 78.7 76.7 79.8 77.9 79.1 78.3 79.1 79.6 77.0 77.7 75.7 74.5 73.6 75.6 74.4 73.1 73.1 77.4 76.1 80.0 78.4 80.6 77.4 74.8 77.4 78.8 78.3 77.5 74.3 76.2 77.7 77.6 74.3
77.4 76.4 75.9 68.8 69.5 73.6 75.7 77.0 76.8 71.6 76.3 74.8 74.7 73.2 74.9 76.2 76.0 76.0 75.0 74.8 74.6 76.8 77.1 75.4 76.3 78.3 75.3 72.6 70.2 75.9 77.1 77.4 74.1 76.1 71.4 75.2 71.4 75.5 76.2 77.8 78.8 74.6 76.2 73.2 75.6 77.1 75.4 72.9 75.8 77.2 76.2 77.4 75.1 78.6 79.1 79.0 79.1 77.9 81.7 77.1 76.9 76.2 74.1 73.6 74.5 73.9 74.6 71.5 77.2 76.6 80.5 78.8 77.3 76.2 77.3 77.7 78.7 77.7 77.3 72.6 75.2 75.9 76.2 76.0
77.0 75.8 71.9 68.5 71.8 75.7 79.4 76.5 77.6 70.9 72.5 73.6 73.8 78.3 71.9 76.6 75.9 76.7 75.0 75.0 72.1 77.0 79.9 76.1 75.5 74.7 76.9 74.0 72.4 76.1 76.3 75.5 77.3 75.3 75.8 74.6 80.7 75.4 76.4 76.8 78.6 75.6 74.8 72.9 75.4 75.6 74.9 73.0 74.5 76.4 77.3 77.1 78.9 77.6 77.4 79.2 80.8 79.0 78.1 77.6 75.8 76.0 75.6 73.9 73.1 76.3 73.4 71.4 75.4 75.9 78.6 78.2 79.3 76.6 76.8 77.6 75.3 77.0 75.7 73.6 76.3 74.8 73.0 75.3
77.9 75.4 71.7 68.3 72.7 77.9 80.1 76.8 76.9 71.2 77.6 75.2 75.4 79.3 72.0 71.8 76.1 76.1 74.3 74.1 74.5 77.5 78.7 75.4 80.0 76.9 76.4 75.0 69.3 75.2 76.7 78.5 74.9 74.9 75.9 73.8 70.4 73.1 75.3 76.0 80.2 76.7 75.9 72.0 74.8 76.7 78.0 72.6 74.2 76.6 77.1 78.3 77.4 79.2 76.2 78.5 80.7 79.2 79.4 77.6 75.9 73.6 75.4 74.4 73.4 76.0 75.7 70.3 73.8 76.0 80.3 78.3 79.7 77.2 75.8 77.6 77.8 76.6 76.8 74.4 72.2 75.3 74.9 75.3
76.7 74.6 70.6 69.6 76.1 78.7 76.7 75.8 74.7 70.8 71.8 75.7 75.0 78.7 71.5 68.3 76.8 75.2 75.4 74.4 74.5 76.1 74.1 74.7 72.9 77.5 74.3 74.6 72.6 71.0 76.2 76.9 75.9 73.9 75.7 74.2 77.7 69.6 76.8 75.8 81.4 77.6 76.7 73.0 75.9 76.5 76.1 73.3 74.2 77.1 77.1 78.0 77.9 79.2 78.2 78.6 77.7 78.5 80.0 81.1 74.5 73.8 76.9 73.2 76.0 76.5 77.9 69.5 70.9 76.9 77.2 79.2 77.4 77.5 77.2 75.8 77.0 76.8 76.1 74.2 73.4 73.9 73.2 73.6
76.8 71.8 69.4 71.4 76.6 78.8 75.5 74.8 72.8 69.6 73.8 75.4 75.7 80.1 76.0 67.7 74.1 74.8 78.2 74.6 74.1 76.6 78.1 75.1 77.6 76.1 77.0 75.6 75.5 68.9 77.0 76.4 78.0 76.3 74.5 74.8 74.0 77.2 75.8 76.5 79.8 77.9 77.6 73.5 74.1 76.5 75.8 73.7 74.3 76.9 76.7 77.9 79.4 79.3 80.1 77.8 79.3 78.3 77.4 76.8 78.6 74.0 74.9 73.4 75.5 76.8 76.2 70.6 68.4 75.5 76.3 79.7 79.0 78.2 76.5 77.1 76.7 76.5 76.7 75.0 72.4 73.3 73.1 73.7
75.8 70.0 70.2 72.8 79.5 78.5 75.6 73.2 69.8 73.3 71.1 75.2 76.4 80.1 76.8 69.6 72.0 74.3 75.0 75.5 74.7 76.7 78.0 76.7 78.1 75.5 77.3 76.0 75.8 69.2 76.9 76.4 77.9 77.2 74.1 74.8 75.1 74.8 74.6 75.3 77.6 77.8 77.1 73.7 75.4 76.1 75.4 71.7 74.1 77.9 76.2 78.3 78.7 78.3 77.6 77.2 80.4 77.4 77.4 74.6 71.8 74.7 73.6 72.8 77.7 76.7 76.1 71.0 65.8 74.3 75.7 79.1 79.8 78.9 75.7 77.2 75.0 76.5 76.4 75.8 73.8 76.2 74.1 74.0
76.2 70.1 69.7 74.6 78.3 78.7 75.6 70.5 70.8 72.0 71.9 74.6 78.2 79.8 79.0 72.6 70.9 73.8 75.8 76.1 76.0 77.2 75.4 76.0 75.4 76.2 79.0 76.7 75.0 70.3 74.9 76.4 79.2 77.1 75.5 75.0 75.7 74.0 75.1 74.9 78.0 77.3 76.7 73.4 75.0 75.6 74.3 72.7 74.9 77.8 76.9 80.4 78.0 78.7 80.3 79.3 77.1 77.0 76.8 75.3 75.2 74.6 74.1 73.5 76.2 76.0 75.7 74.2 66.3 75.6 74.6 78.5 80.2 78.8 75.8 76.9 76.7 75.4 75.9 74.5 75.9 76.0 73.6 75.0
75.3 71.1 73.7 75.5 78.7 77.8 77.7 68.4 72.4 72.4 74.0 74.2 77.9 79.5 78.8 74.1 69.2 72.5 75.1 72.8 74.5 76.3 76.9 75.7 77.9 77.0 77.5 77.3 77.2 71.2 71.3 76.5 78.3 77.5 76.0 74.4 73.7 73.8 75.4 75.3 77.2 77.2 78.0 73.2 71.8 75.1 76.2 73.2 73.7 77.4 76.5 77.3 77.6 78.0 77.9 77.7 76.0 75.1 75.0 74.3 75.8 75.2 76.8 73.3 76.0 76.3 79.1 76.4 69.2 76.1 77.6 78.1 79.6 79.1 76.9 75.9 75.6 75.8 77.5 75.0 73.5 75.0 77.8 75.5
73.1 71.8 75.9 77.2 79.8 76.6 74.7 68.9 71.0 74.1 72.8 74.8 76.3 79.1 77.9 74.9 70.6 69.8 72.0 75.5 79.5 77.1 75.4 77.0 76.3 77.8 76.6 77.4 77.9 74.1 71.7 76.1 75.5 78.2 75.8 74.9 74.7 72.7 76.9 75.5 78.2 76.5 74.8 74.5 77.1 74.8 75.8 72.5 75.3 76.1 77.1 78.2 77.7 79.1 78.4 74.1 73.5 72.4 77.0 75.5 75.3 75.9 75.9 73.4 74.5 76.5 78.8 77.3 67.8 76.0 72.4 77.5 78.9 79.6 77.4 76.7 75.7 75.7 75.4 75.6 75.9 75.7 80.8 74.4
70.5 73.7 78.1 76.9 77.0 77.0 75.6 69.8 74.3 73.7 74.7 76.3 78.4 78.6 77.7 75.8 73.2 67.9 75.0 75.0 75.1 76.9 76.7 76.2 76.3 78.6 78.9 77.2 76.5 75.9 70.2 76.7 76.8 78.2 76.5 75.9 75.4 73.8 75.0 75.6 76.1 76.4 77.3 74.0 74.6 74.8 75.3 72.8 71.4 77.0 77.5 77.2 77.8 79.9 79.4 69.1 67.6 68.6 70.0 75.3 74.4 76.3 76.7 74.3 74.6 75.3 79.0 77.6 68.3 75.0 70.6 76.8 81.7 79.4 78.3 76.2 76.2 75.8 76.1 75.8 80.4 76.0 74.4 71.5
72.6 75.5 79.4 76.9 77.6 77.2 72.8 70.6 74.0 72.6 74.0 76.1 78.6 78.6 78.0 76.7 73.9 66.8 75.8 74.6 73.4 77.8 75.6 75.5 75.9 75.7 77.3 76.6 77.9 75.9 69.9 76.4 73.5 77.7 75.8 76.0 73.9 75.0 75.3 75.2 76.2 77.9 76.9 75.9 74.9 73.9 74.6 71.3 74.0 77.6 77.4 77.0 77.8 79.9 74.4 68.0 67.4 67.7 70.9 72.1 74.4 74.8 75.9 74.6 75.9 75.1 79.2 78.7 73.4 74.9 75.3 76.7 79.0 78.6 73.8 75.7 76.1 75.1 77.6 76.1 77.6 75.0 74.5 68.8
73.6 76.3 79.5 76.5 78.2 76.5 76.7 72.2 74.7 72.8 74.2 75.4 76.8 78.8 77.0 77.3 74.8 69.2 73.1 74.8 75.9 76.7 75.9 75.5 73.7 75.5 77.4 77.1 77.7 75.2 69.7 75.1 74.0 78.0 79.1 74.4 74.9 76.2 74.3 75.1 77.0 78.9 75.6 75.1 72.7 74.3 73.7 71.7 74.0 76.7 75.2 77.4 82.0 77.7 69.0 67.4 65.9 67.4 68.5 71.0 72.6 73.8 74.5 73.6 76.2 76.1 79.6 76.3 77.4 75.0 72.3 76.1 77.1 78.5 74.6 77.2 75.2 75.1 76.8 77.3 77.7 71.2 71.0 66.0
75.6 78.5 80.4 76.5 77.1 76.5 70.9 74.5 72.6 71.9 74.3 76.4 77.5 78.3 78.9 77.3 74.1 71.6 70.2 75.5 73.3 75.9 76.1 74.3 76.4 75.5 77.2 78.2 75.1 75.4 69.8 73.6 77.7 78.3 79.2 74.9 74.7 73.7 77.2 73.9 75.5 77.4 76.9 74.4 75.0 73.3 74.5 71.9 72.0 77.0 77.6 76.8 77.6 74.4 66.1 66.5 63.7 68.2 69.6 70.6 69.7 72.0 69.7 71.5 73.4 75.4 77.6 76.7 78.0 75.9 73.7 75.3 76.3 78.2 77.1 77.9 73.4 75.4 76.8 82.4 73.7 68.6 66.0 63.1
76.9 79.3 80.2 77.3 75.4 76.4 70.0 75.7 72.6 70.7 73.7 77.9 77.3 76.7 77.9 78.1 76.7 72.6 67.2 76.1 73.5 76.2 75.3 73.6 76.6 76.2 76.7 77.8 76.5 75.2 69.5 72.6 76.9 78.2 77.9 74.3 72.5 72.8 69.2 73.7 75.4 76.8 74.2 74.4 73.7 74.0 76.8 71.7 73.6 76.8 76.8 77.7 77.7 71.9 64.3 68.6 67.1 67.4 70.6 68.8 71.6 72.0 73.5 72.4 74.0 75.4 78.0 76.3 75.0 73.9 73.1 76.4 75.8 76.2 74.6 76.8 72.7 76.5 77.7 74.5 71.6 66.5 65.6 64.8
80.0 78.8 77.6 77.6 77.2 76.0 72.9 74.4 72.4 71.5 75.6 78.4 78.0 77.4 76.9 78.7 75.6 74.6 65.0 75.7 72.5 76.5 73.9 74.8 76.1 75.9 77.2 77.3 74.9 75.1 74.2 71.0 76.4 77.8 78.3 75.9 72.7 74.5 71.5 74.0 74.9 77.0 75.1 74.5 73.9 74.4 74.3 71.1 73.9 75.5 75.6 78.4 76.5 68.3 63.1 69.3 63.1 67.2 68.0 67.3 71.8 71.5 68.4 71.7 73.3 75.9 79.8 76.7 77.2 73.8 70.5 75.8 77.2 76.0 75.6 77.1 76.2 75.6 79.2 72.2 71.8 64.5 63.5 62.7
78.7 78.2 78.3 77.8 76.8 74.3 73.4 74.3 72.9 72.7 75.8 78.3 78.9 76.7 78.6 79.7 75.2 75.6 66.4 73.9 73.8 76.4 75.3 73.1 75.8 75.1 75.3 76.3 75.5 75.3 72.4 68.6 75.6 77.4 77.9 78.1 73.6 74.9 72.8 74.1 75.0 76.9 76.1 75.5 74.7 74.9 75.3 70.7 74.1 73.5 74.2 77.2 75.6 63.2 65.9 70.0 70.3 68.2 66.6 68.9 70.8 70.3 73.4 69.2 73.1 76.1 79.0 77.4 78.8 75.5 74.2 75.0 76.4 77.4 74.1 77.5 74.3 76.4 74.5 69.1 63.0 63.3 62.6 62.6
77.9 80.1 78.7 77.3 78.3 71.9 73.1 73.1 70.6 71.0 75.5 76.5 76.9 76.7 79.3 78.2 78.3 74.6 66.4 72.7 73.7 75.4 76.2 72.4 74.5 74.7 73.5 76.0 76.2 75.5 73.1 68.4 73.8 77.2 77.4 78.5 72.6 74.1 74.7 73.9 75.6 75.9 75.1 75.8 75.0 74.6 75.6 71.0 73.7 72.1 74.4 76.5 73.2 61.4 67.8 68.4 69.9 70.6 69.2 69.1 71.3 71.3 72.2 71.4 73.2 74.5 79.5 76.8 76.4 77.1 70.8 75.0 75.9 77.5 73.2 76.6 74.6 76.0 71.4 65.3 65.0 63.7 63.1 63.7
