morphological_analysis/input_data/surveys/q07_1/matrix_bed_q07_1s9.txt
north:            -537.50
south:           -1267.50
east:             2691.00
west:              -93.00
rows:                 148
cols:                 278
null:              -999.0
[rows 0 to 37 of 148, columns 168 to 251 of 278]
71.2 76.5 68.1 70.0 62.6 63.5 61.3 58.0 61.8 60.9 47.7 58.1 48.3 49.4 62.2 68.3 70.8 55.5 51.0 79.3 -999.0 -999.0 -999.0 -999.0 -999.0 59.9 64.0 64.4 58.7 67.5 65.9 64.8 65.9 64.9 62.1 65.6 56.0 65.6 65.1 67.2 62.5 69.7 61.5 63.9 67.4 69.7 70.1 -999.0 73.3 -999.0 -999.0 -999.0 -999.0 -999.0 58.9 61.4 70.8 64.6 54.1 61.9 72.1 70.3 61.4 61.0 62.4 64.8 57.1 50.9 54.6 56.8 55.5 56.6 56.7 53.0 54.8 53.6 41.2 42.4 38.3 43.7 50.9 45.4 40.1 40.3
70.8 76.2 71.4 70.0 63.6 63.5 61.2 58.9 61.8 60.8 47.5 58.1 48.0 49.4 63.7 68.2 72.9 55.5 50.7 79.3 -999.0 -999.0 -999.0 -999.0 -999.0 59.9 64.7 64.4 61.3 67.2 66.5 65.0 65.9 64.7 61.9 66.5 65.0 65.7 65.6 67.1 65.1 70.3 63.6 63.9 68.1 70.5 71.2 76.4 77.8 -999.0 -999.0 -999.0 -999.0 -999.0 59.3 61.4 70.8 64.6 54.3 61.9 69.8 70.3 59.8 61.1 63.4 65.4 57.0 51.0 54.8 56.7 55.8 57.1 55.7 52.9 54.2 53.5 41.3 42.4 45.0 43.7 53.4 45.0 39.5 39.9
72.8 78.8 72.8 70.1 66.2 62.1 61.6 61.4 59.7 62.2 51.0 58.4 49.6 49.6 65.6 68.3 71.4 59.3 53.6 79.3 -999.0 -999.0 -999.0 -999.0 -999.0 58.6 65.0 64.4 63.2 72.2 66.5 68.9 67.6 67.1 62.3 66.2 66.1 66.3 65.1 67.1 69.5 70.1 65.5 65.8 69.1 72.9 70.3 77.1 78.9 -999.0 -999.0 -999.0 -999.0 -999.0 59.4 60.7 70.7 64.6 53.7 61.9 67.0 70.0 60.3 64.1 58.8 74.2 57.1 53.2 57.0 59.6 54.3 57.0 54.8 54.0 56.7 55.9 42.4 42.7 41.1 47.6 49.6 49.0 40.1 45.3
72.1 77.8 76.1 67.8 66.3 66.2 62.7 63.7 60.3 62.9 52.5 59.4 51.7 51.6 64.3 67.7 70.5 61.8 53.8 79.3 -999.0 -999.0 -999.0 -999.0 -999.0 56.2 63.5 65.6 65.9 72.2 67.9 69.6 65.5 67.4 60.1 70.2 67.7 67.2 64.6 66.6 65.3 73.3 66.8 66.5 69.9 75.9 74.4 76.9 79.8 -999.0 -999.0 -999.0 -999.0 -999.0 59.9 64.2 70.8 63.9 57.0 62.0 69.9 69.7 61.1 64.5 66.3 76.1 64.1 57.3 57.2 59.8 54.0 59.3 58.8 55.4 56.4 56.6 43.7 43.7 42.5 48.4 49.9 50.5 36.9 44.8
71.7 80.0 73.1 68.8 67.4 66.5 65.4 64.3 63.6 65.7 54.8 59.7 55.7 53.3 65.8 65.2 71.4 58.8 52.2 -999.0 -999.0 -999.0 -999.0 -999.0 -999.0 58.8 60.7 66.1 68.9 72.9 67.3 69.1 68.1 67.6 62.8 69.3 68.9 69.8 64.2 66.8 67.5 73.9 70.8 66.2 72.1 78.2 74.3 80.9 80.8 -999.0 -999.0 -999.0 -999.0 -999.0 60.2 65.0 69.4 63.4 58.6 64.8 68.5 70.6 63.0 70.3 68.6 82.2 65.3 60.2 56.0 60.5 56.8 55.8 56.6 57.0 58.7 56.9 48.5 43.5 44.5 48.9 50.8 51.6 38.6 45.4
73.2 81.2 69.5 69.0 69.9 67.2 65.3 65.9 64.3 68.0 57.0 63.1 57.7 54.5 69.7 63.5 71.7 67.5 60.7 75.1 -999.0 -999.0 -999.0 -999.0 -999.0 60.9 65.6 71.1 69.4 72.9 67.3 69.5 68.4 66.0 63.1 70.0 68.3 71.3 63.7 68.3 68.6 77.2 74.5 65.5 70.9 78.1 76.0 81.4 81.4 -999.0 -999.0 -999.0 -999.0 -999.0 60.7 65.7 69.2 62.6 60.3 63.7 67.9 71.0 63.3 78.7 68.1 83.8 79.2 66.4 52.2 61.8 58.9 57.0 59.6 60.3 58.3 57.5 49.6 43.4 45.2 47.8 52.8 56.4 44.2 53.3
74.9 82.4 71.0 68.2 68.1 67.3 68.1 65.8 67.7 70.7 60.6 64.2 57.9 58.5 63.7 61.4 71.6 67.9 59.0 75.4 -999.0 67.9 70.4 74.2 52.5 62.0 63.0 71.3 69.4 72.9 67.5 71.7 69.7 71.0 67.6 75.6 70.6 75.5 66.6 70.8 68.5 81.5 74.6 68.9 70.5 77.2 79.5 82.4 84.3 -999.0 -999.0 -999.0 -999.0 -999.0 61.1 65.0 69.1 64.1 62.6 64.0 75.1 73.8 63.7 78.6 68.6 83.8 83.4 70.3 56.3 61.9 61.1 58.7 58.9 60.0 59.3 57.6 51.2 47.5 51.4 54.3 54.9 53.6 39.5 53.3
77.6 82.1 74.0 68.0 72.3 70.6 68.7 69.5 69.0 70.5 61.7 62.7 58.7 59.7 64.9 -999.0 71.7 -999.0 60.7 73.1 50.4 67.9 68.0 72.8 52.7 60.8 64.4 70.7 69.7 70.2 70.1 74.0 68.9 81.2 78.2 79.7 78.2 78.3 65.1 73.9 75.1 83.8 73.5 74.5 72.0 78.1 81.1 83.2 84.4 -999.0 -999.0 -999.0 -999.0 -999.0 66.8 66.4 65.7 65.5 66.7 65.8 77.8 76.7 68.6 82.6 -999.0 -999.0 82.6 70.6 65.1 63.7 64.1 60.9 58.7 60.1 59.3 59.5 52.0 48.3 54.2 56.0 55.5 53.5 38.6 54.6
79.0 82.1 74.7 68.1 71.8 73.8 69.4 70.5 70.0 70.5 63.8 62.5 58.7 59.7 63.7 -999.0 -999.0 -999.0 -999.0 74.5 50.4 67.3 70.4 71.0 52.0 61.3 65.2 71.1 68.8 72.2 70.2 74.1 79.2 84.0 74.9 85.4 81.1 82.8 83.3 77.9 77.6 -999.0 73.0 80.2 83.6 79.3 79.5 83.8 84.4 -999.0 -999.0 86.8 85.5 82.5 68.9 67.3 67.3 67.8 70.3 71.8 81.2 77.7 71.6 82.9 -999.0 -999.0 83.4 -999.0 74.3 63.9 64.8 59.9 60.2 62.3 68.3 62.1 55.3 51.9 59.4 55.5 58.4 57.3 46.4 56.0
77.8 -999.0 74.4 68.3 72.2 73.9 71.1 70.3 71.5 72.3 67.8 -999.0 58.7 -999.0 -999.0 -999.0 -999.0 -999.0 -999.0 72.8 50.4 61.4 59.0 62.1 55.2 71.5 68.7 69.9 67.7 79.3 70.4 74.1 77.2 -999.0 78.3 85.6 86.1 83.0 78.5 78.1 80.1 -999.0 72.9 80.4 81.3 79.4 79.8 83.8 -999.0 -999.0 -999.0 86.8 85.5 82.8 72.9 68.6 65.4 70.1 72.8 85.2 82.8 77.1 71.7 -999.0 -999.0 -999.0 -999.0 -999.0 74.4 69.2 64.6 59.6 63.9 62.0 64.2 64.7 56.7 53.1 61.0 55.1 59.5 55.3 48.4 56.5
78.0 -999.0 74.5 68.3 72.5 -999.0 70.6 70.3 71.6 72.4 73.6 -999.0 -999.0 -999.0 -999.0 -999.0 -999.0 -999.0 -999.0 -999.0 50.4 61.1 65.4 61.0 77.8 79.1 67.9 69.9 67.7 79.7 70.2 -999.0 79.2 -999.0 -999.0 -999.0 86.2 -999.0 83.3 -999.0 80.3 -999.0 -999.0 -999.0 83.8 -999.0 79.5 83.8 -999.0 -999.0 -999.0 86.8 85.5 82.7 74.7 68.7 79.0 76.8 77.7 85.3 84.5 77.0 -999.0 -999.0 -999.0 -999.0 -999.0 -999.0 75.7 69.5 64.4 63.9 62.0 62.2 63.4 65.6 57.6 54.4 63.6 59.5 60.1 60.1 53.7 58.4
77.8 -999.0 74.4 -999.0 72.5 -999.0 71.5 -999.0 71.6 -999.0 73.6 -999.0 -999.0 -999.0 -999.0 -999.0 -999.0 -999.0 -999.0 -999.0 50.4 61.1 64.2 60.8 73.4 79.5 68.7 -999.0 67.7 -999.0 -999.0 -999.0 -999.0 -999.0 -999.0 -999.0 -999.0 -999.0 -999.0 -999.0 -999.0 -999.0 -999.0 -999.0 -999.0 -999.0 -999.0 -999.0 -999.0 -999.0 -999.0 86.8 85.5 84.4 86.5 -999.0 76.7 81.2 80.8 85.3 85.7 -999.0 -999.0 -999.0 -999.0 -999.0 -999.0 -999.0 -999.0 -999.0 64.4 76.8 63.6 64.1 62.5 67.5 58.6 56.2 65.5 61.6 67.7 58.0 53.7 60.0
-999.0 -999.0 -999.0 -999.0 72.5 -999.0 -999.0 -999.0 -999.0 -999.0 73.6 -999.0 -999.0 -999.0 -999.0 -999.0 -999.0 -999.0 -999.0 -999.0 -999.0 -999.0 65.4 -999.0 77.9 -999.0 -999.0 -999.0 -999.0 -999.0 -999.0 -999.0 -999.0 -999.0 -999.0 -999.0 -999.0 -999.0 -999.0 -999.0 -999.0 -999.0 -999.0 -999.0 -999.0 -999.0 -999.0 -999.0 -999.0 -999.0 -999.0 86.8 85.5 84.5 84.1 -999.0 79.2 83.3 85.4 -999.0 86.0 -999.0 -999.0 -999.0 -999.0 -999.0 -999.0 -999.0 -999.0 -999.0 64.4 77.9 66.0 64.2 69.1 69.7 61.9 61.3 62.2 61.1 65.9 60.7 54.6 59.6
-999.0 -999.0 -999.0 -999.0 -999.0 -999.0 -999.0 -999.0 -999.0 -999.0 -999.0 -999.0 -999.0 -999.0 -999.0 -999.0 -999.0 -999.0 -999.0 -999.0 -999.0 -999.0 -999.0 -999.0 -999.0 -999.0 -999.0 -999.0 -999.0 -999.0 -999.0 -999.0 -999.0 -999.0 -999.0 -999.0 -999.0 -999.0 -999.0 -999.0 -999.0 -999.0 -999.0 -999.0 -999.0 -999.0 -999.0 -999.0 -999.0 -999.0 -999.0 -999.0 85.5 -999.0 86.5 -999.0 -999.0 -999.0 85.4 -999.0 -999.0 -999.0 -999.0 -999.0 -999.0 -999.0 -999.0 -999.0 -999.0 -999.0 -999.0 -999.0 66.1 -999.0 71.0 69.8 66.4 61.5 62.9 61.1 65.5 60.1 55.6 59.8
72.1 76.2 -999.0 -999.0 77.4 -999.0 75.9 -999.0 -999.0 72.4 -999.0 -999.0 -999.0 73.4 -999.0 -999.0 75.4 72.7 -999.0 75.2 -999.0 -999.0 -999.0 -999.0 -999.0 -999.0 -999.0 -999.0 -999.0 -999.0 -999.0 -999.0 -999.0 -999.0 -999.0 -999.0 -999.0 -999.0 -999.0 -999.0 -999.0 -999.0 -999.0 -999.0 -999.0 -999.0 -999.0 -999.0 -999.0 -999.0 -999.0 -999.0 -999.0 -999.0 -999.0 -999.0 -999.0 -999.0 85.4 -999.0 -999.0 -999.0 -999.0 -999.0 -999.0 -999.0 -999.0 -999.0 -999.0 -999.0 -999.0 -999.0 66.1 -999.0 71.5 -999.0 73.1 -999.0 62.2 -999.0 65.3 60.1 55.4 59.6
72.1 76.2 76.1 -999.0 77.5 73.9 75.9 76.3 -999.0 72.4 71.9 73.7 -999.0 73.4 73.1 72.1 75.1 72.7 -999.0 75.2 79.7 -999.0 74.0 72.3 -999.0 -999.0 -999.0 -999.0 -999.0 -999.0 -999.0 -999.0 -999.0 -999.0 -999.0 -999.0 -999.0 62.3 -999.0 -999.0 -999.0 -999.0 -999.0 -999.0 -999.0 -999.0 -999.0 -999.0 -999.0 -999.0 -999.0 -999.0 -999.0 -999.0 -999.0 -999.0 -999.0 -999.0 -999.0 -999.0 -999.0 -999.0 -999.0 -999.0 -999.0 -999.0 -999.0 -999.0 -999.0 -999.0 -999.0 -999.0 -999.0 -999.0 -999.0 -999.0 73.6 -999.0 -999.0 -999.0 65.3 -999.0 55.6 -999.0
72.1 76.2 76.1 75.8 77.4 74.5 75.9 76.8 74.6 72.4 71.8 73.7 72.8 73.4 73.1 72.1 75.4 72.7 73.6 75.0 77.9 74.2 74.0 72.3 70.8 72.4 74.1 73.3 67.2 67.6 51.9 49.1 47.5 38.8 -999.0 -999.0 -999.0 62.3 -999.0 -999.0 -999.0 -999.0 -999.0 -999.0 -999.0 -999.0 -999.0 62.8 63.9 53.9 54.2 83.4 -999.0 77.3 -999.0 46.8 -999.0 -999.0 -999.0 -999.0 -999.0 50.3 -999.0 -999.0 -999.0 -999.0 -999.0 -999.0 -999.0 -999.0 -999.0 -999.0 -999.0 -999.0 -999.0 -999.0 -999.0 -999.0 -999.0 -999.0 -999.0 -999.0 -999.0 -999.0
72.6 76.7 75.8 75.9 78.0 74.7 76.0 77.3 74.6 73.4 71.9 73.8 72.9 73.6 73.1 72.1 74.0 73.7 73.6 73.9 79.6 74.2 74.0 72.4 71.0 72.6 74.3 73.2 67.2 67.4 51.9 50.6 47.5 39.5 47.5 57.2 60.1 62.3 66.1 75.6 78.3 -999.0 -999.0 65.4 67.0 72.5 66.0 62.8 64.1 54.5 54.2 76.7 55.7 73.8 54.0 46.8 -999.0 45.1 45.2 -999.0 -999.0 50.3 -999.0 -999.0 -999.0 59.3 -999.0 -999.0 -999.0 -999.0 -999.0 -999.0 -999.0 -999.0 -999.0 -999.0 -999.0 -999.0 -999.0 -999.0 -999.0 -999.0 -999.0 -999.0
71.2 77.0 75.0 76.6 76.3 77.6 76.2 78.4 74.6 73.8 71.5 74.0 72.4 73.7 73.3 72.5 75.0 75.1 72.8 73.6 71.8 74.3 74.2 74.1 70.6 73.4 73.6 72.7 67.2 67.4 51.9 52.4 47.5 39.3 47.9 56.6 60.1 62.5 66.1 74.6 76.3 66.1 65.4 65.4 66.2 71.7 65.8 63.6 63.9 54.7 54.2 78.7 56.0 73.7 54.6 46.6 48.3 45.1 44.2 47.2 49.5 50.3 -999.0 -999.0 59.3 59.3 -999.0 -999.0 -999.0 80.3 71.2 68.2 73.2 82.1 -999.0 -999.0 -999.0 67.8 -999.0 -999.0 -999.0 -999.0 -999.0 -999.0
76.3 76.0 77.6 77.4 78.7 77.2 76.8 78.5 74.2 74.5 73.8 74.4 72.5 73.5 73.4 72.6 76.1 74.3 68.4 73.5 76.0 75.7 72.1 74.5 72.7 74.9 74.8 73.2 67.9 65.8 51.6 56.4 47.6 44.6 47.5 55.7 60.1 63.0 66.1 74.3 78.3 65.8 65.4 65.4 67.0 71.9 66.0 67.2 64.9 58.4 55.6 59.5 55.9 56.0 50.7 44.5 48.1 45.1 45.2 47.5 49.5 50.3 49.3 -999.0 59.0 59.3 -999.0 65.3 73.2 79.6 71.5 69.0 73.3 80.1 70.9 69.1 69.0 67.8 -999.0 62.1 65.5 66.0 62.9 57.8
72.5 74.0 77.0 77.2 78.7 79.1 77.8 78.3 74.3 74.7 73.9 75.8 75.4 71.8 72.1 72.1 75.4 73.9 74.5 73.5 76.2 76.0 74.8 73.9 73.9 74.6 74.4 74.5 71.0 64.9 59.5 58.5 48.9 46.3 49.3 55.4 60.4 63.0 64.4 68.4 68.2 65.9 65.1 65.2 63.2 65.7 65.3 63.8 64.3 61.8 56.7 58.8 57.8 56.7 53.8 43.9 48.0 45.1 40.7 47.5 49.5 50.3 49.3 -999.0 59.3 60.0 62.4 65.2 73.2 79.8 71.2 69.3 73.2 79.5 71.1 69.4 69.2 67.8 -999.0 62.4 65.5 66.0 62.9 58.4
72.5 74.9 76.5 77.8 79.4 79.8 77.5 78.7 76.9 75.9 74.3 76.7 73.4 71.1 72.3 75.3 74.6 72.5 73.0 74.8 74.6 77.2 74.3 74.1 72.8 71.1 73.4 75.2 71.2 60.0 62.0 60.0 52.4 46.8 49.9 58.1 57.3 63.1 65.5 67.1 64.3 65.6 63.9 65.1 63.1 65.7 65.0 61.1 64.7 62.7 58.9 59.7 57.7 61.7 54.8 47.8 46.2 42.1 47.4 48.9 49.0 50.8 49.3 -999.0 57.7 60.4 62.6 65.2 73.1 72.6 72.6 73.2 73.7 71.7 70.4 70.6 69.0 69.5 -999.0 62.7 65.5 66.1 62.9 58.5
71.7 76.0 78.1 79.9 80.1 79.8 79.8 79.5 76.7 76.8 72.4 73.6 71.3 69.7 73.5 75.7 75.8 73.2 76.5 74.3 74.9 76.6 72.9 74.3 73.7 73.1 75.3 76.4 72.2 59.5 59.2 68.6 56.2 49.8 51.7 60.3 63.6 63.2 63.7 68.1 67.6 66.2 66.4 63.4 64.7 64.5 64.5 64.4 65.0 63.2 61.1 61.4 59.7 62.2 56.2 48.9 47.3 40.6 44.9 47.7 49.7 50.7 51.3 55.6 59.1 60.1 61.6 64.8 68.8 69.4 72.2 72.4 73.0 74.6 70.6 73.1 70.0 70.3 70.3 66.6 68.2 68.1 63.8 61.7
74.4 77.0 77.7 79.2 80.4 78.1 80.3 79.8 79.6 73.5 74.1 75.7 71.9 72.9 74.0 75.9 72.7 75.8 74.6 74.5 74.1 75.6 72.8 74.5 73.3 74.0 74.7 77.1 73.2 60.4 56.8 67.9 54.4 51.2 54.1 62.9 63.8 65.8 65.0 68.8 69.0 65.9 65.8 65.2 64.9 64.0 65.0 62.9 62.8 62.6 63.7 63.2 59.2 62.4 58.2 48.5 45.8 46.1 52.6 50.9 51.7 52.4 53.0 55.6 57.7 57.2 62.5 66.1 67.6 67.7 71.8 73.0 74.6 74.3 72.6 74.2 72.3 72.1 69.7 68.5 69.4 68.6 64.2 65.0
73.7 78.2 77.0 78.6 81.3 80.1 79.4 78.8 78.6 75.5 78.0 75.2 73.4 74.2 74.3 75.6 76.0 74.9 75.0 74.3 75.0 75.2 71.3 72.2 71.3 74.6 75.2 75.3 73.8 60.5 61.9 67.0 53.0 52.9 60.5 63.9 63.5 66.5 65.8 69.0 71.5 65.1 65.7 64.7 65.5 63.5 61.8 60.7 60.6 61.9 62.0 62.1 58.8 60.5 57.9 49.5 48.2 47.0 42.3 51.2 51.6 53.4 52.3 55.7 57.6 60.5 62.7 65.2 66.5 71.6 71.9 73.2 73.9 73.8 73.2 75.2 74.3 74.7 72.7 74.7 69.4 72.6 68.4 65.9
74.9 80.6 76.4 79.6 78.7 80.1 78.9 80.4 77.7 76.3 75.7 74.2 73.7 73.4 74.2 74.6 75.6 74.3 76.2 73.8 75.2 76.1 80.8 72.3 74.2 74.3 75.6 74.6 73.8 60.2 65.2 66.6 55.3 54.7 63.7 64.8 67.6 66.6 63.6 68.4 70.4 65.2 65.7 63.9 63.8 61.6 61.0 59.1 60.1 61.1 63.3 62.8 62.9 59.8 55.6 50.8 49.8 47.7 52.0 52.9 54.2 50.0 51.7 56.6 57.6 61.1 60.8 64.4 65.8 69.6 71.9 71.9 73.4 76.9 75.6 76.2 74.3 75.9 73.5 75.0 70.7 73.0 69.9 69.7
78.2 78.9 79.3 80.1 79.3 78.6 78.9 76.5 77.8 76.1 76.7 74.3 74.5 73.0 73.4 74.7 75.6 75.2 76.4 74.6 75.3 77.7 72.5 72.3 73.6 74.5 75.2 75.4 73.7 61.9 66.3 66.0 56.4 57.3 63.5 65.7 66.1 66.8 66.9 68.6 67.1 65.6 64.7 64.0 62.4 60.8 55.8 56.6 58.5 60.7 63.8 64.0 62.0 60.3 56.1 51.5 54.8 51.6 50.2 53.8 53.7 52.6 50.9 56.7 58.9 59.0 61.3 63.0 65.5 68.0 69.9 71.6 75.6 76.2 77.5 75.1 80.2 77.4 77.6 74.7 72.1 73.2 71.5 73.7
76.3 78.4 79.3 79.4 80.1 78.9 76.2 77.9 77.8 77.8 79.0 76.2 76.7 74.7 72.5 75.2 74.0 76.3 76.8 75.2 76.3 74.9 73.3 71.4 73.1 76.3 74.9 75.4 72.4 63.5 66.3 66.2 61.5 58.6 65.8 66.1 65.2 66.6 67.3 69.0 66.5 65.5 63.9 66.2 62.7 61.2 57.2 58.2 59.4 61.2 63.8 65.7 61.9 60.1 57.0 58.7 56.0 55.1 53.6 54.9 53.2 55.4 52.3 57.1 59.9 59.4 61.3 61.8 65.5 66.6 68.9 71.5 72.9 75.8 72.4 75.3 75.8 77.8 73.7 74.8 75.4 73.4 72.7 74.2
79.2 77.3 79.8 79.4 81.1 79.2 73.0 79.8 76.8 78.4 73.0 77.5 76.0 76.2 75.5 76.3 76.8 75.3 74.9 75.9 74.4 72.9 70.9 70.8 71.9 75.7 75.4 75.3 70.0 63.5 65.5 66.7 61.1 60.3 63.6 64.9 63.8 64.7 66.9 69.2 66.2 65.1 64.2 63.4 54.8 63.8 56.2 58.0 61.3 63.2 63.3 66.0 64.3 60.9 60.0 61.3 57.2 58.5 57.3 57.3 56.0 54.5 56.0 60.4 57.4 58.0 62.0 63.3 63.2 66.3 68.5 71.7 71.7 75.0 74.6 75.5 75.4 77.4 76.0 75.7 75.0 76.7 74.9 74.6
77.5 76.6 79.7 77.4 79.0 80.6 75.5 77.6 79.0 78.3 74.5 77.2 74.7 76.6 77.2 76.6 75.2 73.3 73.4 76.7 74.0 74.3 71.9 70.3 71.5 75.4 75.5 75.3 69.4 63.5 64.8 66.8 61.9 62.3 66.3 68.3 66.4 65.4 65.8 69.1 69.5 66.2 61.9 62.1 55.3 62.3 54.6 57.9 63.3 64.4 64.8 65.8 64.5 64.1 63.1 65.0 63.3 60.3 62.8 59.6 55.5 54.3 59.1 61.6 61.3 55.7 65.5 65.3 63.6 61.5 66.9 70.7 71.9 75.0 76.5 74.0 74.5 74.9 77.4 76.7 78.1 72.9 73.6 72.7
77.6 74.5 79.8 78.5 80.4 79.7 78.5 76.4 78.5 77.9 73.2 76.5 81.8 76.3 76.5 74.0 74.3 72.0 72.5 72.9 72.1 71.4 72.3 71.8 69.9 74.7 76.0 74.2 68.4 -999.0 64.9 67.0 64.3 62.7 63.4 68.5 65.8 65.8 66.0 65.3 67.0 66.8 65.2 61.8 57.6 56.5 56.6 57.2 64.8 66.7 64.5 67.3 66.2 63.5 71.8 68.6 67.5 67.9 63.8 62.6 57.8 55.5 59.0 60.1 61.7 59.8 60.4 64.0 65.8 64.5 69.2 70.2 70.9 74.4 74.3 73.2 74.4 76.8 77.0 76.4 77.9 74.4 75.2 75.3
77.6 74.0 78.2 79.3 79.4 76.0 78.5 76.6 77.4 74.7 77.6 78.8 75.7 77.0 75.2 74.5 74.3 70.8 70.5 70.8 71.1 70.1 73.3 72.6 71.9 73.6 73.1 72.7 69.6 62.6 64.4 67.4 65.9 61.9 69.1 69.4 67.5 66.4 64.6 64.8 65.7 64.9 63.7 60.0 52.3 59.1 56.4 57.5 64.8 67.4 65.8 68.9 65.6 63.3 68.3 69.4 70.7 70.8 63.7 65.8 55.6 57.0 61.4 60.9 63.9 61.8 62.3 62.3 65.7 70.3 67.8 69.1 70.4 74.1 71.1 72.5 73.2 76.5 77.2 75.4 75.3 72.2 76.3 76.3
74.7 74.6 78.3 78.3 80.8 75.8 78.3 76.7 79.0 77.1 77.4 76.9 79.7 76.4 73.9 74.1 74.4 69.7 69.7 71.6 69.2 68.0 72.3 71.2 75.2 72.1 72.6 72.3 68.2 61.8 66.7 68.5 69.0 68.5 66.5 70.8 66.1 68.8 64.5 63.6 65.6 65.7 61.7 59.8 49.8 58.1 56.8 61.3 61.8 66.5 66.4 67.6 65.9 67.5 65.6 72.5 73.3 71.6 66.7 66.9 68.3 58.5 61.2 62.3 65.0 63.3 62.7 63.7 65.1 66.9 66.5 68.9 70.1 71.8 71.7 73.4 75.8 75.9 77.5 75.2 74.5 73.3 77.5 76.9
74.8 74.9 77.6 78.6 74.6 79.3 80.7 77.2 78.1 77.8 79.4 76.9 76.7 74.0 74.8 71.9 71.3 69.3 67.6 71.7 72.1 68.0 71.3 69.3 74.1 70.2 70.7 68.9 67.3 61.5 66.1 71.3 71.3 71.5 70.1 72.9 70.3 68.9 66.8 63.1 68.2 65.9 61.2 59.7 51.3 59.2 60.5 60.9 68.1 66.2 72.1 67.1 65.3 68.5 67.5 72.5 69.1 70.3 68.1 69.8 69.9 64.9 65.9 64.0 65.8 65.6 63.2 64.1 66.7 66.2 66.1 68.7 68.8 71.3 73.1 73.8 76.8 75.0 76.6 74.9 77.1 73.9 77.9 75.0
75.2 75.0 75.4 79.0 77.9 78.8 79.4 78.9 78.1 78.1 77.6 79.5 78.7 72.2 73.1 70.0 71.8 69.3 67.7 67.4 70.8 67.8 70.8 70.0 71.2 70.3 71.4 67.8 64.2 58.6 66.7 68.5 73.4 72.8 69.9 73.7 73.0 69.4 68.0 63.9 66.4 65.3 62.4 59.0 52.6 61.2 60.9 65.5 67.5 69.1 72.3 67.3 65.3 69.9 65.2 72.4 69.5 70.7 70.6 71.2 71.4 68.5 66.5 65.6 66.7 67.6 63.1 64.3 65.0 66.7 64.9 68.1 70.0 70.7 74.8 74.0 76.3 75.8 75.6 74.9 75.6 76.6 75.5 73.6
73.0 74.8 76.3 80.1 80.2 77.7 79.0 77.4 77.1 78.2 75.2 78.7 77.7 73.7 71.6 68.8 71.4 72.9 69.8 67.4 67.7 67.4 67.1 69.0 69.8 70.7 69.8 67.5 66.0 64.9 66.4 68.1 73.9 73.1 71.1 74.6 73.2 69.5 67.2 64.7 68.2 64.7 62.0 60.8 59.7 65.6 63.6 67.1 64.5 71.5 71.5 65.9 65.0 70.3 65.0 70.1 70.5 71.1 72.0 71.7 74.1 70.4 72.5 67.5 69.6 67.6 66.5 63.8 66.5 69.4 67.8 68.2 70.2 70.7 69.8 73.2 72.3 75.2 74.5 75.7 75.1 76.5 76.3 71.3
73.9 74.6 76.0 80.8 81.1 79.0 77.0 76.8 78.6 79.2 76.5 77.2 75.8 75.0 71.0 71.7 74.4 74.6 70.4 69.0 68.0 67.4 68.5 68.4 72.6 71.3 68.0 67.1 67.2 62.4 66.5 67.7 73.7 73.5 70.3 76.0 72.6 69.8 67.5 68.5 62.9 65.9 61.4 64.1 60.9 67.3 68.9 67.6 69.4 72.7 71.1 66.1 64.4 68.5 64.7 69.8 70.0 69.1 69.6 73.0 74.9 71.2 66.3 67.6 68.6 70.1 65.7 66.0 67.3 69.1 66.4 69.8 68.9 72.2 73.2 72.7 69.3 74.3 75.9 77.3 75.8 74.0 75.6 76.1
71.2 75.2 76.9 77.7 77.5 78.8 77.2 78.0 78.6 77.3 77.0 76.7 73.4 72.3 73.2 72.6 73.0 75.3 71.6 70.1 69.2 69.2 69.7 68.3 70.8 71.3 68.5 64.1 64.0 61.8 70.5 66.6 72.7 73.6 73.1 73.5 74.4 69.5 66.6 65.7 65.8 65.8 64.8 64.9 63.4 70.9 70.3 68.6 68.8 73.0 71.6 67.0 69.2 68.6 65.0 69.4 71.3 69.2 73.5 74.3 75.9 74.4 68.7 71.3 71.4 70.9 65.9 68.4 63.8 69.1 66.9 69.9 69.2 71.5 69.4 72.6 71.4 73.6 78.3 75.7 77.4 74.0 73.7 77.1
