morphological_analysis/input_data/surveys/q07_1/matrix_q07_1s0.txt
north:            -537.50
south:           -1267.50
east:             2691.00
west:              -93.00
rows:                 148
cols:                 278
null:              -999.0
[rows 0 to 37 of 148, columns 84 to 167 of 278]
47.2 50.3 56.5 54.7 54.4 55.1 58.6 58.5 63.6 56.9 47.8 49.3 55.7 57.4 54.0 61.3 56.3 51.0 46.7 56.4 57.5 55.3 48.8 56.2 53.2 50.0 51.9 59.3 62.6 63.6 64.9 50.4 58.3 71.9 62.4 69.5 66.0 74.9 73.3 71.3 67.7 70.1 64.3 65.9 63.0 62.4 50.2 51.7 60.5 66.0 71.7 67.8 63.6 66.8 64.0 62.0 66.3 58.7 66.7 74.3 61.6 69.7 69.5 66.2 70.5 74.2 82.3 74.1 76.6 74.8 62.7 52.8 51.8 54.7 67.3 66.8 79.0 83.4 84.7 78.6 62.3 66.9 70.0 70.2
47.2 51.5 53.5 55.7 54.6 55.2 60.3 58.5 63.6 57.2 47.7 49.1 54.7 57.4 53.5 61.0 56.0 51.3 47.9 56.3 57.2 55.2 49.0 55.6 52.3 50.0 53.8 59.6 62.7 63.6 65.0 51.8 57.2 72.3 62.5 68.5 66.3 74.5 74.5 72.4 68.4 70.0 63.6 66.6 62.9 62.5 50.1 51.7 60.7 66.2 68.1 66.8 63.6 66.9 63.9 62.0 67.3 58.6 67.0 74.1 61.2 71.6 69.7 66.3 69.4 74.1 82.7 74.0 76.0 75.0 62.4 53.4 52.8 54.8 68.1 66.9 77.8 83.5 86.3 78.6 62.0 67.2 69.6 70.2
48.8 62.1 70.4 64.0 53.8 55.7 61.2 59.0 65.1 55.1 48.2 51.9 56.8 57.0 55.3 60.1 58.2 52.1 51.6 59.1 59.7 56.9 50.5 62.5 57.3 50.0 55.0 61.7 64.0 63.9 66.5 52.6 58.8 72.2 63.9 66.7 68.7 74.5 78.4 70.6 71.7 74.8 67.1 69.3 64.3 63.2 50.5 49.6 59.7 66.1 70.3 67.7 65.8 66.2 66.3 63.0 67.8 61.1 69.7 76.8 65.5 74.1 72.3 66.3 71.0 73.7 78.6 77.6 78.5 75.4 64.0 55.7 50.3 55.4 66.5 68.4 80.7 84.7 86.4 79.7 65.5 74.0 69.8 70.2
58.3 86.0 112.3 109.6 65.2 57.4 59.1 60.2 67.0 61.0 48.6 52.8 58.5 57.1 55.2 60.4 59.1 55.4 53.0 60.5 62.8 57.7 50.7 62.8 56.3 52.5 56.3 65.5 67.0 67.3 69.3 53.5 60.0 75.4 66.4 69.2 72.9 72.9 78.3 72.2 71.4 78.1 69.4 72.5 68.6 64.5 50.0 50.2 60.4 66.8 68.9 69.9 68.6 70.7 66.8 64.4 70.1 63.6 70.2 77.9 70.1 78.0 74.7 69.5 72.5 73.7 84.4 79.3 79.3 76.4 64.1 55.9 49.2 57.5 68.5 70.2 81.1 85.3 86.0 79.7 67.3 71.4 70.4 68.9
100.5 119.3 118.1 118.1 118.7 75.4 54.8 64.6 68.0 64.3 55.1 54.2 59.8 57.7 55.4 61.3 59.9 61.2 56.8 59.3 65.8 61.1 53.0 65.6 59.4 55.6 57.9 68.2 69.8 67.4 70.9 56.4 64.0 75.1 72.2 72.6 71.4 76.2 78.7 77.7 77.5 80.4 73.7 74.4 69.7 66.3 52.2 50.8 61.2 67.9 72.0 75.2 62.3 84.1 69.8 62.7 74.8 70.3 72.5 79.4 69.6 80.3 75.9 71.2 72.5 74.1 84.8 82.1 82.4 77.1 58.9 55.5 48.2 58.3 69.6 71.5 82.7 85.7 86.6 82.0 69.9 71.7 71.4 68.3
114.6 119.1 120.5 120.5 118.6 110.5 59.2 65.2 69.7 66.9 52.5 57.3 59.5 58.8 57.3 60.9 61.3 63.5 59.8 60.1 65.9 63.5 49.9 66.6 62.3 57.7 59.1 69.7 73.4 67.5 73.2 58.1 66.3 75.3 72.7 73.8 73.8 74.2 78.8 76.3 77.3 83.0 75.9 77.0 70.3 67.8 54.6 51.8 60.3 71.0 120.1 117.7 115.7 115.5 74.3 65.1 72.7 71.8 78.7 80.8 72.5 81.4 76.8 74.3 74.4 74.7 85.7 83.6 81.1 78.6 63.5 54.8 47.4 59.1 68.2 71.7 81.6 86.2 87.4 84.5 73.8 72.9 72.2 72.8
118.0 119.4 118.2 119.9 119.0 120.0 106.2 70.5 68.8 65.9 56.3 59.0 63.2 60.1 55.2 60.9 63.8 66.6 62.5 63.2 65.9 64.5 60.5 68.6 65.1 59.3 62.8 70.7 74.4 70.4 76.4 61.4 64.1 78.0 74.9 75.9 76.0 76.4 76.7 76.5 80.9 83.5 80.4 76.6 71.7 70.3 62.0 54.1 59.2 107.7 120.1 119.8 119.0 119.0 104.1 64.6 76.0 73.3 79.9 81.7 75.5 83.0 78.3 78.6 72.5 74.1 88.5 89.1 85.8 78.8 62.1 53.2 49.6 59.9 68.5 72.3 84.0 87.4 88.5 86.2 73.6 73.3 72.5 73.4
122.2 119.5 120.9 118.7 117.9 121.5 115.7 99.9 66.8 70.7 58.8 61.6 66.5 62.5 52.3 61.9 65.0 94.5 63.4 67.1 65.8 65.0 56.6 72.6 68.4 62.2 64.9 75.1 77.8 71.7 77.8 64.4 66.5 78.1 76.3 78.1 75.7 72.3 77.6 80.6 81.5 82.6 79.8 79.5 74.2 70.9 61.9 71.4 104.9 116.4 120.3 119.3 120.4 119.5 111.6 83.9 75.3 77.2 84.5 82.8 74.8 84.4 78.7 81.1 78.4 74.1 89.2 87.6 85.7 78.9 60.9 50.8 48.8 59.2 66.8 74.5 85.8 87.4 90.3 89.5 77.5 73.6 73.4 75.9
121.4 119.4 121.0 117.9 121.3 124.0 119.9 117.6 112.9 100.7 92.7 85.5 62.4 108.9 58.4 67.4 63.1 112.5 61.7 87.2 68.8 76.4 60.7 77.1 72.0 70.3 66.0 80.2 79.7 75.4 78.6 68.7 69.4 81.2 82.6 79.3 75.5 77.6 76.2 82.3 83.2 84.9 80.1 83.3 78.9 76.2 61.6 101.5 115.3 121.7 120.3 119.2 120.7 119.8 119.3 97.1 75.6 80.3 86.2 85.1 78.6 84.5 79.4 84.6 78.1 74.9 89.8 93.5 91.2 79.7 62.5 51.5 48.8 61.1 66.5 76.9 85.8 88.6 92.4 90.8 81.9 75.5 75.6 78.6
122.7 119.9 119.4 120.4 120.3 125.2 124.0 122.9 113.6 121.0 115.2 119.0 122.6 116.8 107.7 116.2 120.2 119.7 118.0 118.7 117.0 112.0 102.5 113.9 114.5 108.9 108.7 101.5 106.8 87.4 107.8 83.5 101.8 85.5 92.8 101.7 98.2 81.8 94.9 93.5 103.2 91.5 87.3 86.4 93.6 101.1 90.9 117.3 126.9 121.8 120.8 119.5 121.2 120.7 122.4 111.9 91.2 93.2 84.6 100.1 81.2 101.6 82.3 102.6 77.3 77.4 90.7 100.6 86.6 83.5 66.6 66.6 49.0 62.4 67.8 106.2 86.8 92.9 93.0 101.7 82.6 79.3 77.6 81.6
123.3 120.3 121.5 120.1 119.8 123.0 124.5 124.8 123.2 124.6 123.8 121.5 119.8 120.6 121.2 120.7 120.6 120.8 123.3 122.4 121.5 121.4 116.3 120.8 121.4 121.6 121.7 121.1 122.6 117.5 120.9 120.1 120.9 118.6 117.0 118.7 120.2 119.5 118.9 119.8 121.2 119.7 119.4 119.5 119.9 119.7 120.9 122.2 124.2 122.5 121.5 120.2 121.0 120.7 125.4 122.5 99.5 119.0 122.1 118.4 84.7 116.6 120.2 118.3 119.7 116.4 116.6 116.2 112.8 112.7 104.8 109.5 114.3 111.0 114.0 114.4 115.4 105.1 113.3 103.6 111.3 93.9 109.3 95.1
122.2 120.8 122.1 121.2 119.6 125.2 124.8 125.9 126.0 122.6 122.1 120.9 119.1 121.5 122.7 121.6 120.9 122.0 122.0 123.4 123.1 121.8 127.6 123.0 124.9 123.0 122.0 125.7 123.1 121.6 123.1 121.9 118.6 121.0 122.2 120.1 120.5 122.1 120.5 120.7 120.5 120.9 120.7 122.4 121.5 122.2 121.6 125.0 125.3 121.2 120.3 120.5 122.1 119.0 125.3 124.8 122.0 122.2 121.0 120.9 119.8 120.5 120.3 120.7 118.6 121.3 118.8 120.2 118.8 120.6 121.5 118.4 120.4 121.3 120.0 120.8 122.5 116.6 119.5 118.0 114.6 116.6 115.4 119.9
123.2 121.8 121.4 121.0 118.2 121.6 124.0 125.6 126.5 122.6 122.6 121.4 122.6 121.5 122.6 121.1 122.4 122.6 120.9 121.8 123.7 123.3 123.9 122.0 122.6 123.9 123.0 124.2 123.1 121.5 123.3 122.3 120.8 120.6 120.4 119.6 120.5 122.1 121.5 119.5 123.9 122.3 121.5 122.5 123.9 121.9 123.0 123.2 124.8 124.7 120.4 121.3 122.0 120.6 126.9 125.9 123.6 122.2 121.7 121.4 119.9 116.0 121.0 121.9 120.1 119.8 119.7 120.0 119.3 122.2 124.6 118.1 119.8 120.2 119.3 120.7 123.5 121.2 122.0 121.2 118.3 119.8 118.0 120.0
122.1 118.6 121.0 118.5 115.7 121.6 122.7 120.6 125.0 121.1 120.4 120.0 122.6 119.9 121.9 120.1 121.5 121.6 119.5 121.9 120.2 122.4 123.2 122.6 126.3 123.3 123.5 124.0 123.4 122.3 123.4 123.1 120.9 120.3 120.8 121.6 120.3 121.9 120.3 120.0 121.2 121.6 121.9 121.6 122.7 122.6 124.3 125.2 125.0 125.9 121.9 120.7 121.3 121.0 125.5 126.0 123.9 122.3 121.8 122.7 121.1 120.3 121.0 120.6 119.0 123.0 121.5 120.0 119.2 120.8 113.7 120.9 120.5 120.9 120.6 119.8 122.3 120.6 126.2 121.7 119.6 121.6 121.5 121.4
109.9 106.4 102.7 109.8 87.5 107.2 120.9 109.0 122.6 117.2 116.6 105.1 123.0 99.8 122.0 115.5 116.1 114.9 120.6 115.1 121.6 118.6 122.9 121.7 122.0 119.7 126.9 123.1 123.4 119.6 121.9 119.1 121.2 117.9 122.0 121.7 120.7 117.2 121.4 119.5 122.3 120.6 122.3 119.8 122.7 121.4 122.4 122.6 124.1 120.2 120.7 117.7 118.7 118.5 124.6 121.6 124.2 121.0 120.6 120.7 121.3 119.8 121.5 119.1 120.6 124.0 119.9 117.2 120.1 119.8 116.4 119.3 120.2 120.1 118.9 121.9 123.3 118.5 121.6 119.1 119.6 121.4 118.4 117.7
66.3 65.8 63.4 69.7 67.1 73.0 68.7 73.0 71.2 91.6 70.2 69.4 70.2 69.2 70.6 83.9 68.2 79.4 66.3 76.9 80.9 105.4 112.9 111.7 118.4 95.1 119.8 117.4 120.3 75.8 117.4 104.5 103.4 83.9 88.3 109.0 97.2 93.7 102.3 103.8 110.6 113.8 116.7 98.0 117.5 111.5 120.6 96.4 116.0 56.5 119.4 101.5 118.4 101.2 119.2 89.3 119.3 112.8 123.3 108.9 115.0 111.5 120.4 104.1 121.1 100.6 116.6 111.6 117.8 102.0 119.5 114.3 115.5 114.2 120.2 121.2 121.0 113.6 117.5 105.5 115.4 110.9 117.2 114.5
65.7 64.2 63.4 67.9 65.9 68.7 70.9 69.3 71.7 70.7 78.5 68.1 69.7 68.5 69.1 70.0 66.3 65.9 62.3 66.4 62.6 64.9 62.5 64.7 62.4 66.7 74.4 97.4 59.5 65.3 81.9 62.4 91.0 69.0 65.2 67.3 62.9 66.8 62.5 65.8 59.5 59.6 56.8 50.2 41.2 46.9 45.7 50.5 51.4 58.3 57.6 61.5 58.6 63.7 60.1 61.7 64.7 64.2 64.4 67.0 66.7 67.8 70.4 72.9 72.4 77.5 73.3 75.4 75.2 78.1 72.9 82.0 72.1 91.3 73.7 99.7 103.4 79.1 71.3 71.7 72.1 73.9 71.8 87.1
63.6 65.3 63.2 67.5 65.6 68.7 68.4 69.5 70.7 67.6 67.5 67.5 69.0 68.6 67.8 68.2 67.4 64.7 62.7 60.9 60.2 59.8 61.5 59.1 57.6 58.4 59.8 61.0 62.4 60.7 59.5 60.5 78.9 62.6 62.7 63.2 63.6 64.0 63.8 62.0 59.2 57.7 46.5 44.7 43.9 42.4 40.7 47.7 52.9 52.2 55.8 59.5 60.9 58.1 54.9 59.9 59.5 60.7 60.8 64.2 62.7 66.1 65.9 70.9 69.3 72.9 71.8 73.1 75.4 76.5 74.2 73.5 73.6 76.7 71.2 72.6 69.7 74.2 68.1 71.8 70.8 71.7 72.0 73.8
63.7 65.7 65.8 65.7 64.9 66.8 69.0 67.8 68.4 66.4 68.7 66.4 64.2 68.6 69.8 67.7 64.9 64.0 62.0 61.0 59.2 58.3 58.9 59.3 58.1 57.5 62.1 59.1 60.0 61.2 60.2 61.2 61.8 61.8 65.2 62.8 61.0 63.0 64.1 60.3 58.1 55.4 51.2 45.6 45.5 41.4 42.2 42.2 49.5 52.9 57.5 59.1 57.8 57.5 57.9 59.0 58.6 60.8 60.5 62.8 65.2 64.8 66.9 69.6 71.0 72.9 73.3 70.8 72.5 75.9 74.4 72.8 75.2 71.5 76.7 73.6 65.0 72.7 68.5 71.7 71.3 70.8 71.7 73.6
60.9 64.8 63.0 65.3 65.6 65.3 68.4 66.1 67.9 67.4 66.9 68.9 68.4 69.0 64.4 66.9 66.1 65.3 61.8 62.3 61.5 59.6 58.9 60.1 59.2 57.4 60.2 58.9 60.5 61.5 60.3 61.6 61.5 64.1 63.8 63.4 62.4 64.0 62.4 60.1 57.8 57.1 50.4 47.5 49.0 42.5 44.5 45.2 50.2 52.5 55.0 59.4 57.4 57.0 59.2 59.0 59.6 59.6 60.8 62.7 63.1 67.8 64.1 67.0 71.1 71.8 72.9 72.9 72.7 74.5 76.2 75.3 76.1 73.8 74.7 73.9 60.9 71.7 69.2 71.1 71.3 72.2 71.4 73.9
61.9 60.8 62.9 68.1 66.8 63.4 67.0 65.8 66.3 67.5 67.2 67.1 68.0 67.7 67.3 65.8 65.4 64.6 60.8 60.4 60.2 59.5 58.4 59.3 59.3 59.1 58.8 59.9 59.8 60.5 61.2 62.8 61.7 65.8 62.9 63.6 64.1 64.8 63.4 61.6 56.5 53.3 49.8 50.9 44.9 44.4 45.1 48.3 52.5 52.1 54.7 58.0 56.6 57.1 59.1 60.3 60.8 59.9 61.7 62.9 61.0 67.1 63.9 64.8 67.1 70.5 73.2 75.1 74.0 73.5 75.7 76.6 74.9 78.5 75.7 73.8 62.1 71.0 70.3 70.9 71.0 73.0 71.1 73.8
61.6 64.1 61.6 66.7 68.8 65.5 66.4 64.8 66.8 66.9 67.6 65.5 67.6 67.6 67.8 66.6 63.9 62.7 60.8 58.8 59.0 59.1 58.6 60.3 56.5 59.0 60.8 59.1 58.8 60.6 59.7 61.9 61.4 64.0 65.2 64.7 64.8 64.0 62.8 59.8 56.1 51.9 50.0 52.9 43.7 45.7 46.6 50.9 54.0 51.9 55.1 58.2 59.5 58.0 56.4 60.7 59.9 61.0 61.8 62.8 64.4 64.4 63.1 63.8 64.4 68.8 70.3 73.7 76.9 74.6 76.1 76.9 76.2 79.9 75.5 73.9 63.6 70.1 71.5 71.6 72.2 73.2 70.7 73.7
62.9 64.1 65.9 66.4 68.6 66.2 66.5 63.7 65.7 66.4 67.4 66.0 67.0 67.9 67.4 65.7 61.8 64.2 60.9 61.0 60.9 60.0 60.2 60.4 58.5 59.5 61.0 59.1 64.5 60.3 60.8 67.0 62.3 62.4 62.0 65.9 63.8 61.8 61.5 57.7 53.7 52.1 53.0 54.6 45.9 43.6 49.9 50.4 54.3 53.3 55.9 56.1 58.8 57.4 55.6 64.4 62.6 61.0 63.5 61.6 65.3 63.1 62.4 64.6 65.9 67.1 68.8 72.4 75.0 75.8 74.9 75.8 76.7 76.7 75.7 74.4 67.4 73.2 72.0 74.9 73.7 73.5 74.0 73.6
64.5 63.3 65.8 66.4 65.8 66.5 65.4 64.5 63.7 65.9 67.7 67.5 67.3 66.4 66.8 66.8 63.2 63.8 61.9 61.4 60.3 60.1 58.3 60.1 59.2 61.0 63.9 59.9 57.6 61.3 62.3 61.9 62.6 64.6 62.5 65.0 62.4 62.2 60.2 55.4 50.9 49.9 53.9 58.4 47.9 50.9 52.1 53.3 52.2 53.2 57.1 58.4 59.6 58.6 55.4 60.3 62.1 60.9 61.4 63.4 61.7 63.7 64.5 66.9 65.4 66.0 68.8 72.6 71.4 75.5 76.6 77.2 79.7 74.9 76.0 74.8 74.8 73.3 72.2 74.8 76.1 75.3 76.2 74.6
64.0 63.9 66.9 66.2 67.3 67.2 65.6 64.0 64.6 65.0 66.9 65.4 67.8 65.1 67.5 67.1 65.7 64.0 63.0 61.9 60.7 58.5 59.5 60.6 61.7 60.4 62.4 61.7 59.6 61.9 60.5 61.4 64.1 63.5 64.3 62.7 60.7 62.8 60.3 55.6 52.0 48.2 50.9 61.9 54.3 53.2 57.9 54.3 57.1 58.6 58.2 58.9 57.8 59.2 -999.0 59.4 61.1 60.6 62.7 65.4 64.2 64.2 65.5 66.6 65.3 67.1 67.3 70.6 73.5 74.8 76.1 78.4 78.3 79.2 77.4 76.9 76.3 75.1 75.9 76.7 76.9 76.5 76.0 76.8
64.0 64.2 65.8 63.2 68.3 66.4 67.0 62.4 65.3 65.1 65.7 65.7 69.2 66.7 66.1 65.7 66.4 64.6 62.4 61.9 59.2 60.4 63.1 62.1 64.5 62.7 63.9 63.0 64.6 61.2 65.3 63.3 69.5 62.3 63.5 61.4 61.2 62.7 58.1 53.9 51.9 51.6 56.0 64.2 56.1 59.3 57.5 57.2 57.0 60.5 56.0 60.0 61.1 59.8 59.1 59.4 58.9 59.4 60.3 61.9 64.1 63.5 65.3 65.8 64.9 68.8 69.8 68.8 71.5 74.2 76.9 76.3 76.3 78.6 76.0 75.8 75.9 77.1 76.9 78.1 80.3 77.0 80.1 76.9
64.9 66.7 64.8 65.3 67.4 66.9 67.4 66.3 66.5 67.4 66.5 66.8 68.1 66.2 67.4 64.6 71.1 64.8 65.0 62.5 61.1 63.7 64.9 64.7 67.1 66.6 65.9 63.2 64.4 66.8 65.5 65.7 69.6 63.0 60.5 60.5 56.1 60.0 59.2 54.0 53.9 53.7 59.1 63.4 54.4 62.6 59.4 60.9 62.1 61.6 61.9 59.4 60.5 59.4 59.1 58.7 58.7 58.4 62.5 60.7 62.3 63.2 65.5 64.2 65.9 68.1 69.3 69.8 72.7 74.9 78.0 80.5 79.9 78.3 77.7 76.4 78.7 77.4 77.9 78.3 78.5 77.1 78.2 77.3
70.3 67.5 68.9 67.2 67.2 68.2 68.5 67.1 68.9 67.8 65.6 67.2 68.4 66.4 68.9 68.1 66.7 65.0 63.2 63.4 64.4 67.6 66.0 66.7 66.3 66.6 64.2 63.6 63.8 64.6 65.2 65.5 63.1 60.7 58.3 56.6 57.4 59.3 56.4 54.6 54.7 54.8 59.2 62.0 64.5 64.6 63.4 62.9 64.6 61.8 61.0 62.1 59.7 59.1 59.1 56.8 58.1 57.2 60.4 60.7 61.9 63.3 64.8 64.2 65.5 67.9 68.3 69.9 71.8 73.5 77.6 78.1 78.9 79.5 78.4 77.5 76.8 78.5 79.5 78.3 79.6 79.7 76.3 79.3
70.4 67.0 68.9 68.3 69.0 70.1 68.8 67.8 67.2 67.6 66.6 67.5 66.9 67.9 68.6 70.7 69.5 65.1 61.1 65.4 68.6 68.1 67.8 66.4 64.9 62.9 62.8 63.9 63.4 63.4 65.9 64.7 66.4 57.4 57.0 54.8 53.6 57.8 54.6 54.8 58.8 59.2 63.0 63.6 68.1 65.4 63.3 64.7 65.2 61.9 61.9 60.1 57.5 57.9 56.7 56.2 56.7 57.5 59.3 60.7 62.7 61.7 63.6 64.6 63.6 67.5 70.4 68.6 69.8 74.7 78.5 79.8 81.8 80.2 75.4 78.3 75.2 80.4 80.9 78.4 78.5 78.0 77.1 81.0
69.0 69.4 69.9 67.0 70.2 70.2 69.8 67.9 67.7 67.9 67.2 67.5 68.3 68.5 69.9 68.8 68.8 67.7 64.7 68.1 68.6 68.6 68.2 65.3 61.7 63.1 63.9 60.3 64.1 64.5 63.0 64.3 63.8 54.7 54.6 55.1 53.3 58.3 57.4 58.7 59.4 60.1 67.3 64.2 70.3 65.0 69.2 63.1 63.7 61.8 62.1 61.0 62.6 56.9 54.7 55.6 56.1 58.6 58.6 59.7 60.8 61.3 58.8 64.6 65.3 66.5 68.0 69.4 68.9 75.4 79.2 79.1 81.9 79.5 81.0 79.1 76.5 82.2 80.5 78.2 76.8 79.2 77.9 78.5
70.0 68.1 70.9 66.7 70.2 69.5 71.0 69.1 70.1 69.9 69.2 70.2 66.0 69.0 69.0 69.8 66.7 65.5 63.5 68.4 69.2 69.0 66.1 63.7 62.0 64.1 64.1 61.8 63.2 65.4 66.0 64.2 62.6 57.1 57.7 55.2 54.5 59.9 59.8 61.6 64.4 68.6 67.8 65.9 73.4 65.6 69.8 63.9 63.0 60.5 59.5 60.1 58.9 58.0 54.8 54.4 52.7 57.3 60.0 60.5 60.9 61.5 68.2 62.5 66.2 67.9 69.6 69.7 69.4 75.5 76.4 78.7 82.2 80.7 76.9 79.1 77.1 82.2 82.4 78.3 81.1 79.2 81.4 79.2
70.8 69.9 64.3 68.3 68.7 71.2 71.6 71.2 70.9 71.6 74.1 70.1 71.1 69.7 71.8 71.0 66.1 64.5 66.8 69.3 70.9 68.1 64.9 66.1 65.1 62.9 64.5 62.9 66.3 68.3 69.3 66.8 60.6 54.0 55.3 56.6 56.1 62.3 63.5 64.2 68.1 70.9 68.9 65.5 74.6 66.3 65.0 63.4 62.4 60.5 61.3 60.5 59.9 58.0 55.9 54.9 57.8 57.7 58.4 61.7 62.1 63.6 61.4 64.1 63.5 68.1 67.8 69.2 69.2 73.9 79.0 78.5 81.9 80.7 85.0 79.8 77.8 81.1 82.6 81.2 81.3 79.7 80.3 80.0
72.2 69.7 70.1 69.5 70.7 71.0 70.6 73.2 72.6 73.7 71.6 69.9 71.8 72.6 73.6 71.9 64.7 65.2 70.8 71.3 69.1 67.4 67.0 68.0 65.4 65.0 68.9 67.8 70.6 71.4 71.9 69.6 60.1 55.0 57.3 58.1 59.6 63.1 64.4 66.3 67.4 70.4 68.1 65.4 75.4 67.0 69.6 63.6 63.4 61.7 61.4 60.9 59.3 60.3 56.1 57.0 56.5 60.1 60.0 61.3 62.0 62.6 65.1 63.8 65.4 67.3 65.6 67.6 69.0 71.5 76.0 76.0 78.9 80.2 78.0 77.5 78.8 76.6 82.4 80.3 79.2 79.2 77.5 79.2
71.4 69.0 70.7 69.5 72.2 71.2 71.9 72.4 74.6 73.1 73.5 70.0 71.9 76.1 75.4 69.0 62.4 66.3 71.8 72.2 70.4 66.4 66.5 68.8 69.5 67.0 71.5 71.3 74.9 73.2 71.7 68.9 61.5 56.8 57.1 62.1 63.5 64.3 64.8 68.6 69.4 66.9 70.1 64.7 75.9 70.2 71.0 66.6 62.6 63.0 62.9 61.4 61.9 59.6 58.1 58.5 59.7 59.9 60.6 60.2 64.3 63.0 64.9 64.0 63.3 66.3 65.6 63.3 68.9 71.0 76.9 77.2 80.3 79.3 80.8 79.6 78.6 77.8 80.4 82.3 75.8 79.1 77.7 78.7
71.7 72.0 71.9 69.2 68.3 74.8 71.4 72.0 72.8 73.1 74.5 74.2 74.7 75.0 76.1 66.2 64.4 67.1 69.7 71.2 71.1 66.3 66.2 69.1 70.1 69.6 73.1 73.3 72.8 72.9 74.8 67.8 61.0 60.0 57.7 60.9 63.0 67.4 68.0 70.1 71.9 66.7 69.4 63.5 75.9 69.9 68.4 69.6 66.5 65.9 64.8 64.0 63.0 62.4 61.6 60.6 62.5 61.3 63.2 63.4 64.3 64.3 65.8 65.0 65.0 64.8 64.6 67.0 68.5 70.3 74.9 77.5 82.5 81.1 81.6 80.2 79.2 78.4 81.2 81.0 78.1 77.5 78.8 81.5
71.9 73.6 73.5 72.2 71.9 71.4 71.9 71.7 73.4 75.4 73.2 76.2 75.1 74.8 72.4 64.9 65.9 68.9 69.6 73.4 73.0 67.3 66.0 69.8 71.1 71.8 73.4 74.6 75.2 73.1 75.2 65.8 60.7 60.4 60.4 63.5 69.3 67.7 67.7 69.1 71.8 72.8 70.7 66.1 75.5 69.6 70.6 70.8 72.2 67.8 64.2 65.5 64.2 65.9 63.6 63.0 66.7 63.8 62.3 64.3 62.9 64.4 63.0 65.4 65.1 66.5 65.4 66.5 67.8 69.3 72.4 76.7 81.8 81.3 80.3 80.8 79.9 78.4 83.9 82.2 77.6 80.8 78.1 82.7
75.3 75.5 77.2 74.7 71.4 72.0 73.7 70.7 74.7 76.5 76.7 78.3 74.3 73.6 68.8 64.1 66.9 69.2 68.6 72.8 70.6 64.0 68.3 68.0 71.5 71.5 74.6 74.6 75.4 74.8 74.6 65.2 61.0 60.7 60.1 64.8 65.7 67.5 67.8 70.2 71.9 71.1 69.9 67.1 76.4 70.7 70.0 70.1 69.2 68.0 66.0 67.5 67.6 68.1 66.2 63.8 67.2 65.2 64.0 65.4 63.8 65.7 66.3 65.9 64.9 66.9 66.1 66.6 70.6 68.7 71.6 76.2 78.6 81.0 80.4 79.4 78.5 78.0 79.5 81.3 78.4 81.6 77.0 79.6
75.8 79.0 78.1 76.4 78.1 74.3 73.3 73.5 73.7 78.5 77.8 74.8 73.4 72.9 67.3 64.0 66.0 69.7 73.0 72.4 66.9 63.9 68.5 68.0 72.4 76.2 73.1 73.5 74.5 76.3 75.1 64.5 61.8 61.7 63.2 65.2 68.9 68.1 68.5 70.8 74.1 73.0 69.8 66.9 76.5 70.8 70.6 70.5 65.8 68.0 68.0 69.2 69.2 68.3 69.6 66.9 67.4 67.0 64.9 65.0 64.5 65.3 65.7 66.5 65.4 66.7 65.9 66.3 67.9 69.9 70.6 75.7 76.9 81.5 80.2 79.5 79.1 77.6 77.6 80.5 77.9 78.7 79.7 77.9
